0 0.5515625 0.396875 0.04921875 0.071875
0 0.6140625 0.2703125 0.02734375 0.03359375
0 0.740625 0.3328125 0.04375 0.046875
0 0.40234375 0.36328125 0.0421875 0.0609375
0 0.415625 0.39609375 0.046875 0.0640625
0 0.4578125 0.3625 0.0390625 0.05390625
0 0.3421875 0.36328125 0.03984375 0.05703125
0 0.5640625 0.2359375 0.01953125 0.0265625
0 0.371875 0.27578125 0.0234375 0.034375
0 0.35078125 0.3921875 0.04375 0.07109375
0 0.38046875 0.303125 0.028125 0.04140625
0 0.38828125 0.32265625 0.03046875 0.04140625
0 0.4140625 0.28828125 0.028125 0.0375
0 0.3421875 0.3375 0.034375 0.04609375
0 0.44375 0.334375 0.03515625 0.046875
0 0.3921875 0.3453125 0.03671875 0.04453125
0 0.49453125 0.2015625 0.015625 0.021875
0 0.4484375 0.16796875 0.0140625 0.01640625
0 0.5140625 0.21328125 0.03359375 0.025
0 0.48125 0.18125 0.01328125 0.01796875
0 0.4328125 0.1578125 0.015625 0.01796875
0 0.7859375 0.303125 0.0640625 0.071875
2 0.86875 0.34140625 0.12421875 0.11640625
2 0.7859375 0.303125 0.0640625 0.071875
2 0.53984375 0.18828125 0.028125 0.04453125
3 0.4828125 0.38671875 0.0484375 0.08203125
1 0.3453125 0.31640625 0.01484375 0.034375
