0 0.56015625 0.40390625 0.05234375 0.0734375
0 0.63125 0.27890625 0.0296875 0.03359375
0 0.415625 0.39609375 0.04765625 0.065625
0 0.40234375 0.3640625 0.04296875 0.0609375
0 0.425 0.30625 0.0296875 0.0390625
0 0.37265625 0.27734375 0.025 0.03359375
0 0.4578125 0.3625 0.0390625 0.05390625
0 0.34296875 0.3640625 0.040625 0.05703125
0 0.38125 0.303125 0.028125 0.04296875
0 0.56015625 0.23515625 0.021875 0.0265625
0 0.3515625 0.39453125 0.0453125 0.071875
0 0.38828125 0.3234375 0.03046875 0.04296875
0 0.3421875 0.33828125 0.034375 0.04609375
0 0.49765625 0.1921875 0.01484375 0.02109375
0 0.44453125 0.33671875 0.034375 0.046875
0 0.3921875 0.3453125 0.0359375 0.04296875
0 0.9953125 0.48828125 0.00859375 0.075
0 0.471875 0.17890625 0.0140625 0.01796875
0 0.45859375 0.18359375 0.0140625 0.021875
2 0.8 0.30859375 0.0375 0.0609375
0 0.4515625 0.1703125 0.01484375 0.01796875
2 0.534375 0.1828125 0.02734375 0.04296875
2 0.759375 0.303125 0.09453125 0.09609375
3 0.4828125 0.38671875 0.0484375 0.08203125
1 0.3453125 0.31640625 0.01484375 0.034375
