0 0.44140625 0.33203125 0.03515625 0.046875
0 0.415625 0.39609375 0.046875 0.0640625
0 0.6109375 0.284375 0.03203125 0.040625
0 0.403125 0.36328125 0.0421875 0.0609375
0 0.45859375 0.3625 0.03984375 0.053125
0 0.38125 0.303125 0.02890625 0.04453125
0 0.596875 0.25703125 0.02734375 0.03046875
0 0.371875 0.271875 0.0234375 0.0359375
0 0.34296875 0.36328125 0.03984375 0.05703125
0 0.96640625 0.45 0.06640625 0.096875
0 0.66484375 0.30234375 0.03359375 0.0390625
0 0.35078125 0.3921875 0.04375 0.07109375
0 0.4375 0.2671875 0.0234375 0.034375
0 0.38828125 0.3234375 0.03125 0.04453125
0 0.5296875 0.2328125 0.01953125 0.025
0 0.78203125 0.35078125 0.0421875 0.0515625
0 0.3421875 0.3375 0.03359375 0.04453125
0 0.459375 0.18203125 0.0140625 0.02109375
0 0.3921875 0.3453125 0.0359375 0.04453125
0 0.5375 0.2171875 0.0171875 0.025
0 0.36640625 0.23515625 0.02109375 0.03046875
0 0.4828125 0.18359375 0.015625 0.01796875
0 0.440625 0.1609375 0.01484375 0.01640625
0 0.7859375 0.30234375 0.065625 0.06640625
2 0.7859375 0.30234375 0.065625 0.06640625
2 0.659375 0.25625 0.0640625 0.06796875
3 0.4828125 0.3859375 0.0484375 0.08046875
3 0.3671875 0.23359375 0.02109375 0.034375
1 0.33984375 0.30234375 0.0125 0.0390625
