0 0.78671875 0.37265625 0.059375 0.0625
0 0.43203125 0.3171875 0.034375 0.04453125
0 0.91328125 0.428125 0.07421875 0.07890625
0 0.415625 0.39609375 0.04765625 0.0640625
0 0.71328125 0.31875 0.03828125 0.04453125
0 0.403125 0.36328125 0.04296875 0.059375
0 0.45625 0.3578125 0.040625 0.053125
0 0.340625 0.33203125 0.0328125 0.04140625
0 0.38125 0.303125 0.028125 0.04453125
0 0.3421875 0.36171875 0.03984375 0.05859375
0 0.61015625 0.28671875 0.03125 0.0359375
0 0.35078125 0.3921875 0.04375 0.07109375
0 0.5796875 0.23359375 0.02109375 0.028125
0 0.38828125 0.3234375 0.03125 0.04453125
0 0.6 0.259375 0.02734375 0.03046875
0 0.3671875 0.2515625 0.01953125 0.028125
0 0.4890625 0.1765625 0.0125 0.01796875
0 0.553125 0.24921875 0.0234375 0.028125
0 0.36875 0.2140625 0.0171875 0.025
0 0.3921875 0.3453125 0.0359375 0.04296875
0 0.4078125 0.228125 0.01875 0.02109375
0 0.4328125 0.15390625 0.01328125 0.015625
0 0.459375 0.17734375 0.01484375 0.025
2 0.80625 0.31796875 0.109375 0.10703125
3 0.4828125 0.3859375 0.04921875 0.08203125
1 0.3359375 0.27578125 0.01015625 0.0390625
