0 0.55625 0.40078125 0.05078125 0.071875
0 0.4171875 0.29453125 0.028125 0.0359375
0 0.40234375 0.36328125 0.04296875 0.0609375
0 0.415625 0.39609375 0.046875 0.0640625
0 0.371875 0.2765625 0.02421875 0.034375
0 0.6984375 0.3140625 0.0390625 0.04453125
0 0.34296875 0.36328125 0.03984375 0.05703125
0 0.45859375 0.36171875 0.0390625 0.05390625
0 0.38046875 0.303125 0.028125 0.04140625
0 0.35078125 0.3921875 0.04375 0.07109375
0 0.38828125 0.32265625 0.0296875 0.04140625
0 0.59453125 0.25703125 0.02578125 0.03046875
0 0.34140625 0.3375 0.03515625 0.04609375
0 0.44453125 0.33671875 0.034375 0.0484375
0 0.5515625 0.228125 0.01796875 0.0265625
0 0.3921875 0.3453125 0.03671875 0.04453125
0 0.47265625 0.1765625 0.015625 0.01796875
0 0.45625 0.16015625 0.01796875 0.01640625
0 0.459375 0.1828125 0.015625 0.02109375
0 0.4265625 0.15390625 0.015625 0.01796875
0 0.7765625 0.3015625 0.05 0.0625
2 0.8265625 0.3265625 0.11875 0.1109375
2 0.5375 0.1859375 0.02890625 0.04453125
2 0.7765625 0.3015625 0.05 0.0625
3 0.4828125 0.3859375 0.0484375 0.08203125
1 0.34453125 0.31640625 0.01484375 0.034375
