0 0.834375 0.40078125 0.06796875 0.059375
0 0.74375 0.33359375 0.04453125 0.046875
0 0.59921875 0.27890625 0.028125 0.03203125
0 0.415625 0.39609375 0.04765625 0.0640625
0 0.403125 0.36328125 0.04296875 0.0609375
0 0.3375 0.3109375 0.02890625 0.04296875
0 0.38125 0.303125 0.028125 0.04296875
0 0.4421875 0.3375 0.03671875 0.046875
0 0.41875 0.29609375 0.0296875 0.0375
0 0.665625 0.2875 0.03046875 0.0359375
0 0.684375 0.32890625 0.0421875 0.04296875
0 0.584375 0.2515625 0.0234375 0.0265625
0 0.34296875 0.36171875 0.040625 0.059375
0 0.35078125 0.3921875 0.04375 0.07109375
0 0.3890625 0.3234375 0.03046875 0.04296875
0 0.53828125 0.20859375 0.01875 0.02109375
0 0.36875 0.2203125 0.01640625 0.0234375
0 0.4875 0.178125 0.01484375 0.01953125
0 0.3921875 0.3453125 0.0359375 0.04296875
0 0.459375 0.18203125 0.0140625 0.01953125
0 0.521875 0.2234375 0.01875 0.03203125
0 0.4984375 0.2 0.015625 0.025
0 0.99453125 0.45625 0.0109375 0.065625
2 0.7859375 0.303125 0.0625 0.06953125
3 0.4828125 0.3859375 0.05 0.08046875
0 0.521875 0.2234375 0.01875 0.03203125
1 0.340625 0.228125 0.009375 0.02890625
0 0.99453125 0.45625 0.0109375 0.065625
0 0.390625 0.18828125 0.0171875 0.025
0 0.36875 0.19375 0.0171875 0.025
