0 0.371875 0.4890625 0.06484375 0.0984375
0 0.5609375 0.4125 0.0609375 0.08046875
0 0.56875 0.2234375 0.01875 0.025
0 0.66875 0.278125 0.0359375 0.04453125
0 0.4703125 0.17578125 0.0125 0.01796875
0 0.515625 0.19140625 0.01640625 0.021875
0 0.51171875 0.215625 0.0328125 0.028125
0 0.4578125 0.184375 0.01328125 0.01796875
0 0.540625 0.38125 0.0453125 0.06640625
0 0.4921875 0.18515625 0.01484375 0.02109375
0 0.7859375 0.303125 0.065625 0.06953125
0 0.4328125 0.153125 0.015625 0.01640625
2 0.51171875 0.3296875 0.0703125 0.12109375
2 0.7859375 0.303125 0.065625 0.06953125
2 0.478125 0.2953125 0.05625 0.096875
2 0.39375 0.22421875 0.02421875 0.053125
2 0.66875 0.278125 0.0359375 0.04453125
3 0.540625 0.38125 0.0453125 0.06640625
3 0.4390625 0.2 0.0203125 0.03203125
3 0.515625 0.19140625 0.0171875 0.02109375
1 0.38125 0.321875 0.01484375 0.046875
