0 0.5453125 0.590625 0.1015625 0.134375
0 0.559375 0.41171875 0.06484375 0.08046875
0 0.790625 0.3484375 0.04921875 0.053125
0 0.37421875 0.47421875 0.07109375 0.13046875
0 0.3484375 0.3734375 0.040625 0.06953125
0 0.5296875 0.3796875 0.04375 0.05703125
0 0.475 0.384375 0.04609375 0.06796875
0 0.51484375 0.4390625 0.0640625 0.07890625
0 0.459375 0.3578125 0.0390625 0.053125
0 0.39765625 0.25625 0.02421875 0.03359375
0 0.50703125 0.35 0.040625 0.05859375
0 0.3734375 0.29453125 0.02578125 0.0375
0 0.4984375 0.18203125 0.01484375 0.01953125
0 0.36875 0.2203125 0.0171875 0.025
0 0.5125 0.19765625 0.0171875 0.01640625
0 0.4390625 0.3296875 0.03359375 0.046875
0 0.45859375 0.18203125 0.01484375 0.01953125
0 0.3453125 0.2125 0.01640625 0.02109375
0 0.4265625 0.153125 0.0125 0.01640625
0 0.4421875 0.159375 0.015625 0.01953125
2 0.41015625 0.34765625 0.065625 0.13203125
2 0.846875 0.325 0.07421875 0.08046875
2 0.7859375 0.3015625 0.065625 0.065625
1 0.584375 0.23359375 0.0125 0.02890625
1 0.378125 0.315625 0.01640625 0.04453125
