0 0.5609375 0.41171875 0.0625 0.08046875
0 0.45703125 0.4546875 0.06171875 0.08359375
0 0.490625 0.40859375 0.0515625 0.07109375
0 0.3484375 0.371875 0.0421875 0.06953125
0 0.39296875 0.23671875 0.01953125 0.0265625
0 0.45 0.346875 0.034375 0.05
0 0.3734375 0.290625 0.0265625 0.0359375
0 0.3578125 0.4203125 0.0546875 0.09453125
0 0.5296875 0.38125 0.04296875 0.059375
0 0.4625 0.365625 0.04140625 0.0609375
0 0.434375 0.32421875 0.03203125 0.04609375
0 0.50703125 0.35 0.03984375 0.05546875
0 0.54765625 0.228125 0.01875 0.0265625
0 0.37265625 0.20859375 0.01640625 0.0234375
0 0.4828125 0.18359375 0.01640625 0.01953125
0 0.3875 0.3078125 0.0359375 0.05390625
0 0.43828125 0.159375 0.01328125 0.01796875
0 0.5234375 0.196875 0.01953125 0.02109375
0 0.459375 0.1828125 0.01484375 0.028125
0 0.4828125 0.196875 0.0171875 0.03203125
2 0.4046875 0.33828125 0.0609375 0.1265625
2 0.7859375 0.303125 0.06484375 0.06953125
2 0.84765625 0.32421875 0.0734375 0.08203125
0 0.4828125 0.196875 0.0171875 0.03203125
0 0.54765625 0.228125 0.01875 0.0265625
1 0.6984375 0.29375 0.02734375 0.046875
