0 0.5484375 0.39375 0.04921875 0.071875
0 0.621875 0.275 0.02890625 0.034375
0 0.759375 0.340625 0.04609375 0.0515625
0 0.4125 0.2859375 0.028125 0.0359375
0 0.415625 0.39609375 0.046875 0.0640625
0 0.40234375 0.36328125 0.04296875 0.0609375
0 0.56953125 0.240625 0.02109375 0.028125
0 0.45859375 0.36171875 0.03828125 0.05546875
0 0.34296875 0.36328125 0.03984375 0.05703125
0 0.35078125 0.3921875 0.04375 0.07109375
0 0.38046875 0.303125 0.02734375 0.04140625
0 0.371875 0.275 0.0234375 0.034375
0 0.38828125 0.32265625 0.0296875 0.04296875
0 0.44375 0.334375 0.03515625 0.0484375
0 0.3421875 0.3375 0.034375 0.046875
0 0.4984375 0.2046875 0.01796875 0.0234375
0 0.3921875 0.3453125 0.03671875 0.04453125
0 0.43359375 0.159375 0.015625 0.01796875
0 0.7859375 0.303125 0.065625 0.06953125
0 0.44921875 0.1703125 0.01328125 0.01796875
0 0.471875 0.184375 0.01328125 0.02109375
2 0.88515625 0.34765625 0.13359375 0.121875
2 0.7859375 0.303125 0.065625 0.06953125
2 0.540625 0.1890625 0.0265625 0.04296875
3 0.4828125 0.3859375 0.0484375 0.08203125
1 0.34296875 0.31640625 0.01796875 0.0359375
