0 0.634375 0.278125 0.028125 0.034375
0 0.40078125 0.2625 0.0234375 0.03203125
0 0.40234375 0.36328125 0.04296875 0.0625
0 0.415625 0.39609375 0.046875 0.0640625
0 0.5140625 0.3578125 0.0421875 0.05859375
0 0.553125 0.246875 0.02421875 0.03203125
0 0.5765625 0.2453125 0.02109375 0.0265625
0 0.4578125 0.36171875 0.0390625 0.05390625
0 0.3421875 0.36328125 0.03984375 0.05703125
0 0.36875 0.2671875 0.021875 0.03359375
0 0.35078125 0.3921875 0.04375 0.07109375
0 0.38125 0.303125 0.02578125 0.04140625
0 0.38828125 0.32265625 0.03046875 0.04296875
0 0.728125 0.32734375 0.04296875 0.04609375
0 0.3421875 0.3375 0.034375 0.046875
0 0.44453125 0.33671875 0.034375 0.0484375
0 0.3921875 0.3453125 0.03671875 0.04453125
0 0.496875 0.2046875 0.0171875 0.021875
0 0.48046875 0.17734375 0.0140625 0.015625
0 0.5015625 0.19140625 0.01640625 0.01796875
0 0.984375 0.44140625 0.02890625 0.0890625
0 0.4421875 0.159375 0.01484375 0.01640625
0 0.5140625 0.21328125 0.02890625 0.0265625
0 0.7859375 0.303125 0.06328125 0.06953125
2 0.7859375 0.303125 0.06328125 0.06953125
2 0.5515625 0.2015625 0.0296875 0.04609375
3 0.4828125 0.38671875 0.04765625 0.08203125
3 0.98203125 0.39453125 0.03515625 0.159375
1 0.34296875 0.31640625 0.01796875 0.0359375
