0 0.8796875 0.3921875 0.06328125 0.0625
0 0.7140625 0.31796875 0.0375 0.04453125
0 0.415625 0.39609375 0.04765625 0.065625
0 0.403125 0.36328125 0.04296875 0.0609375
0 0.55234375 0.2296875 0.01953125 0.028125
0 0.4578125 0.3625 0.0390625 0.053125
0 0.34296875 0.36328125 0.03984375 0.05703125
0 0.35078125 0.3921875 0.04375 0.07109375
0 0.3875 0.32265625 0.03046875 0.04296875
0 0.48203125 0.321875 0.03359375 0.0515625
0 0.496875 0.190625 0.01640625 0.021875
0 0.38515625 0.240625 0.02421875 0.028125
0 0.38046875 0.303125 0.0265625 0.04140625
0 0.3421875 0.33828125 0.034375 0.04609375
0 0.3671875 0.25703125 0.025 0.03203125
0 0.44453125 0.33671875 0.03359375 0.046875
0 0.3921875 0.3453125 0.03671875 0.04453125
0 0.3765625 0.2875 0.02578125 0.034375
0 0.634375 0.29375 0.0359375 0.0484375
0 0.63203125 0.27578125 0.02890625 0.02890625
0 0.525 0.228125 0.0171875 0.0234375
0 0.46328125 0.18359375 0.0203125 0.01953125
0 0.42734375 0.1546875 0.01640625 0.01953125
2 0.7859375 0.303125 0.0640625 0.06796875
2 0.57890625 0.2171875 0.040625 0.05546875
3 0.4828125 0.38828125 0.0484375 0.078125
0 0.634375 0.29375 0.0359375 0.0484375
1 0.3421875 0.31640625 0.01640625 0.040625
