0 0.69609375 0.8125 0.190625 0.25703125
0 0.55 0.4734375 0.075 0.090625
0 0.40390625 0.5421875 0.090625 0.1734375
0 0.4875 0.4 0.05078125 0.07109375
0 0.40234375 0.26796875 0.025 0.034375
0 0.56015625 0.4125 0.0609375 0.08046875
0 0.4671875 0.37109375 0.03984375 0.05859375
0 0.35 0.384375 0.0421875 0.071875
0 0.365625 0.228125 0.0203125 0.028125
0 0.71171875 0.30703125 0.0359375 0.04140625
0 0.5296875 0.38125 0.0421875 0.0609375
0 0.4953125 0.19296875 0.015625 0.02109375
0 0.4875 0.1734375 0.01484375 0.01796875
0 0.50625 0.353125 0.04140625 0.0625
0 0.44140625 0.33828125 0.03671875 0.05390625
0 0.3734375 0.29765625 0.02265625 0.0390625
0 0.34453125 0.2203125 0.0171875 0.0234375
0 0.459375 0.18125 0.01484375 0.02109375
0 0.4359375 0.153125 0.01484375 0.01796875
0 0.38671875 0.31640625 0.03046875 0.0484375
2 0.415625 0.35625 0.07109375 0.140625
2 0.7859375 0.303125 0.06484375 0.06953125
2 0.84765625 0.325 0.07265625 0.08203125
0 0.3890625 0.31953125 0.03515625 0.05234375
1 0.55 0.21171875 0.01484375 0.03046875
