0 0.55625 0.4015625 0.05078125 0.0734375
0 0.690625 0.309375 0.03671875 0.04140625
0 0.590625 0.25546875 0.02578125 0.02890625
0 0.40234375 0.36328125 0.04296875 0.0609375
0 0.415625 0.39609375 0.046875 0.0640625
0 0.371875 0.27734375 0.02421875 0.034375
0 0.45859375 0.36171875 0.0390625 0.05390625
0 0.34296875 0.36328125 0.040625 0.05703125
0 0.38046875 0.303125 0.028125 0.04140625
0 0.35078125 0.3921875 0.04375 0.07109375
0 0.38828125 0.32265625 0.0296875 0.04140625
0 0.54765625 0.225 0.01796875 0.0265625
0 0.41796875 0.29609375 0.0296875 0.0375
0 0.44453125 0.33671875 0.03515625 0.0484375
0 0.3421875 0.3375 0.03515625 0.04609375
0 0.3921875 0.3453125 0.03671875 0.04453125
0 0.459375 0.1828125 0.015625 0.021875
0 0.47109375 0.175 0.015625 0.01953125
0 0.4546875 0.16015625 0.01796875 0.01640625
0 0.4265625 0.15390625 0.015625 0.01640625
0 0.51484375 0.19921875 0.01640625 0.02109375
2 0.7765625 0.3 0.046875 0.059375
2 0.81796875 0.325 0.11640625 0.1109375
2 0.53671875 0.18515625 0.028125 0.04140625
3 0.4828125 0.3859375 0.0484375 0.08203125
1 0.3453125 0.31640625 0.01484375 0.03359375
