0 0.5609375 0.4125 0.059375 0.08203125
0 0.5828125 0.23125 0.025 0.03203125
0 0.846875 0.40234375 0.06484375 0.07578125
0 0.5171875 0.19375 0.01640625 0.02109375
0 0.540625 0.38125 0.0453125 0.06640625
0 0.459375 0.18203125 0.01484375 0.01953125
0 0.4890625 0.17578125 0.01328125 0.01953125
0 0.4515625 0.16015625 0.01171875 0.01640625
3 0.34609375 0.21328125 0.02265625 0.028125
0 0.7859375 0.303125 0.06484375 0.06953125
0 0.365625 0.190625 0.01796875 0.03046875
2 0.7859375 0.303125 0.06484375 0.06953125
2 0.4796875 0.29921875 0.05703125 0.1015625
2 0.5109375 0.3265625 0.07421875 0.12890625
3 0.41015625 0.2765625 0.0265625 0.0640625
3 0.465625 0.159375 0.01796875 0.0265625
0 0.4890625 0.17578125 0.01328125 0.01953125
1 0.46484375 0.48125 0.03359375 0.10234375
