0 0.7296875 0.8546875 0.2078125 0.271875
0 0.4078125 0.5578125 0.09375 0.175
0 0.4890625 0.403125 0.053125 0.071875
0 0.403125 0.26875 0.02578125 0.034375
0 0.35 0.38515625 0.04375 0.07109375
0 0.56015625 0.4109375 0.06171875 0.07890625
0 0.55546875 0.478125 0.07578125 0.09140625
0 0.4703125 0.371875 0.04296875 0.05703125
0 0.365625 0.228125 0.01953125 0.028125
0 0.7078125 0.30546875 0.04453125 0.046875
0 0.5296875 0.38203125 0.04296875 0.0609375
0 0.34453125 0.2203125 0.0171875 0.0234375
0 0.49453125 0.190625 0.015625 0.021875
0 0.48671875 0.17265625 0.015625 0.01953125
0 0.50625 0.353125 0.04140625 0.0625
0 0.37421875 0.29765625 0.0234375 0.0390625
0 0.4421875 0.33984375 0.0390625 0.05390625
0 0.459375 0.18203125 0.01484375 0.02109375
0 0.38671875 0.31640625 0.03046875 0.046875
0 0.4515625 0.16953125 0.015625 0.01953125
0 0.4359375 0.153125 0.01484375 0.01796875
2 0.7859375 0.303125 0.06484375 0.07109375
2 0.4171875 0.3578125 0.071875 0.14140625
2 0.846875 0.325 0.07265625 0.08203125
0 0.3859375 0.3171875 0.028125 0.0484375
1 0.546875 0.215625 0.01328125 0.0375
