0 0.5609375 0.4125 0.06015625 0.08046875
0 0.5890625 0.2359375 0.02578125 0.03359375
0 0.8859375 0.41640625 0.0609375 0.0640625
0 0.490625 0.17734375 0.01328125 0.01953125
0 0.5203125 0.196875 0.0171875 0.02109375
0 0.540625 0.38125 0.04453125 0.06640625
0 0.459375 0.1828125 0.015625 0.01953125
3 0.34609375 0.20703125 0.021875 0.0375
0 0.48671875 0.9640625 0.15234375 0.07109375
0 0.7859375 0.303125 0.06484375 0.06953125
2 0.7859375 0.303125 0.06484375 0.06953125
2 0.5109375 0.3265625 0.07421875 0.12890625
2 0.4796875 0.29921875 0.0578125 0.1
3 0.4078125 0.271875 0.02734375 0.0640625
0 0.490625 0.17734375 0.01328125 0.01953125
3 0.465625 0.159375 0.0171875 0.0234375
0 0.540625 0.38125 0.04453125 0.06640625
1 0.446875 0.453125 0.034375 0.09296875
