0 0.4484375 0.6515625 0.121875 0.23359375
0 0.56015625 0.41171875 0.06328125 0.08046875
0 0.5953125 0.51484375 0.08984375 0.10703125
0 0.503125 0.4203125 0.0578125 0.08046875
0 0.353125 0.396875 0.0453125 0.0734375
0 0.3765625 0.3 0.028125 0.0375
0 0.66484375 0.2796875 0.03125 0.0359375
0 0.3421875 0.225 0.0171875 0.0265625
0 0.36484375 0.23359375 0.01796875 0.02890625
0 0.40625 0.27578125 0.02578125 0.0359375
0 0.50625 0.35 0.040625 0.05859375
0 0.5296875 0.38125 0.04296875 0.059375
0 0.4484375 0.34609375 0.03671875 0.0515625
0 0.478125 0.384375 0.04375 0.0625
0 0.4859375 0.1828125 0.01484375 0.01796875
0 0.39375 0.21328125 0.02421875 0.021875
0 0.478125 0.16875 0.0140625 0.01796875
0 0.45859375 0.18203125 0.01484375 0.02109375
0 0.38671875 0.31875 0.0328125 0.0515625
0 0.44765625 0.16640625 0.015625 0.01796875
2 0.7859375 0.303125 0.065625 0.06953125
2 0.4234375 0.365625 0.07578125 0.14453125
2 0.846875 0.325 0.07265625 0.08203125
