0 0.70078125 0.33125 0.04609375 0.0515625
0 0.403125 0.36328125 0.04296875 0.0609375
0 0.415625 0.39609375 0.046875 0.0640625
0 0.46640625 0.303125 0.0328125 0.04296875
0 0.3421875 0.36328125 0.0390625 0.05703125
0 0.57890625 0.24765625 0.02421875 0.03359375
0 0.35078125 0.3921875 0.04296875 0.07109375
0 0.459375 0.3625 0.03984375 0.05390625
0 0.38125 0.303125 0.02734375 0.04140625
0 0.7734375 0.34609375 0.04453125 0.0515625
0 0.38828125 0.32265625 0.03046875 0.04296875
0 0.98359375 0.440625 0.0328125 0.078125
0 0.37421875 0.28359375 0.02421875 0.0359375
0 0.44375 0.334375 0.03515625 0.046875
0 0.66875 0.296875 0.03125 0.0390625
0 0.34140625 0.3375 0.034375 0.04453125
0 0.54375 0.23984375 0.0234375 0.03203125
0 0.37421875 0.23359375 0.021875 0.0265625
0 0.3671875 0.253125 0.021875 0.03046875
0 0.3921875 0.3453125 0.03671875 0.04453125
0 0.43515625 0.159375 0.015625 0.02109375
0 0.5453125 0.22265625 0.021875 0.0234375
0 0.4984375 0.2078125 0.01484375 0.02109375
0 0.50859375 0.1984375 0.01640625 0.01953125
0 0.459375 0.184375 0.015625 0.0234375
0 0.4640625 0.1703125 0.0125 0.01640625
2 0.784375 0.303125 0.065625 0.06796875
2 0.6 0.228125 0.04609375 0.059375
3 0.4828125 0.38671875 0.0484375 0.08203125
3 0.54375 0.23984375 0.0234375 0.03203125
1 0.340625 0.309375 0.01328125 0.034375
