0 0.6734375 0.30078125 0.03125 0.0375
0 0.4640625 0.3 0.03046875 0.04296875
0 0.403125 0.36328125 0.04296875 0.0609375
0 0.415625 0.39609375 0.046875 0.0640625
0 0.5828125 0.2515625 0.025 0.03203125
0 0.7828125 0.35 0.046875 0.05
0 0.3421875 0.36328125 0.03984375 0.05703125
0 0.38125 0.303125 0.02734375 0.04296875
0 0.35078125 0.3921875 0.04296875 0.07109375
0 0.7125 0.3375 0.046875 0.053125
0 0.459375 0.3625 0.03984375 0.05390625
0 0.37421875 0.28359375 0.0234375 0.0359375
0 0.38828125 0.32265625 0.03046875 0.04296875
0 0.37265625 0.23359375 0.0203125 0.028125
0 0.36640625 0.25234375 0.02109375 0.02890625
0 0.44375 0.334375 0.034375 0.046875
0 0.546875 0.24375 0.025 0.03046875
0 0.5484375 0.22421875 0.01875 0.021875
0 0.34140625 0.3375 0.034375 0.04609375
0 0.3921875 0.3453125 0.03671875 0.04453125
0 0.51015625 0.1921875 0.0140625 0.01796875
0 0.4359375 0.16015625 0.01640625 0.01953125
0 0.459375 0.18359375 0.01484375 0.021875
0 0.99453125 0.45546875 0.01015625 0.06640625
0 0.4984375 0.20859375 0.015625 0.021875
2 0.6046875 0.23046875 0.04296875 0.0609375
2 0.7859375 0.30234375 0.06484375 0.06640625
3 0.4828125 0.38671875 0.0484375 0.08203125
1 0.340625 0.309375 0.0125 0.0359375
0 0.99453125 0.45546875 0.01015625 0.06640625
