0 0.60625 0.2625 0.028125 0.03203125
0 0.440625 0.33125 0.03515625 0.046875
0 0.4328125 0.26171875 0.0234375 0.03359375
0 0.415625 0.39609375 0.04765625 0.0640625
0 0.403125 0.36328125 0.0421875 0.0609375
0 0.371875 0.2703125 0.02265625 0.034375
0 0.6234375 0.290625 0.034375 0.040625
0 0.38125 0.303125 0.02890625 0.04296875
0 0.45859375 0.36171875 0.03984375 0.05390625
0 0.803125 0.36015625 0.0453125 0.0515625
0 0.34296875 0.36328125 0.03984375 0.05546875
0 0.35078125 0.3921875 0.04375 0.07109375
0 0.5359375 0.2359375 0.02109375 0.028125
0 0.38828125 0.3234375 0.03125 0.04453125
0 0.36640625 0.2328125 0.02109375 0.03046875
0 0.6796875 0.3109375 0.03515625 0.04296875
0 0.54140625 0.221875 0.01796875 0.0234375
0 0.3421875 0.3375 0.034375 0.04453125
0 0.3921875 0.3453125 0.0359375 0.04453125
0 0.459375 0.18359375 0.0140625 0.021875
0 0.99375 0.4640625 0.0125 0.09140625
0 0.4421875 0.1609375 0.01484375 0.01796875
0 0.53984375 0.20703125 0.0171875 0.01953125
0 0.45390625 0.1703125 0.015625 0.02109375
0 0.7859375 0.303125 0.06484375 0.06796875
2 0.7859375 0.303125 0.06484375 0.06796875
2 0.6703125 0.2625 0.0671875 0.06953125
3 0.4828125 0.3859375 0.0484375 0.08203125
1 0.33984375 0.3 0.01171875 0.0375
