0 0.534375 0.37890625 0.04453125 0.06640625
0 0.853125 0.38125 0.0609375 0.0609375
0 0.415625 0.39609375 0.046875 0.0640625
0 0.40234375 0.36328125 0.04296875 0.0609375
0 0.596875 0.25625 0.02421875 0.03046875
0 0.3703125 0.271875 0.02265625 0.03359375
0 0.55 0.228125 0.01796875 0.0265625
0 0.4578125 0.36171875 0.03828125 0.05546875
0 0.34296875 0.36328125 0.03984375 0.05703125
0 0.40703125 0.275 0.02421875 0.0359375
0 0.38046875 0.303125 0.0265625 0.04140625
0 0.35078125 0.3921875 0.04375 0.07109375
0 0.38828125 0.32265625 0.03046875 0.04296875
0 0.3921875 0.34609375 0.03671875 0.04453125
0 0.3421875 0.3375 0.034375 0.04609375
0 0.44453125 0.33671875 0.034375 0.0484375
0 0.496875 0.19296875 0.0171875 0.02109375
0 0.6640625 0.296875 0.03359375 0.0375
0 0.4578125 0.18203125 0.0140625 0.02109375
0 0.434375 0.15859375 0.0203125 0.01953125
0 0.46953125 0.17265625 0.01328125 0.01796875
0 0.378125 0.28671875 0.02109375 0.03046875
0 0.7859375 0.303125 0.065625 0.06953125
2 0.94140625 0.371875 0.1171875 0.1375
2 0.7859375 0.303125 0.065625 0.06953125
2 0.5453125 0.19296875 0.02578125 0.0484375
3 0.4828125 0.3859375 0.04765625 0.08203125
1 0.3421875 0.31640625 0.01796875 0.0375
0 0.515625 0.221875 0.01796875 0.025
