0 0.51875 0.5484375 0.08828125 0.11953125
0 0.828125 0.3734375 0.0640625 0.07109375
0 0.3484375 0.371875 0.040625 0.06640625
0 0.471875 0.378125 0.0453125 0.0640625
0 0.5609375 0.41171875 0.0625 0.07890625
0 0.39609375 0.253125 0.021875 0.02890625
0 0.36875 0.459375 0.065625 0.1234375
0 0.45703125 0.35390625 0.0375 0.053125
0 0.50703125 0.428125 0.05859375 0.0734375
0 0.5296875 0.38046875 0.04375 0.05859375
0 0.3734375 0.29375 0.0265625 0.0375
0 0.503125 0.18359375 0.01640625 0.01953125
0 0.50703125 0.35078125 0.040625 0.05703125
0 0.36953125 0.2171875 0.0171875 0.025
0 0.4390625 0.32578125 0.03203125 0.04140625
0 0.459375 0.1828125 0.01484375 0.01953125
0 0.44375 0.1609375 0.015625 0.01796875
0 0.51875 0.2078125 0.0234375 0.0234375
0 0.38671875 0.31015625 0.03828125 0.053125
0 0.34609375 0.21171875 0.015625 0.01953125
0 0.428125 0.15390625 0.01328125 0.01640625
2 0.4078125 0.3453125 0.065625 0.13046875
2 0.7859375 0.303125 0.0640625 0.06953125
2 0.846875 0.325 0.07265625 0.08046875
1 0.6 0.24375 0.01171875 0.028125
