0 0.5609375 0.41171875 0.06015625 0.08046875
0 0.36875 0.4671875 0.06015625 0.0890625
0 0.5765625 0.228125 0.021875 0.025
0 0.68125 0.284375 0.03671875 0.04453125
0 0.4953125 0.18984375 0.0140625 0.021875
0 0.4734375 0.178125 0.01328125 0.01640625
0 0.540625 0.38125 0.04609375 0.06640625
0 0.45859375 0.18359375 0.01484375 0.01953125
0 0.5203125 0.19296875 0.0171875 0.0234375
0 0.51953125 0.21640625 0.02265625 0.034375
0 0.7859375 0.303125 0.065625 0.06953125
2 0.5125 0.33046875 0.0703125 0.11953125
2 0.7859375 0.303125 0.065625 0.06953125
2 0.478125 0.2953125 0.059375 0.1
2 0.68125 0.284375 0.03671875 0.04453125
3 0.51953125 0.21640625 0.02265625 0.034375
0 0.540625 0.38125 0.04609375 0.06640625
0 0.5203125 0.19765625 0.01953125 0.034375
3 0.39375 0.221875 0.021875 0.046875
3 0.48125 0.165625 0.01640625 0.025
1 0.378125 0.3140625 0.0140625 0.040625
