0 0.4203125 0.253125 0.0234375 0.0359375
0 0.3921875 0.35078125 0.0390625 0.065625
0 0.45859375 0.1828125 0.01484375 0.02109375
0 0.378125 0.22734375 0.0171875 0.0265625
0 0.39375 0.21640625 0.01875 0.03203125
0 0.7859375 0.303125 0.06484375 0.06953125
0 0.51484375 0.20078125 0.01875 0.01953125
0 0.434375 0.153125 0.015625 0.015625
0 0.3453125 0.209375 0.0171875 0.0234375
2 0.5671875 0.37890625 0.10234375 0.14609375
2 0.490625 0.31015625 0.0640625 0.10859375
2 0.7859375 0.303125 0.06484375 0.06953125
2 0.33515625 0.24609375 0.03125 0.0640625
2 0.4671875 0.15859375 0.01875 0.02890625
3 0.553125 0.59765625 0.121875 0.17890625
3 0.29296875 0.334375 0.06328125 0.128125
3 0.4671875 0.15859375 0.01875 0.02890625
1 0.4359375 0.2625 0.01328125 0.03203125
1 0.43125 0.4515625 0.02421875 0.08203125
