0 0.5640625 0.6171875 0.121875 0.1546875
0 0.521875 0.44375 0.0640625 0.078125
0 0.559375 0.4109375 0.06484375 0.08046875
0 0.37890625 0.4859375 0.075 0.1375
0 0.77421875 0.34140625 0.053125 0.0578125
0 0.47734375 0.38671875 0.04765625 0.06640625
0 0.5296875 0.38046875 0.04375 0.05859375
0 0.3484375 0.37421875 0.04140625 0.06640625
0 0.36796875 0.221875 0.0171875 0.025
0 0.3984375 0.259375 0.025 0.03359375
0 0.50625 0.35078125 0.04140625 0.05859375
0 0.3734375 0.2953125 0.02578125 0.0375
0 0.3453125 0.2140625 0.01640625 0.021875
0 0.49609375 0.178125 0.015625 0.01796875
0 0.44140625 0.3296875 0.03359375 0.04609375
0 0.46015625 0.36015625 0.03671875 0.05390625
0 0.5078125 0.19921875 0.0171875 0.01953125
0 0.45859375 0.18125 0.0140625 0.02109375
0 0.46484375 0.16953125 0.01328125 0.01796875
0 0.4265625 0.153125 0.0140625 0.01640625
0 0.378125 0.19765625 0.01796875 0.02109375
2 0.4109375 0.3484375 0.06640625 0.1359375
2 0.846875 0.325 0.07265625 0.08203125
2 0.7859375 0.30234375 0.0671875 0.07109375
0 0.390625 0.32578125 0.040625 0.06484375
