0 0.7546875 0.3390625 0.03984375 0.04453125
0 0.4421875 0.3328125 0.03515625 0.0484375
0 0.403125 0.36328125 0.04296875 0.0609375
0 0.415625 0.39609375 0.046875 0.0640625
0 0.3734375 0.27578125 0.0234375 0.0359375
0 0.903125 0.42265625 0.08515625 0.078125
0 0.4578125 0.36171875 0.0390625 0.05390625
0 0.38125 0.303125 0.02734375 0.04296875
0 0.34296875 0.36328125 0.03984375 0.05703125
0 0.6421875 0.28828125 0.03046875 0.0390625
0 0.9328125 0.41015625 0.06015625 0.06953125
0 0.35078125 0.3921875 0.04375 0.07109375
0 0.5953125 0.27421875 0.0296875 0.0375
0 0.584375 0.24921875 0.02578125 0.028125
0 0.38828125 0.32265625 0.03046875 0.04296875
0 0.4421875 0.27421875 0.025 0.0375
0 0.36640625 0.23671875 0.021875 0.03046875
0 0.3421875 0.3375 0.03359375 0.04453125
0 0.3921875 0.3453125 0.0359375 0.04453125
0 0.4484375 0.16796875 0.01328125 0.01640625
0 0.521875 0.22265625 0.02109375 0.03203125
0 0.4796875 0.178125 0.01328125 0.01796875
0 0.5296875 0.20078125 0.01796875 0.02109375
0 0.3671875 0.2234375 0.02109375 0.025
0 0.4984375 0.2078125 0.01484375 0.021875
0 0.459375 0.18359375 0.0140625 0.021875
2 0.7859375 0.303125 0.0640625 0.06796875
2 0.64609375 0.25234375 0.0578125 0.06640625
3 0.4828125 0.3859375 0.0484375 0.08203125
1 0.33984375 0.30625 0.01328125 0.040625
