0 0.5328125 0.57421875 0.09609375 0.12109375
0 0.3734375 0.471875 0.06953125 0.125
0 0.5125 0.43515625 0.06171875 0.0765625
0 0.80703125 0.3546875 0.05390625 0.0625
0 0.56015625 0.41171875 0.06328125 0.07890625
0 0.4734375 0.38125 0.04609375 0.0640625
0 0.3484375 0.37265625 0.040625 0.06953125
0 0.396875 0.25546875 0.02265625 0.03359375
0 0.459375 0.35703125 0.0375 0.053125
0 0.5296875 0.37890625 0.04375 0.05703125
0 0.50625 0.35 0.040625 0.05859375
0 0.3734375 0.29453125 0.025 0.0390625
0 0.50078125 0.18203125 0.01484375 0.01953125
0 0.36875 0.21953125 0.0171875 0.0234375
0 0.4390625 0.3265625 0.03125 0.040625
0 0.5140625 0.1984375 0.0171875 0.01796875
0 0.459375 0.1828125 0.01484375 0.01953125
0 0.34609375 0.2125 0.01640625 0.01953125
0 0.428125 0.153125 0.01328125 0.01640625
0 0.51171875 0.21328125 0.03046875 0.0265625
2 0.409375 0.346875 0.06484375 0.13203125
2 0.7859375 0.30234375 0.06484375 0.06796875
2 0.84765625 0.325 0.07421875 0.08203125
1 0.58984375 0.23671875 0.01015625 0.025
0 0.38515625 0.3125 0.0328125 0.03984375
0 0.44375 0.15859375 0.015625 0.01953125
