0 0.41640625 0.2921875 0.02734375 0.0375
0 0.415625 0.39609375 0.046875 0.0640625
0 0.40234375 0.36328125 0.04296875 0.0625
0 0.4578125 0.36171875 0.03828125 0.05390625
0 0.371875 0.2765625 0.0234375 0.034375
0 0.3421875 0.36328125 0.03984375 0.05703125
0 0.38046875 0.303125 0.02734375 0.04296875
0 0.55546875 0.23046875 0.01875 0.0265625
0 0.35078125 0.3921875 0.04375 0.07109375
0 0.5546875 0.4 0.05078125 0.071875
0 0.38828125 0.32265625 0.03046875 0.04296875
0 0.60234375 0.2625 0.02578125 0.03046875
0 0.7140625 0.32109375 0.040625 0.04453125
0 0.34140625 0.3375 0.034375 0.04609375
0 0.44453125 0.33671875 0.034375 0.0484375
0 0.3921875 0.3453125 0.03671875 0.04453125
0 0.4859375 0.19765625 0.0171875 0.0234375
0 0.4734375 0.17734375 0.015625 0.01640625
0 0.44375 0.1671875 0.0140625 0.01796875
0 0.778125 0.30234375 0.05234375 0.06796875
0 0.4578125 0.1625 0.01484375 0.01640625
0 0.4265625 0.1546875 0.01640625 0.01796875
2 0.8453125 0.3328125 0.11484375 0.115625
2 0.53828125 0.1859375 0.0265625 0.046875
2 0.778125 0.30234375 0.05234375 0.06796875
3 0.4828125 0.3859375 0.0484375 0.08203125
1 0.3453125 0.31640625 0.01484375 0.034375
