0 0.7078125 0.315625 0.034375 0.04140625
0 0.7828125 0.3703125 0.06015625 0.0640625
0 0.415625 0.39609375 0.046875 0.0640625
0 0.40234375 0.36328125 0.0421875 0.0609375
0 0.44375 0.334375 0.03515625 0.046875
0 0.5671875 0.25625 0.0265625 0.034375
0 0.83984375 0.37421875 0.05546875 0.05859375
0 0.34296875 0.36328125 0.03984375 0.05703125
0 0.3734375 0.27890625 0.025 0.034375
0 0.45390625 0.2875 0.02734375 0.0390625
0 0.35078125 0.3921875 0.04375 0.07109375
0 0.38125 0.303125 0.028125 0.04296875
0 0.45859375 0.36171875 0.03984375 0.05390625
0 0.6078125 0.26640625 0.02734375 0.034375
0 0.38828125 0.32265625 0.03046875 0.04296875
0 0.3421875 0.3375 0.034375 0.04609375
0 0.3671875 0.2453125 0.02265625 0.03046875
0 0.3921875 0.3453125 0.0359375 0.04453125
0 0.440625 0.1625 0.0140625 0.01640625
0 0.5640625 0.23515625 0.02421875 0.0265625
0 0.51875 0.1921875 0.01640625 0.01640625
0 0.3671875 0.22890625 0.021875 0.02890625
0 0.46328125 0.1828125 0.01796875 0.02109375
0 0.4546875 0.1546875 0.0125 0.01796875
0 0.7859375 0.30234375 0.06484375 0.06640625
2 0.7859375 0.30234375 0.06484375 0.06640625
2 0.621875 0.23984375 0.04921875 0.0609375
3 0.4828125 0.3859375 0.0484375 0.08046875
1 0.3390625 0.30703125 0.0125 0.0375
0 0.4703125 0.17421875 0.01796875 0.02109375
