0 0.48125 0.490625 0.07421875 0.0984375
0 0.5609375 0.4109375 0.06171875 0.08046875
0 0.496875 0.41640625 0.0546875 0.06953125
0 0.46640625 0.371875 0.04140625 0.0609375
0 0.3484375 0.37109375 0.040625 0.06640625
0 0.39375 0.24453125 0.0203125 0.028125
0 0.36171875 0.4359375 0.059375 0.10703125
0 0.92109375 0.4078125 0.07578125 0.071875
0 0.3734375 0.2921875 0.02578125 0.0375
0 0.5296875 0.38125 0.04375 0.059375
0 0.4359375 0.325 0.03359375 0.04296875
0 0.51328125 0.190625 0.0171875 0.01953125
0 0.50703125 0.35 0.040625 0.05703125
0 0.4546875 0.3484375 0.0359375 0.0484375
0 0.5328125 0.2171875 0.015625 0.0234375
0 0.37109375 0.21328125 0.01640625 0.021875
0 0.3875 0.309375 0.03515625 0.05390625
0 0.475 0.17734375 0.01484375 0.01640625
0 0.446875 0.16875 0.0140625 0.015625
0 0.3703125 0.184375 0.0171875 0.0234375
0 0.434375 0.1578125 0.0140625 0.01640625
2 0.84765625 0.325 0.0734375 0.08046875
2 0.4046875 0.340625 0.06171875 0.1265625
2 0.7859375 0.303125 0.065625 0.06953125
2 0.46484375 0.19140625 0.0234375 0.0359375
1 0.64296875 0.26796875 0.02421875 0.04296875
