0 0.7328125 0.340625 0.04296875 0.053125
0 0.634375 0.27890625 0.03046875 0.034375
0 0.415625 0.39609375 0.046875 0.065625
0 0.403125 0.36328125 0.04296875 0.0609375
0 0.3703125 0.2640625 0.02265625 0.034375
0 0.4578125 0.3609375 0.0390625 0.05390625
0 0.4234375 0.2484375 0.02109375 0.03046875
0 0.8734375 0.38984375 0.0546875 0.0609375
0 0.3421875 0.36328125 0.03984375 0.05546875
0 0.55625 0.246875 0.0234375 0.0359375
0 0.38125 0.303125 0.028125 0.04296875
0 0.35078125 0.3921875 0.04375 0.07109375
0 0.38828125 0.32265625 0.03125 0.04453125
0 0.55 0.21484375 0.01796875 0.0234375
0 0.34140625 0.334375 0.0328125 0.040625
0 0.4375 0.32734375 0.0359375 0.04609375
0 0.66484375 0.3140625 0.040625 0.04609375
0 0.55625 0.22890625 0.01875 0.0234375
0 0.3921875 0.3453125 0.0359375 0.04296875
0 0.3671875 0.228125 0.01875 0.0265625
0 0.4953125 0.1984375 0.01640625 0.02890625
0 0.459375 0.178125 0.01640625 0.0234375
0 0.51875 0.221875 0.01875 0.0265625
0 0.47421875 0.165625 0.01328125 0.01640625
0 0.7859375 0.303125 0.0640625 0.06796875
2 0.70859375 0.27890625 0.08046875 0.08046875
2 0.7859375 0.303125 0.0640625 0.06796875
3 0.4828125 0.3859375 0.0484375 0.08046875
1 0.3390625 0.29296875 0.01171875 0.0390625
