0 0.559375 0.403125 0.05234375 0.0734375
0 0.6578125 0.29296875 0.0328125 0.0390625
0 0.575 0.24609375 0.021875 0.028125
0 0.40234375 0.36328125 0.04296875 0.0609375
0 0.415625 0.39609375 0.046875 0.0640625
0 0.371875 0.27734375 0.025 0.03359375
0 0.4578125 0.36171875 0.03828125 0.05390625
0 0.38125 0.303125 0.02890625 0.04296875
0 0.34296875 0.3625 0.040625 0.05703125
0 0.42109375 0.3015625 0.03046875 0.0390625
0 0.35078125 0.39296875 0.04453125 0.07109375
0 0.38828125 0.32265625 0.03046875 0.04296875
0 0.53671875 0.2171875 0.0171875 0.0265625
0 0.44375 0.33671875 0.034375 0.0484375
0 0.3421875 0.3375 0.034375 0.04609375
0 0.3921875 0.3453125 0.03671875 0.04453125
0 0.50546875 0.1984375 0.015625 0.02109375
0 0.4359375 0.16015625 0.01484375 0.01796875
0 0.478125 0.1828125 0.015625 0.01953125
0 0.4515625 0.159375 0.0140625 0.01640625
2 0.7875 0.3140625 0.09921875 0.1
2 0.5359375 0.18359375 0.02734375 0.04140625
0 0.4578125 0.190625 0.0234375 0.040625
3 0.4828125 0.3859375 0.0484375 0.08203125
1 0.34453125 0.31640625 0.01484375 0.03359375
