0 0.91875 0.409375 0.0734375 0.06953125
0 0.753125 0.36484375 0.05546875 0.05
0 0.5734375 0.2625 0.0265625 0.03046875
0 0.415625 0.39609375 0.04765625 0.065625
0 0.6375 0.27109375 0.0296875 0.03046875
0 0.40234375 0.36328125 0.04296875 0.0609375
0 0.38125 0.303125 0.02890625 0.04296875
0 0.56484375 0.23671875 0.021875 0.0234375
0 0.3375 0.31796875 0.03046875 0.0484375
0 0.69765625 0.3109375 0.0390625 0.04296875
0 0.42265625 0.303125 0.03125 0.040625
0 0.3421875 0.36171875 0.03984375 0.059375
0 0.35078125 0.3921875 0.04375 0.07109375
0 0.38828125 0.3234375 0.03046875 0.04453125
0 0.446875 0.34453125 0.03671875 0.05
0 0.6390625 0.30546875 0.03515625 0.0375
0 0.36796875 0.22734375 0.0171875 0.025
0 0.3921875 0.3453125 0.0359375 0.04296875
0 0.475 0.1703125 0.0125 0.02109375
0 0.4890625 0.1828125 0.0140625 0.021875
0 0.459375 0.18203125 0.0140625 0.01953125
0 0.5234375 0.19921875 0.015625 0.01953125
0 0.7859375 0.303125 0.06328125 0.06796875
0 0.5109375 0.21484375 0.028125 0.0265625
2 0.7859375 0.303125 0.06328125 0.06796875
3 0.4828125 0.3859375 0.05078125 0.08046875
3 0.4890625 0.1828125 0.0140625 0.021875
1 0.3390625 0.240625 0.01015625 0.025
0 0.3921875 0.19609375 0.0171875 0.025
0 0.36875 0.1921875 0.0171875 0.025
