0 0.721875 0.32421875 0.0359375 0.04296875
0 0.8171875 0.38671875 0.06484375 0.06796875
0 0.44296875 0.33359375 0.0359375 0.0484375
0 0.403125 0.36328125 0.04296875 0.0609375
0 0.44921875 0.28359375 0.0265625 0.040625
0 0.415625 0.39609375 0.046875 0.065625
0 0.3734375 0.278125 0.025 0.034375
0 0.575 0.2625 0.028125 0.0359375
0 0.86875 0.38515625 0.053125 0.0625
0 0.3421875 0.36328125 0.03984375 0.05703125
0 0.35078125 0.3921875 0.04375 0.07109375
0 0.459375 0.36171875 0.03984375 0.05390625
0 0.61875 0.27421875 0.02734375 0.0359375
0 0.38125 0.303125 0.028125 0.04296875
0 0.56953125 0.240625 0.02421875 0.0265625
0 0.38828125 0.32265625 0.03046875 0.04453125
0 0.365625 0.24375 0.021875 0.03046875
0 0.34140625 0.3375 0.034375 0.04609375
0 0.38984375 0.3453125 0.03125 0.04609375
0 0.44375 0.16640625 0.015625 0.01796875
0 0.5109375 0.215625 0.0296875 0.02890625
0 0.36640625 0.228125 0.02109375 0.02890625
0 0.52265625 0.19453125 0.01640625 0.01640625
0 0.4734375 0.17734375 0.0125 0.01796875
0 0.7859375 0.303125 0.0640625 0.06796875
2 0.6296875 0.24453125 0.05390625 0.06640625
2 0.7859375 0.303125 0.0640625 0.06796875
3 0.4828125 0.3859375 0.0484375 0.08203125
1 0.3390625 0.30703125 0.0125 0.0390625
