0 0.4421875 0.33203125 0.03515625 0.046875
0 0.415625 0.39609375 0.046875 0.065625
0 0.403125 0.36328125 0.04296875 0.0625
0 0.4390625 0.26953125 0.0234375 0.034375
0 0.5921875 0.25390625 0.0265625 0.02890625
0 0.4578125 0.36171875 0.0390625 0.05390625
0 0.9546875 0.4421875 0.090625 0.090625
0 0.3421875 0.36328125 0.03984375 0.05703125
0 0.38125 0.303125 0.028125 0.04453125
0 0.35078125 0.3921875 0.04375 0.07109375
0 0.77265625 0.346875 0.04140625 0.0484375
0 0.6046875 0.28046875 0.03203125 0.0375
0 0.528125 0.23046875 0.01796875 0.021875
0 0.38828125 0.3234375 0.03046875 0.04296875
0 0.34140625 0.3375 0.03359375 0.04453125
0 0.65703125 0.296875 0.03359375 0.04140625
0 0.37265625 0.271875 0.02421875 0.0359375
0 0.36640625 0.2359375 0.02109375 0.02890625
0 0.3921875 0.3453125 0.0359375 0.04453125
0 0.534375 0.21640625 0.0171875 0.025
0 0.4828125 0.18203125 0.01484375 0.01796875
0 0.459375 0.1828125 0.0140625 0.0234375
0 0.4390625 0.16015625 0.01328125 0.01640625
0 0.5328125 0.2015625 0.01640625 0.02109375
2 0.78515625 0.303125 0.065625 0.06640625
2 0.6546875 0.2546875 0.0609375 0.06953125
3 0.4828125 0.38671875 0.0484375 0.08203125
1 0.33984375 0.30234375 0.0125 0.0375
