0 0.8640625 0.3859375 0.06171875 0.0609375
0 0.70625 0.31484375 0.0375 0.04296875
0 0.415625 0.39609375 0.04765625 0.065625
0 0.403125 0.36328125 0.0421875 0.0609375
0 0.3875 0.24453125 0.021875 0.028125
0 0.4578125 0.36171875 0.03828125 0.05390625
0 0.34296875 0.3625 0.03984375 0.05703125
0 0.35078125 0.3921875 0.04375 0.07109375
0 0.38828125 0.32265625 0.03046875 0.04296875
0 0.38125 0.303125 0.0265625 0.04140625
0 0.484375 0.3234375 0.034375 0.05
0 0.54921875 0.22734375 0.01953125 0.0265625
0 0.62578125 0.290625 0.03359375 0.040625
0 0.44375 0.334375 0.034375 0.0484375
0 0.3421875 0.3375 0.034375 0.04609375
0 0.49609375 0.18984375 0.015625 0.02109375
0 0.3671875 0.259375 0.021875 0.03046875
0 0.3921875 0.3453125 0.0359375 0.04453125
0 0.3765625 0.2875 0.02421875 0.03359375
0 0.52109375 0.221875 0.02109375 0.03203125
0 0.4625 0.1828125 0.0171875 0.01796875
0 0.42734375 0.1546875 0.015625 0.01796875
0 0.5265625 0.209375 0.01640625 0.021875
0 0.7859375 0.303125 0.0640625 0.06796875
2 0.7859375 0.303125 0.0640625 0.06796875
2 0.575 0.215625 0.040625 0.05390625
3 0.4828125 0.3875 0.0484375 0.07890625
0 0.52109375 0.221875 0.02109375 0.03203125
0 0.6265625 0.28671875 0.03359375 0.0484375
1 0.3421875 0.315625 0.01640625 0.040625
