0 0.415625 0.39609375 0.04765625 0.0640625
0 0.64609375 0.284375 0.0296875 0.03359375
0 0.403125 0.36328125 0.0421875 0.0609375
0 0.93125 0.4125 0.07109375 0.07109375
0 0.659375 0.3109375 0.03984375 0.04296875
0 0.7375 0.32890625 0.040625 0.046875
0 0.475 0.3140625 0.0328125 0.04609375
0 0.34296875 0.3625 0.03984375 0.05859375
0 0.38125 0.2375 0.021875 0.0265625
0 0.459375 0.36171875 0.03984375 0.05390625
0 0.35078125 0.3921875 0.04375 0.07109375
0 0.3890625 0.32265625 0.03046875 0.04296875
0 0.38046875 0.303125 0.0265625 0.040625
0 0.44375 0.334375 0.034375 0.0484375
0 0.36640625 0.25546875 0.02421875 0.03203125
0 0.375 0.28671875 0.02421875 0.034375
0 0.5359375 0.21640625 0.01796875 0.02109375
0 0.5625 0.23671875 0.0203125 0.028125
0 0.3921875 0.3453125 0.0359375 0.04453125
0 0.3421875 0.3375 0.034375 0.04453125
0 0.5015625 0.19375 0.01640625 0.021875
0 0.53203125 0.2328125 0.01953125 0.0265625
0 0.4328125 0.15859375 0.0140625 0.01796875
0 0.459375 0.16796875 0.015625 0.01796875
2 0.7859375 0.303125 0.0640625 0.06953125
2 0.5875 0.221875 0.0421875 0.05703125
3 0.4828125 0.3859375 0.0484375 0.08046875
1 0.34140625 0.3078125 0.0125 0.034375
