0 0.44296875 0.33359375 0.03515625 0.046875
0 0.403125 0.36328125 0.04296875 0.0609375
0 0.415625 0.39609375 0.046875 0.065625
0 0.3734375 0.278125 0.025 0.034375
0 0.6234375 0.278125 0.02890625 0.0375
0 0.8375 0.3953125 0.07265625 0.07109375
0 0.3421875 0.36328125 0.03984375 0.05703125
0 0.35078125 0.3921875 0.04375 0.07109375
0 0.459375 0.36171875 0.040625 0.05390625
0 0.88515625 0.39140625 0.0515625 0.065625
0 0.5796875 0.26484375 0.02890625 0.0359375
0 0.38125 0.303125 0.02734375 0.04296875
0 0.7296875 0.32734375 0.03828125 0.04453125
0 0.38828125 0.32265625 0.03046875 0.04453125
0 0.446875 0.28203125 0.02578125 0.0375
0 0.34140625 0.3375 0.034375 0.04453125
0 0.5734375 0.24140625 0.025 0.0265625
0 0.36640625 0.240625 0.02265625 0.03359375
0 0.38984375 0.3453125 0.03125 0.04609375
0 0.44375 0.1671875 0.015625 0.01796875
0 0.36640625 0.225 0.02109375 0.025
0 0.525 0.196875 0.01640625 0.02109375
0 0.496875 0.20625 0.01328125 0.02109375
0 0.4734375 0.178125 0.0140625 0.01796875
0 0.45625 0.1578125 0.0109375 0.0140625
0 0.7859375 0.303125 0.0640625 0.06796875
2 0.7859375 0.303125 0.0640625 0.06796875
2 0.634375 0.246875 0.05546875 0.0625
3 0.4828125 0.3859375 0.0484375 0.08203125
0 0.4640625 0.1921875 0.02421875 0.0390625
1 0.3390625 0.3078125 0.0125 0.0375
