0 0.5609375 0.4125 0.0609375 0.08046875
0 0.36875 0.23203125 0.02109375 0.03046875
0 0.45859375 0.18359375 0.01484375 0.01796875
0 0.596875 0.27421875 0.03046875 0.03203125
0 0.48359375 0.17265625 0.01484375 0.01640625
0 0.521875 0.19375 0.01875 0.0234375
0 0.540625 0.384375 0.046875 0.07109375
0 0.446875 0.16015625 0.0125 0.0140625
0 0.78515625 0.303125 0.06484375 0.06953125
0 0.34609375 0.190625 0.01953125 0.025
0 0.465625 0.159375 0.0171875 0.01953125
0 0.4328125 0.15390625 0.01484375 0.015625
2 0.50390625 0.32421875 0.08984375 0.134375
2 0.78515625 0.303125 0.06484375 0.06953125
2 0.3375 0.23984375 0.02890625 0.059375
2 0.4796875 0.29296875 0.0546875 0.0859375
0 0.465625 0.15234375 0.021875 0.0265625
3 0.475 0.37734375 0.0515625 0.11640625
0 0.540625 0.38125 0.0453125 0.06640625
0 0.521875 0.196875 0.01953125 0.03046875
