0 0.45703125 0.67421875 0.128125 0.24453125
0 0.6046875 0.525 0.0921875 0.10859375
0 0.35390625 0.4015625 0.04453125 0.0765625
0 0.6578125 0.2765625 0.03046875 0.0359375
0 0.50625 0.42421875 0.0578125 0.08046875
0 0.56015625 0.41171875 0.06328125 0.08046875
0 0.4078125 0.27734375 0.0265625 0.0375
0 0.478125 0.3859375 0.04453125 0.0625
0 0.3765625 0.30078125 0.028125 0.0375
0 0.5296875 0.3796875 0.04375 0.05703125
0 0.3421875 0.22578125 0.0171875 0.0265625
0 0.45 0.34765625 0.0375 0.05
0 0.36484375 0.234375 0.01796875 0.028125
0 0.50625 0.35078125 0.040625 0.05859375
0 0.39375 0.2140625 0.02265625 0.0234375
0 0.4828125 0.18203125 0.01484375 0.01796875
0 0.45859375 0.18203125 0.01484375 0.02109375
0 0.47734375 0.16796875 0.0140625 0.01796875
0 0.38671875 0.31875 0.03203125 0.0515625
0 0.44765625 0.165625 0.015625 0.01796875
0 0.36484375 0.1859375 0.0171875 0.0234375
2 0.7859375 0.303125 0.065625 0.06953125
2 0.42421875 0.36875 0.07578125 0.1484375
2 0.846875 0.325 0.07265625 0.08203125
1 0.38125 0.321875 0.01796875 0.046875
