0 0.55 0.3953125 0.05 0.0734375
0 0.5671875 0.2375 0.01953125 0.028125
0 0.40234375 0.36328125 0.0421875 0.0609375
0 0.415625 0.39609375 0.046875 0.0640625
0 0.4125 0.2875 0.02734375 0.034375
0 0.61875 0.271875 0.02734375 0.03203125
0 0.4578125 0.3625 0.0390625 0.05390625
0 0.3421875 0.36328125 0.03984375 0.05703125
0 0.371875 0.275 0.0234375 0.034375
0 0.35078125 0.3921875 0.04375 0.07109375
0 0.38046875 0.303125 0.028125 0.04140625
0 0.38828125 0.32265625 0.03046875 0.04296875
0 0.74921875 0.33671875 0.0453125 0.05
0 0.3421875 0.3375 0.034375 0.04609375
0 0.44375 0.334375 0.03515625 0.046875
0 0.3921875 0.3453125 0.03671875 0.04453125
0 0.49765625 0.2046875 0.015625 0.021875
0 0.4484375 0.16953125 0.0125 0.01640625
0 0.43203125 0.1578125 0.015625 0.01796875
0 0.5171875 0.2125 0.03125 0.025
0 0.47109375 0.184375 0.0140625 0.01953125
0 0.7859375 0.303125 0.06640625 0.06953125
2 0.8765625 0.3453125 0.1296875 0.11953125
2 0.7859375 0.303125 0.06640625 0.06953125
2 0.53984375 0.1890625 0.028125 0.04453125
3 0.4828125 0.38671875 0.0484375 0.08203125
