0 0.365625 0.44765625 0.05546875 0.08203125
0 0.5609375 0.4125 0.0609375 0.08046875
0 0.5828125 0.23203125 0.01875 0.0265625
0 0.52734375 0.2296875 0.01875 0.025
0 0.69375 0.28984375 0.03984375 0.04609375
0 0.49765625 0.190625 0.015625 0.021875
0 0.4578125 0.18359375 0.01484375 0.01953125
0 0.540625 0.38125 0.0453125 0.065625
0 0.3921875 0.2203125 0.02109375 0.04140625
0 0.478125 0.178125 0.0140625 0.01796875
0 0.434375 0.15390625 0.015625 0.01640625
0 0.7859375 0.303125 0.06484375 0.06953125
0 0.5046875 0.215625 0.01953125 0.025
2 0.5125 0.33203125 0.0703125 0.115625
2 0.7859375 0.303125 0.06484375 0.06953125
2 0.478125 0.2953125 0.05546875 0.096875
2 0.48203125 0.165625 0.01640625 0.02890625
0 0.540625 0.38125 0.0453125 0.065625
0 0.52265625 0.196875 0.01953125 0.03359375
3 0.39296875 0.21640625 0.02265625 0.0484375
1 0.375 0.303125 0.0125 0.0390625
