0 0.871875 0.409375 0.0671875 0.071875
0 0.76015625 0.3609375 0.05625 0.059375
0 0.415625 0.39609375 0.04765625 0.065625
0 0.5984375 0.27890625 0.02890625 0.034375
0 0.403125 0.36328125 0.04296875 0.059375
0 0.4328125 0.31796875 0.03359375 0.04453125
0 0.59140625 0.253125 0.02578125 0.028125
0 0.69765625 0.3109375 0.03828125 0.04140625
0 0.38125 0.303125 0.028125 0.04453125
0 0.340625 0.3328125 0.0328125 0.04140625
0 0.57421875 0.23203125 0.0203125 0.025
0 0.3421875 0.3625 0.03984375 0.05859375
0 0.35078125 0.3921875 0.04375 0.07109375
0 0.54609375 0.24453125 0.0234375 0.0265625
0 0.45625 0.35859375 0.03984375 0.053125
0 0.38828125 0.3234375 0.03125 0.04453125
0 0.409375 0.2296875 0.01796875 0.021875
0 0.3671875 0.253125 0.02109375 0.02890625
0 0.48671875 0.175 0.01328125 0.01796875
0 0.3921875 0.3453125 0.0359375 0.04296875
0 0.36796875 0.215625 0.0171875 0.025
0 0.459375 0.1765625 0.0171875 0.025
0 0.44765625 0.15859375 0.01328125 0.01796875
0 0.5140625 0.19921875 0.0171875 0.01796875
2 0.7859375 0.309375 0.10390625 0.0984375
3 0.4828125 0.3859375 0.04921875 0.08203125
1 0.33671875 0.278125 0.01171875 0.0359375
