0 0.934375 0.4125 0.0734375 0.071875
0 0.403125 0.26875 0.02421875 0.03359375
0 0.415625 0.39609375 0.046875 0.0640625
0 0.403125 0.36328125 0.04296875 0.0609375
0 0.61640625 0.26875 0.0265625 0.03359375
0 0.3703125 0.26953125 0.0234375 0.03203125
0 0.5640625 0.2375 0.01875 0.0265625
0 0.696875 0.3140625 0.03828125 0.04296875
0 0.45859375 0.36171875 0.0390625 0.05390625
0 0.34296875 0.3625 0.03984375 0.05703125
0 0.38125 0.303125 0.02734375 0.04140625
0 0.35078125 0.3921875 0.04375 0.07109375
0 0.38828125 0.32265625 0.03046875 0.04296875
0 0.53671875 0.234375 0.02265625 0.03046875
0 0.44375 0.334375 0.03515625 0.0484375
0 0.3421875 0.3375 0.034375 0.046875
0 0.3921875 0.3453125 0.0359375 0.04453125
0 0.4734375 0.17734375 0.0140625 0.01640625
0 0.5234375 0.36640625 0.04375 0.0609375
0 0.459375 0.1828125 0.01484375 0.025
0 0.5046875 0.20078125 0.01875 0.02109375
0 0.4390625 0.159375 0.0140625 0.01796875
2 0.7859375 0.303125 0.065625 0.06796875
2 0.9625 0.3796875 0.075 0.1359375
2 0.54765625 0.196875 0.02734375 0.04609375
3 0.4828125 0.38671875 0.04765625 0.08046875
1 0.34296875 0.31640625 0.01796875 0.0359375
