0 0.90234375 0.40234375 0.06953125 0.06640625
0 0.690625 0.3078125 0.03671875 0.04140625
0 0.415625 0.39609375 0.04765625 0.0640625
0 0.4234375 0.303125 0.03046875 0.040625
0 0.403125 0.36328125 0.04296875 0.0609375
0 0.56875 0.26015625 0.0265625 0.03046875
0 0.38125 0.303125 0.028125 0.04453125
0 0.446875 0.3453125 0.0375 0.05
0 0.3421875 0.36171875 0.03984375 0.059375
0 0.35078125 0.3921875 0.04375 0.07109375
0 0.63359375 0.26796875 0.028125 0.03046875
0 0.74140625 0.35859375 0.05078125 0.0484375
0 0.38828125 0.3234375 0.03046875 0.04453125
0 0.6328125 0.30078125 0.03359375 0.0375
0 0.3375 0.321875 0.03046875 0.0484375
0 0.3671875 0.228125 0.0171875 0.025
0 0.5625 0.234375 0.02265625 0.0234375
0 0.3921875 0.3453125 0.03671875 0.04453125
0 0.4734375 0.16953125 0.01328125 0.01953125
0 0.52109375 0.19453125 0.01640625 0.01796875
0 0.4875 0.18515625 0.0125 0.01640625
0 0.45859375 0.18203125 0.01484375 0.02109375
0 0.51171875 0.21328125 0.03125 0.028125
0 0.39453125 0.196875 0.0171875 0.0234375
2 0.7859375 0.30234375 0.06328125 0.06796875
2 0.9859375 0.39375 0.02578125 0.140625
3 0.4828125 0.3859375 0.05078125 0.08046875
1 0.3390625 0.240625 0.0109375 0.0265625
