0 0.871875 0.38984375 0.0640625 0.0640625
0 0.7203125 0.34765625 0.04921875 0.04609375
0 0.4484375 0.346875 0.03671875 0.05
0 0.678125 0.3015625 0.0359375 0.0390625
0 0.415625 0.39609375 0.04765625 0.065625
0 0.40234375 0.36328125 0.04296875 0.0609375
0 0.3375 0.32265625 0.0296875 0.04609375
0 0.38125 0.303125 0.028125 0.04453125
0 0.55625 0.2296875 0.02109375 0.025
0 0.56171875 0.2546875 0.025 0.02890625
0 0.35078125 0.3921875 0.04375 0.07109375
0 0.3421875 0.36171875 0.040625 0.05859375
0 0.3671875 0.23046875 0.01875 0.028125
0 0.38828125 0.3234375 0.03046875 0.04296875
0 0.425 0.30546875 0.03046875 0.040625
0 0.625 0.2640625 0.0265625 0.03046875
0 0.51640625 0.19375 0.015625 0.01640625
0 0.3921875 0.3453125 0.0359375 0.04453125
0 0.4703125 0.16953125 0.0140625 0.01953125
0 0.4828125 0.184375 0.01640625 0.01796875
0 0.50234375 0.20859375 0.01875 0.0234375
0 0.3953125 0.19765625 0.0171875 0.021875
0 0.4578125 0.1828125 0.01484375 0.02109375
0 0.48125 0.196875 0.01640625 0.02890625
2 0.7859375 0.30234375 0.0640625 0.06796875
2 0.96953125 0.39375 0.0609375 0.15625
3 0.4828125 0.3859375 0.05078125 0.08046875
0 0.48125 0.196875 0.01640625 0.02890625
1 0.33828125 0.2453125 0.01015625 0.028125
