0 0.5609375 0.4109375 0.0625 0.08046875
0 0.459375 0.459375 0.0640625 0.08359375
0 0.39375 0.2390625 0.0203125 0.0265625
0 0.3578125 0.4234375 0.05625 0.09453125
0 0.3484375 0.37109375 0.04140625 0.06796875
0 0.45 0.346875 0.034375 0.05
0 0.49140625 0.41015625 0.05234375 0.071875
0 0.5453125 0.225 0.0203125 0.0265625
0 0.3734375 0.29140625 0.0265625 0.0375
0 0.5296875 0.38125 0.04375 0.059375
0 0.434375 0.32421875 0.03203125 0.046875
0 0.4640625 0.36796875 0.04140625 0.0609375
0 0.50703125 0.34921875 0.03984375 0.05703125
0 0.521875 0.19375 0.01640625 0.021875
0 0.38671875 0.30859375 0.03515625 0.05390625
0 0.48125 0.18125 0.015625 0.01796875
0 0.371875 0.20859375 0.0171875 0.0234375
0 0.4359375 0.159375 0.01328125 0.01796875
0 0.459375 0.1828125 0.01484375 0.021875
0 0.9953125 0.4515625 0.00859375 0.06640625
0 0.48203125 0.19921875 0.01640625 0.02890625
2 0.7859375 0.303125 0.06640625 0.06796875
2 0.846875 0.325 0.0734375 0.08203125
2 0.4046875 0.3390625 0.06171875 0.128125
0 0.48203125 0.19921875 0.01640625 0.02890625
0 0.521875 0.19375 0.01640625 0.021875
1 0.6859375 0.28984375 0.01796875 0.0421875
