0 0.7921875 0.35625 0.04375 0.05
0 0.44140625 0.33125 0.0359375 0.046875
0 0.415625 0.39609375 0.046875 0.0640625
0 0.403125 0.36328125 0.0421875 0.0609375
0 0.371875 0.27109375 0.021875 0.034375
0 0.45859375 0.36171875 0.03984375 0.053125
0 0.43515625 0.2640625 0.02265625 0.034375
0 0.38125 0.303125 0.02890625 0.04296875
0 0.34296875 0.36328125 0.03984375 0.05546875
0 0.35078125 0.3921875 0.04375 0.07109375
0 0.671875 0.30625 0.03359375 0.04140625
0 0.38828125 0.3234375 0.03125 0.04453125
0 0.60078125 0.259375 0.02734375 0.03203125
0 0.6171875 0.28671875 0.03359375 0.040625
0 0.5328125 0.23359375 0.01953125 0.0265625
0 0.3421875 0.334375 0.03203125 0.040625
0 0.9796875 0.46640625 0.040625 0.07734375
0 0.3921875 0.3453125 0.0359375 0.04453125
0 0.459375 0.1828125 0.0140625 0.021875
0 0.5375 0.20625 0.01796875 0.0234375
0 0.44140625 0.1609375 0.01484375 0.01640625
0 0.48359375 0.18359375 0.01484375 0.01640625
0 0.3671875 0.2328125 0.02109375 0.034375
0 0.7859375 0.30234375 0.06484375 0.06640625
2 0.66640625 0.2609375 0.06328125 0.07109375
2 0.7859375 0.30234375 0.06484375 0.06640625
3 0.4828125 0.3859375 0.0484375 0.08046875
0 0.3671875 0.2328125 0.02109375 0.034375
0 0.43515625 0.2625 0.02265625 0.034375
1 0.33984375 0.30078125 0.01171875 0.0390625
0 0.98125 0.42109375 0.03671875 0.0546875
