0 0.7375 0.33125 0.03828125 0.04609375
0 0.85625 0.403125 0.0734375 0.0734375
0 0.4421875 0.33359375 0.03515625 0.0484375
0 0.584375 0.26953125 0.0296875 0.0359375
0 0.40234375 0.36328125 0.04296875 0.0609375
0 0.415625 0.39609375 0.046875 0.0640625
0 0.3734375 0.27734375 0.02421875 0.034375
0 0.4578125 0.3609375 0.0390625 0.05390625
0 0.34296875 0.36328125 0.03984375 0.05703125
0 0.38125 0.303125 0.02734375 0.04296875
0 0.35078125 0.3921875 0.04375 0.07109375
0 0.63046875 0.28046875 0.03046875 0.0359375
0 0.903125 0.39921875 0.0515625 0.06796875
0 0.4453125 0.278125 0.02578125 0.0359375
0 0.5765625 0.2453125 0.025 0.028125
0 0.38828125 0.3234375 0.03046875 0.04453125
0 0.36640625 0.240625 0.021875 0.03046875
0 0.3421875 0.3375 0.03359375 0.04453125
0 0.3671875 0.22421875 0.02109375 0.025
0 0.525 0.1984375 0.01640625 0.021875
0 0.496875 0.20703125 0.0140625 0.02109375
0 0.3921875 0.3453125 0.0359375 0.04453125
0 0.44609375 0.1671875 0.0140625 0.01796875
0 0.525 0.2140625 0.015625 0.021875
0 0.47421875 0.18203125 0.0140625 0.02109375
0 0.4359375 0.15859375 0.0140625 0.01640625
0 0.7859375 0.303125 0.0640625 0.06796875
2 0.6375 0.246875 0.05703125 0.06640625
2 0.7859375 0.303125 0.0640625 0.06796875
3 0.4828125 0.3859375 0.0484375 0.08203125
1 0.3390625 0.3078125 0.01328125 0.0375
