0 0.88828125 0.39609375 0.05859375 0.0609375
0 0.415625 0.39609375 0.046875 0.065625
0 0.3703125 0.2625 0.02109375 0.03359375
0 0.403125 0.36328125 0.04296875 0.0609375
0 0.4578125 0.3609375 0.0390625 0.05390625
0 0.74296875 0.34609375 0.0453125 0.05546875
0 0.38125 0.303125 0.028125 0.04296875
0 0.3421875 0.36328125 0.03984375 0.05546875
0 0.559375 0.25234375 0.025 0.03046875
0 0.35078125 0.3921875 0.04375 0.07109375
0 0.55234375 0.21640625 0.01796875 0.0234375
0 0.63984375 0.2828125 0.03046875 0.0359375
0 0.56015625 0.23203125 0.01953125 0.025
0 0.4375 0.32578125 0.03515625 0.04453125
0 0.3890625 0.32265625 0.03125 0.04453125
0 0.34140625 0.334375 0.0328125 0.040625
0 0.671875 0.3171875 0.04140625 0.046875
0 0.421875 0.24609375 0.0203125 0.03046875
0 0.3671875 0.225 0.01796875 0.0265625
0 0.3921875 0.3453125 0.0359375 0.04453125
0 0.49765625 0.19921875 0.015625 0.028125
0 0.5203125 0.221875 0.0203125 0.02890625
0 0.459375 0.178125 0.01640625 0.0234375
0 0.475 0.16640625 0.0125 0.01640625
2 0.715625 0.2828125 0.07578125 0.08359375
2 0.7859375 0.303125 0.06484375 0.06796875
3 0.4828125 0.3859375 0.0484375 0.08203125
1 0.3390625 0.29140625 0.0125 0.0390625
