0 0.528125 0.45 0.06875 0.090625
0 0.4890625 0.4015625 0.04765625 0.06953125
0 0.5375 0.84140625 0.18984375 0.315625
0 0.559375 0.41171875 0.0640625 0.08046875
0 0.3578125 0.4203125 0.04921875 0.08046875
0 0.4109375 0.28359375 0.02734375 0.0375
0 0.671875 0.584375 0.11796875 0.134375
0 0.340625 0.23125 0.01875 0.028125
0 0.37734375 0.303125 0.02734375 0.0390625
0 0.5296875 0.3796875 0.0421875 0.05703125
0 0.3640625 0.240625 0.01875 0.03046875
0 0.38984375 0.22265625 0.0171875 0.028125
0 0.62421875 0.25859375 0.02734375 0.03203125
0 0.50703125 0.35 0.03984375 0.05859375
0 0.475 0.178125 0.015625 0.01640625
0 0.44296875 0.159375 0.015625 0.01796875
0 0.38828125 0.325 0.03125 0.05546875
0 0.459375 0.1828125 0.01484375 0.02109375
0 0.47109375 0.16328125 0.01484375 0.01640625
2 0.43125 0.3796875 0.08515625 0.15390625
2 0.7859375 0.303125 0.06640625 0.06953125
2 0.846875 0.325 0.07265625 0.08203125
3 0.3875 0.32578125 0.02734375 0.05546875
1 0.509375 0.18984375 0.009375 0.021875
