0 0.428125 0.4109375 0.05 0.06953125
0 0.56015625 0.4109375 0.06171875 0.07890625
0 0.3703125 0.284375 0.02734375 0.034375
0 0.4625 0.36328125 0.040625 0.05859375
0 0.55625 0.215625 0.021875 0.0265625
0 0.5296875 0.38125 0.0421875 0.0609375
0 0.48359375 0.39921875 0.04765625 0.06640625
0 0.3515625 0.4 0.0484375 0.084375
0 0.5953125 0.25859375 0.0265625 0.03359375
0 0.3484375 0.36328125 0.04140625 0.0515625
0 0.4484375 0.3421875 0.03515625 0.04609375
0 0.4328125 0.31796875 0.03046875 0.04140625
0 0.50703125 0.353125 0.03984375 0.059375
0 0.3875 0.30859375 0.03671875 0.05546875
0 0.5015625 0.20546875 0.01953125 0.0234375
0 0.3921875 0.215625 0.0203125 0.028125
0 0.459375 0.18203125 0.0203125 0.025
0 0.34609375 0.18984375 0.0171875 0.025
0 0.50625 0.1921875 0.01484375 0.01640625
2 0.78515625 0.303125 0.06484375 0.06953125
2 0.846875 0.325 0.0734375 0.08203125
2 0.4046875 0.33828125 0.06015625 0.1265625
2 0.471875 0.1703125 0.0171875 0.03359375
1 0.90234375 0.74765625 0.0859375 0.2296875
1 0.9328125 0.38828125 0.02890625 0.0625
