0 0.46328125 0.46484375 0.065625 0.0875
0 0.56015625 0.4109375 0.06171875 0.08046875
0 0.5421875 0.2234375 0.01875 0.0265625
0 0.39375 0.2390625 0.02109375 0.02890625
0 0.35859375 0.425 0.05703125 0.096875
0 0.3484375 0.3703125 0.040625 0.06640625
0 0.49296875 0.4109375 0.05078125 0.071875
0 0.45 0.346875 0.03359375 0.0484375
0 0.3734375 0.29140625 0.0265625 0.0375
0 0.5296875 0.38125 0.04375 0.059375
0 0.4640625 0.36796875 0.04140625 0.0609375
0 0.9859375 0.4390625 0.02734375 0.0796875
0 0.43359375 0.32421875 0.03203125 0.046875
0 0.50703125 0.35 0.03984375 0.05703125
0 0.51875 0.19296875 0.01796875 0.021875
0 0.3875 0.30859375 0.03515625 0.05390625
0 0.48046875 0.18046875 0.015625 0.01796875
0 0.459375 0.1828125 0.01484375 0.021875
0 0.371875 0.209375 0.0171875 0.0265625
0 0.4359375 0.15859375 0.01328125 0.01953125
0 0.48203125 0.20078125 0.015625 0.025
2 0.7859375 0.303125 0.06640625 0.06953125
2 0.846875 0.325 0.0734375 0.08046875
2 0.4046875 0.3390625 0.0609375 0.128125
0 0.45625 0.16015625 0.01328125 0.021875
1 0.67109375 0.284375 0.01484375 0.03359375
