0 0.6890625 0.31015625 0.03671875 0.040625
0 0.40390625 0.2703125 0.025 0.03359375
0 0.40234375 0.36328125 0.04296875 0.0625
0 0.415625 0.39609375 0.046875 0.0640625
0 0.915625 0.4046875 0.07109375 0.06953125
0 0.525 0.36953125 0.04453125 0.0640625
0 0.3703125 0.2703125 0.02265625 0.034375
0 0.5328125 0.23203125 0.0203125 0.02890625
0 0.45859375 0.36171875 0.0390625 0.05390625
0 0.34296875 0.36328125 0.03984375 0.05703125
0 0.5609375 0.2359375 0.01875 0.0265625
0 0.38125 0.303125 0.02734375 0.04140625
0 0.35078125 0.3921875 0.04375 0.07109375
0 0.6125 0.26640625 0.02578125 0.03359375
0 0.38828125 0.32265625 0.03046875 0.04296875
0 0.44375 0.334375 0.03515625 0.0484375
0 0.3421875 0.3375 0.034375 0.046875
0 0.3921875 0.3453125 0.03671875 0.04453125
0 0.471875 0.1765625 0.01328125 0.01640625
0 0.50390625 0.19921875 0.01640625 0.02109375
0 0.446875 0.17109375 0.0125 0.01640625
0 0.459375 0.1828125 0.0140625 0.0234375
0 0.378125 0.28671875 0.02109375 0.03046875
2 0.7859375 0.303125 0.065625 0.06796875
2 0.9578125 0.3796875 0.08359375 0.134375
2 0.546875 0.196875 0.02734375 0.04609375
3 0.4828125 0.3859375 0.046875 0.08046875
1 0.34296875 0.31640625 0.01875 0.0375
