0 0.853125 0.38046875 0.05546875 0.0609375
0 0.79921875 0.378125 0.06328125 0.06640625
0 0.61328125 0.2703125 0.02734375 0.0359375
0 0.415625 0.39609375 0.046875 0.0640625
0 0.40234375 0.36328125 0.0421875 0.0609375
0 0.44375 0.334375 0.03515625 0.0484375
0 0.4515625 0.2859375 0.02734375 0.0390625
0 0.3734375 0.27890625 0.025 0.034375
0 0.3421875 0.36328125 0.03984375 0.05703125
0 0.35078125 0.3921875 0.04375 0.07109375
0 0.38125 0.303125 0.028125 0.04296875
0 0.45859375 0.36171875 0.03984375 0.05546875
0 0.38828125 0.32265625 0.03046875 0.04296875
0 0.5671875 0.2375 0.02265625 0.0265625
0 0.71484375 0.31953125 0.03515625 0.04140625
0 0.3421875 0.3375 0.034375 0.04609375
0 0.3921875 0.3453125 0.0359375 0.04453125
0 0.5703125 0.259375 0.0265625 0.03359375
0 0.521875 0.19375 0.0171875 0.01640625
0 0.3671875 0.24375 0.02265625 0.03203125
0 0.3671875 0.22890625 0.02109375 0.028125
0 0.4625 0.18203125 0.01796875 0.01953125
0 0.43984375 0.1625 0.01328125 0.01796875
0 0.45546875 0.1546875 0.0125 0.01796875
0 0.7859375 0.303125 0.0640625 0.06796875
2 0.7859375 0.303125 0.0640625 0.06796875
2 0.6265625 0.24375 0.04453125 0.0625
3 0.4828125 0.3859375 0.0484375 0.08046875
0 0.3671875 0.240625 0.021875 0.0390625
1 0.3390625 0.3078125 0.0125 0.0390625
