0 0.56015625 0.4109375 0.06171875 0.08046875
0 0.353125 0.403125 0.05 0.0875
0 0.5765625 0.24609375 0.02421875 0.02890625
0 0.4859375 0.40078125 0.0484375 0.065625
0 0.43515625 0.42265625 0.0546875 0.071875
0 0.37109375 0.28671875 0.0265625 0.0359375
0 0.54453125 0.2078125 0.01953125 0.0265625
0 0.4625 0.36328125 0.0421875 0.059375
0 0.5296875 0.38125 0.0421875 0.0609375
0 0.3484375 0.36328125 0.040625 0.053125
0 0.3890625 0.221875 0.01796875 0.03046875
0 0.4484375 0.3453125 0.03515625 0.0484375
0 0.50703125 0.35078125 0.03984375 0.05859375
0 0.4328125 0.3234375 0.03359375 0.04609375
0 0.3875 0.3078125 0.03671875 0.05546875
0 0.49609375 0.1984375 0.0171875 0.025
0 0.45859375 0.1828125 0.01796875 0.0234375
0 0.44375 0.1625 0.0140625 0.01953125
2 0.4046875 0.33828125 0.0609375 0.128125
2 0.7859375 0.303125 0.065625 0.06953125
2 0.8453125 0.325 0.0796875 0.08203125
3 0.46796875 0.1671875 0.01640625 0.02890625
1 0.82265625 0.34921875 0.0265625 0.0640625
