0 0.5609375 0.41171875 0.06015625 0.08203125
0 0.67265625 0.31875 0.03359375 0.040625
0 0.54609375 0.209375 0.01875 0.0265625
0 0.4953125 0.18046875 0.0140625 0.01953125
0 0.45859375 0.18203125 0.0140625 0.01796875
0 0.36875 0.21171875 0.01640625 0.0234375
0 0.540625 0.38125 0.0453125 0.06640625
0 0.47734375 0.1671875 0.01484375 0.01796875
0 0.4390625 0.16015625 0.01328125 0.01640625
0 0.7859375 0.303125 0.06484375 0.06953125
0 0.4640625 0.16171875 0.0140625 0.015625
2 0.51171875 0.3265625 0.0734375 0.13046875
2 0.7859375 0.303125 0.06484375 0.06953125
2 0.4796875 0.3 0.0546875 0.10390625
2 0.3390625 0.21640625 0.0265625 0.0640625
3 0.434375 0.32265625 0.0359375 0.08359375
0 0.540625 0.38125 0.0453125 0.06640625
