0 0.6703125 0.30078125 0.03515625 0.0390625
0 0.86796875 0.38671875 0.06328125 0.0640625
0 0.415625 0.39609375 0.046875 0.0640625
0 0.40234375 0.36328125 0.04296875 0.0609375
0 0.5328125 0.37734375 0.0453125 0.065625
0 0.5515625 0.23046875 0.01875 0.0265625
0 0.3703125 0.271875 0.021875 0.03203125
0 0.6 0.259375 0.02421875 0.03203125
0 0.4578125 0.36171875 0.03828125 0.05546875
0 0.34296875 0.36328125 0.03984375 0.05703125
0 0.35078125 0.3921875 0.04375 0.07109375
0 0.38125 0.303125 0.0265625 0.04140625
0 0.38828125 0.32265625 0.03046875 0.04296875
0 0.3921875 0.34609375 0.03671875 0.04453125
0 0.3421875 0.3375 0.034375 0.04609375
0 0.44453125 0.33671875 0.034375 0.0484375
0 0.40625 0.27421875 0.025 0.034375
0 0.4984375 0.19296875 0.01796875 0.021875
0 0.4578125 0.18203125 0.0140625 0.021875
0 0.47109375 0.1734375 0.0140625 0.01796875
0 0.43515625 0.1578125 0.01796875 0.01953125
0 0.378125 0.2875 0.02109375 0.03046875
0 0.503125 0.215625 0.02109375 0.0265625
0 0.7859375 0.303125 0.065625 0.06953125
2 0.946875 0.3734375 0.10625 0.140625
2 0.7859375 0.303125 0.065625 0.06953125
2 0.5453125 0.19375 0.0265625 0.05
3 0.4828125 0.3859375 0.04765625 0.08203125
1 0.3421875 0.31640625 0.01796875 0.0375
