0 0.903125 0.40234375 0.0609375 0.0640625
0 0.6453125 0.28515625 0.03203125 0.0359375
0 0.403125 0.3640625 0.04296875 0.0609375
0 0.415625 0.39609375 0.046875 0.065625
0 0.3703125 0.26171875 0.021875 0.034375
0 0.4578125 0.3609375 0.0390625 0.05390625
0 0.41953125 0.24453125 0.0203125 0.028125
0 0.43671875 0.325 0.034375 0.04609375
0 0.34296875 0.3640625 0.03984375 0.05703125
0 0.38125 0.303125 0.028125 0.04453125
0 0.56328125 0.2546875 0.02578125 0.03046875
0 0.3515625 0.3921875 0.04375 0.06953125
0 0.7546875 0.353125 0.0453125 0.05546875
0 0.38828125 0.3234375 0.03125 0.04453125
0 0.34140625 0.334375 0.0328125 0.0390625
0 0.68046875 0.321875 0.04375 0.0484375
0 0.5640625 0.2328125 0.0203125 0.0234375
0 0.3671875 0.225 0.01796875 0.025
0 0.3921875 0.3453125 0.0359375 0.04453125
0 0.4984375 0.2015625 0.01640625 0.0265625
0 0.55546875 0.2171875 0.01875 0.0234375
0 0.5234375 0.225 0.0171875 0.028125
0 0.47578125 0.16796875 0.01328125 0.01640625
0 0.459375 0.18046875 0.015625 0.021875
0 0.45 0.16875 0.015625 0.01953125
0 0.7859375 0.303125 0.0640625 0.065625
2 0.7234375 0.284375 0.08046875 0.08359375
2 0.7859375 0.303125 0.0640625 0.065625
3 0.4828125 0.3859375 0.0484375 0.08203125
1 0.3375 0.290625 0.01328125 0.040625
