0 0.6046875 0.2609375 0.02421875 0.03203125
0 0.40234375 0.36328125 0.04296875 0.0625
0 0.884375 0.3921875 0.0703125 0.065625
0 0.3703125 0.27109375 0.021875 0.03359375
0 0.415625 0.39609375 0.046875 0.065625
0 0.5296875 0.3734375 0.04609375 0.06796875
0 0.6765625 0.303125 0.0359375 0.0390625
0 0.3421875 0.36328125 0.03984375 0.05703125
0 0.35078125 0.3921875 0.04375 0.07109375
0 0.45859375 0.3625 0.0390625 0.05390625
0 0.40546875 0.271875 0.025 0.03359375
0 0.38125 0.303125 0.02734375 0.04140625
0 0.3875 0.32265625 0.0296875 0.04296875
0 0.5265625 0.228125 0.01875 0.0234375
0 0.5546875 0.2328125 0.01875 0.0265625
0 0.34140625 0.3375 0.03515625 0.04609375
0 0.44453125 0.33671875 0.034375 0.0484375
0 0.3890625 0.3453125 0.03125 0.04453125
0 0.4703125 0.17421875 0.0140625 0.01640625
0 0.4578125 0.1828125 0.0140625 0.021875
0 0.5015625 0.19375 0.015625 0.01953125
0 0.4453125 0.16953125 0.01328125 0.01640625
0 0.43515625 0.1578125 0.01640625 0.01796875
0 0.7859375 0.303125 0.065625 0.06953125
2 0.95 0.378125 0.09921875 0.1375
2 0.7859375 0.303125 0.065625 0.06953125
2 0.5453125 0.19375 0.02734375 0.0484375
3 0.4828125 0.3859375 0.04765625 0.08203125
1 0.3421875 0.31640625 0.01796875 0.0359375
