0 0.5609375 0.41171875 0.0609375 0.08046875
0 0.3671875 0.45625 0.059375 0.0859375
0 0.5796875 0.2296875 0.02109375 0.025
0 0.6859375 0.28671875 0.0390625 0.046875
0 0.496875 0.190625 0.0140625 0.02109375
0 0.521875 0.19296875 0.01640625 0.0234375
0 0.475 0.178125 0.015625 0.01640625
0 0.540625 0.38125 0.0453125 0.06640625
0 0.525 0.2234375 0.01640625 0.02890625
0 0.45859375 0.18359375 0.01484375 0.01953125
0 0.39296875 0.22109375 0.0203125 0.04453125
0 0.5046875 0.215625 0.01875 0.025
0 0.7859375 0.303125 0.065625 0.06953125
0 0.4328125 0.153125 0.015625 0.015625
2 0.5125 0.33125 0.0703125 0.11796875
2 0.7859375 0.303125 0.065625 0.06953125
2 0.478125 0.2953125 0.05859375 0.0984375
2 0.6859375 0.28671875 0.0390625 0.046875
3 0.39296875 0.22265625 0.0203125 0.04453125
0 0.540625 0.38125 0.0453125 0.06640625
2 0.48125 0.165625 0.0171875 0.025
0 0.525 0.2234375 0.01640625 0.02890625
0 0.521875 0.19140625 0.01640625 0.0234375
1 0.3765625 0.30703125 0.01328125 0.04140625
