0 0.540625 0.38515625 0.04765625 0.06953125
0 0.81328125 0.3640625 0.05546875 0.05859375
0 0.403125 0.36328125 0.0421875 0.0625
0 0.415625 0.39609375 0.046875 0.065625
0 0.409375 0.2796875 0.02578125 0.034375
0 0.4578125 0.36171875 0.03828125 0.05390625
0 0.3421875 0.3625 0.03984375 0.05703125
0 0.35078125 0.3921875 0.04375 0.07109375
0 0.38125 0.303125 0.02734375 0.04140625
0 0.5421875 0.22265625 0.01640625 0.0234375
0 0.38828125 0.32265625 0.0296875 0.04296875
0 0.3703125 0.271875 0.0234375 0.03203125
0 0.646875 0.28828125 0.0328125 0.0359375
0 0.34140625 0.3375 0.034375 0.046875
0 0.44375 0.334375 0.03515625 0.0484375
0 0.3921875 0.3453125 0.03671875 0.04453125
0 0.5859375 0.25078125 0.02265625 0.02890625
0 0.49375 0.18984375 0.01484375 0.01953125
0 0.7859375 0.303125 0.06484375 0.06953125
0 0.48125 0.178125 0.015625 0.01640625
2 0.92890625 0.3640625 0.14140625 0.1359375
2 0.7859375 0.303125 0.06484375 0.06953125
2 0.54375 0.19140625 0.025 0.04609375
3 0.4828125 0.3859375 0.0484375 0.08203125
1 0.3421875 0.31640625 0.0171875 0.0359375
0 0.4328125 0.1578125 0.02109375 0.01953125
