0 0.72890625 0.32578125 0.0390625 0.04609375
0 0.415625 0.39609375 0.04765625 0.0640625
0 0.403125 0.36328125 0.04296875 0.0609375
0 0.47734375 0.315625 0.03203125 0.046875
0 0.3421875 0.3625 0.03984375 0.05859375
0 0.45859375 0.36171875 0.0390625 0.053125
0 0.91328125 0.40546875 0.0671875 0.06640625
0 0.35078125 0.3921875 0.04375 0.07109375
0 0.3890625 0.32265625 0.03125 0.04296875
0 0.65 0.30625 0.03984375 0.04453125
0 0.6421875 0.2828125 0.03203125 0.03046875
0 0.38125 0.303125 0.0265625 0.040625
0 0.36640625 0.25546875 0.02421875 0.03203125
0 0.38359375 0.2390625 0.02109375 0.0265625
0 0.5296875 0.22890625 0.0203125 0.0265625
0 0.559375 0.23515625 0.01953125 0.028125
0 0.3421875 0.3375 0.034375 0.04609375
0 0.44375 0.334375 0.034375 0.0484375
0 0.3921875 0.3453125 0.03671875 0.04453125
0 0.37578125 0.28671875 0.02578125 0.034375
0 0.49921875 0.19296875 0.01640625 0.02109375
0 0.5328125 0.21640625 0.01640625 0.021875
0 0.459375 0.16796875 0.015625 0.01640625
0 0.4703125 0.190625 0.01484375 0.021875
0 0.43125 0.1578125 0.01484375 0.01796875
0 0.49921875 0.20625 0.015625 0.021875
2 0.7859375 0.303125 0.06484375 0.06953125
2 0.584375 0.2203125 0.04375 0.05390625
3 0.4828125 0.38671875 0.0484375 0.08046875
1 0.34140625 0.30859375 0.0125 0.034375
