0 0.5578125 0.4015625 0.0515625 0.0734375
0 0.5890625 0.253125 0.02265625 0.02890625
0 0.40234375 0.36328125 0.04296875 0.0609375
0 0.415625 0.39609375 0.046875 0.065625
0 0.684375 0.30625 0.03671875 0.040625
0 0.371875 0.27734375 0.02421875 0.03359375
0 0.5453125 0.2234375 0.01875 0.0265625
0 0.4578125 0.3625 0.0390625 0.05390625
0 0.35078125 0.39296875 0.04375 0.06953125
0 0.34296875 0.36328125 0.040625 0.05703125
0 0.38046875 0.303125 0.028125 0.04140625
0 0.41875 0.29765625 0.0296875 0.0390625
0 0.38828125 0.32265625 0.0296875 0.04296875
0 0.3421875 0.33828125 0.03515625 0.04609375
0 0.44453125 0.3375 0.03515625 0.046875
0 0.3921875 0.3453125 0.03671875 0.04296875
0 0.459375 0.18203125 0.015625 0.021875
0 0.51328125 0.20625 0.0265625 0.02890625
0 0.4546875 0.1609375 0.01796875 0.01640625
0 0.4265625 0.15390625 0.015625 0.01640625
0 0.440625 0.16171875 0.01484375 0.01640625
0 0.47265625 0.17421875 0.01484375 0.01953125
2 0.81328125 0.321875 0.1109375 0.10703125
2 0.5359375 0.18515625 0.0265625 0.04296875
3 0.4828125 0.38671875 0.0484375 0.08046875
