0 0.52265625 0.55546875 0.1 0.1328125
0 0.3703125 0.46484375 0.06875 0.1234375
0 0.509375 0.43203125 0.06015625 0.0734375
0 0.47265625 0.3796875 0.0453125 0.0640625
0 0.3484375 0.371875 0.040625 0.06796875
0 0.56015625 0.41171875 0.0640625 0.07890625
0 0.45859375 0.35546875 0.03828125 0.053125
0 0.396875 0.25390625 0.02109375 0.03046875
0 0.5296875 0.3796875 0.04375 0.05703125
0 0.50703125 0.35 0.040625 0.05859375
0 0.3734375 0.29375 0.02578125 0.0390625
0 0.81953125 0.36640625 0.0578125 0.06953125
0 0.50234375 0.1828125 0.015625 0.01796875
0 0.4390625 0.3296875 0.0328125 0.0484375
0 0.36875 0.21953125 0.01640625 0.021875
0 0.459375 0.1828125 0.01484375 0.02109375
0 0.34609375 0.2125 0.015625 0.01953125
0 0.51484375 0.19921875 0.01953125 0.01640625
0 0.428125 0.153125 0.0125 0.01640625
0 0.38671875 0.31015625 0.03671875 0.053125
2 0.40859375 0.34609375 0.06640625 0.13203125
2 0.7859375 0.303125 0.0640625 0.07109375
2 0.846875 0.325 0.07421875 0.08203125
3 0.44375 0.15859375 0.01484375 0.01953125
1 0.5953125 0.23984375 0.01328125 0.028125
