0 0.5109375 0.53671875 0.08515625 0.1125
0 0.83828125 0.371875 0.05859375 0.0609375
0 0.50546875 0.42734375 0.0578125 0.075
0 0.36796875 0.45625 0.06484375 0.11796875
0 0.56015625 0.41171875 0.06171875 0.07890625
0 0.3484375 0.371875 0.040625 0.065625
0 0.4703125 0.3765625 0.04453125 0.065625
0 0.3953125 0.25234375 0.02265625 0.02890625
0 0.45625 0.353125 0.03828125 0.053125
0 0.3734375 0.29375 0.02578125 0.0375
0 0.5296875 0.38046875 0.04375 0.059375
0 0.5046875 0.184375 0.0140625 0.02109375
0 0.3703125 0.21640625 0.0171875 0.0234375
0 0.50703125 0.35078125 0.040625 0.05703125
0 0.4359375 0.32578125 0.0359375 0.04453125
0 0.4703125 0.17578125 0.01171875 0.01796875
0 0.44296875 0.1609375 0.0140625 0.01953125
0 0.459375 0.1828125 0.015625 0.02109375
0 0.3734375 0.18984375 0.01640625 0.0265625
0 0.38671875 0.31015625 0.03984375 0.0515625
2 0.7859375 0.303125 0.06484375 0.06953125
2 0.4078125 0.34140625 0.065625 0.125
2 0.846875 0.325 0.07421875 0.08359375
3 0.5046875 0.184375 0.0140625 0.02109375
1 0.60625 0.24765625 0.01171875 0.028125
