0 0.37734375 0.278125 0.0265625 0.04296875
0 0.5609375 0.41171875 0.06015625 0.08203125
0 0.4578125 0.1828125 0.01484375 0.01796875
0 0.3703125 0.20859375 0.015625 0.02890625
0 0.540625 0.38125 0.0453125 0.06640625
0 0.434375 0.1546875 0.01640625 0.015625
0 0.34453125 0.2203125 0.01640625 0.021875
0 0.49375 0.178125 0.01484375 0.0234375
0 0.4625 0.16171875 0.01484375 0.01640625
0 0.521875 0.22265625 0.0203125 0.02890625
0 0.7859375 0.303125 0.06484375 0.06953125
2 0.51015625 0.32578125 0.07578125 0.13359375
2 0.7859375 0.303125 0.06484375 0.06953125
2 0.4796875 0.3 0.059375 0.1015625
2 0.3375 0.275 0.0375 0.08203125
3 0.746875 0.6078125 0.16328125 0.28359375
0 0.49375 0.1765625 0.01484375 0.0234375
0 0.540625 0.38125 0.0453125 0.06640625
