0 0.6921875 0.30859375 0.034375 0.04140625
0 0.415625 0.39609375 0.04765625 0.0640625
0 0.403125 0.36328125 0.0421875 0.059375
0 0.3890625 0.246875 0.02265625 0.02890625
0 0.459375 0.36171875 0.0390625 0.05390625
0 0.34296875 0.3625 0.03984375 0.05703125
0 0.6109375 0.28359375 0.0328125 0.040625
0 0.48828125 0.3296875 0.03515625 0.0515625
0 0.5421875 0.221875 0.01796875 0.0265625
0 0.38125 0.303125 0.0265625 0.04296875
0 0.35078125 0.3921875 0.04375 0.07109375
0 0.38828125 0.32265625 0.03046875 0.04296875
0 0.8359375 0.37421875 0.0578125 0.059375
0 0.3671875 0.259375 0.021875 0.03203125
0 0.3421875 0.3375 0.034375 0.04609375
0 0.44453125 0.334375 0.03515625 0.0484375
0 0.3921875 0.3453125 0.0359375 0.04453125
0 0.3765625 0.2875 0.0234375 0.03203125
0 0.615625 0.26796875 0.03046875 0.03359375
0 0.49375 0.1859375 0.0140625 0.02109375
0 0.521875 0.2078125 0.02109375 0.0265625
0 0.42734375 0.15390625 0.01484375 0.01796875
0 0.46015625 0.18125 0.01640625 0.02109375
0 0.45 0.1703125 0.0140625 0.01796875
0 0.7859375 0.303125 0.06484375 0.06796875
2 0.7859375 0.303125 0.06484375 0.06796875
2 0.571875 0.21328125 0.0390625 0.05546875
3 0.4828125 0.38671875 0.0484375 0.08046875
1 0.3421875 0.315625 0.01640625 0.0390625
