0 0.1859375 0.78203125 0.15 0.2328125
0 0.27265625 0.7078125 0.13125 0.1875
0 0.44609375 0.73359375 0.12578125 0.2421875
0 0.640625 0.73515625 0.1265625 0.19296875
0 0.34765625 0.63984375 0.08515625 0.14296875
0 0.39375 0.57265625 0.0703125 0.1125
0 0.46875 0.5 0.071875 0.10625
0 0.58203125 0.50625 0.06171875 0.1046875
0 0.503125 0.4765625 0.053125 0.08203125
0 0.53671875 0.4359375 0.03984375 0.0609375
0 0.61015625 0.43828125 0.04765625 0.09296875
0 0.5890625 0.38046875 0.03515625 0.0609375
0 0.67265625 0.35625 0.0265625 0.03515625
0 0.62265625 0.375 0.01328125 0.0203125
0 0.621875 0.3359375 0.01640625 0.0234375
0 0.646875 0.353125 0.0171875 0.02578125
