0 0.5265625 0.56640625 0.09140625 0.14453125
0 0.16796875 0.7640625 0.17265625 0.21015625
0 0.2296875 0.584375 0.09765625 0.11953125
2 0.4265625 0.74296875 0.16875 0.39453125
0 0.66171875 0.76796875 0.1296875 0.2375
0 0.6984375 0.71640625 0.10234375 0.19140625
0 0.67578125 0.6078125 0.09296875 0.13515625
0 0.703125 0.5734375 0.08828125 0.13671875
0 0.33203125 0.6421875 0.0796875 0.1375
0 0.425 0.5234375 0.07265625 0.0921875
0 0.48359375 0.49921875 0.04453125 0.07578125
0 0.421875 0.4484375 0.04453125 0.0578125
0 0.47890625 0.46953125 0.04375 0.06328125
0 0.57421875 0.51953125 0.053125 0.0890625
0 0.62421875 0.48359375 0.04453125 0.06875
0 0.525 0.43359375 0.04375 0.06953125
0 0.57578125 0.4640625 0.04375 0.05234375
0 0.5625 0.41171875 0.03828125 0.06796875
0 0.6140625 0.4328125 0.03515625 0.0453125
0 0.6515625 0.42578125 0.0390625 0.05234375
0 0.578125 0.39453125 0.03515625 0.04296875
0 0.5984375 0.3796875 0.0296875 0.040625
0 0.6203125 0.403125 0.0359375 0.03671875
