0 0.35 0.625 0.10625 0.125
0 0.1875 0.8015625 0.16484375 0.19453125
0 0.66484375 0.7671875 0.1453125 0.24140625
0 0.3359375 0.49765625 0.05859375 0.0703125
0 0.38828125 0.875 0.1640625 0.2328125
0 0.45234375 0.67734375 0.1203125 0.15625
0 0.42734375 0.51953125 0.06796875 0.1234375
0 0.48046875 0.5109375 0.0609375 0.0859375
0 0.55625 0.54765625 0.07265625 0.1046875
0 0.5125 0.45859375 0.05546875 0.08828125
0 0.59921875 0.4703125 0.05 0.07890625
0 0.696875 0.684375 0.096875 0.13671875
0 0.68203125 0.6046875 0.0875 0.13984375
0 0.70234375 0.57265625 0.08359375 0.11640625
0 0.5453125 0.41875 0.0375 0.06796875
0 0.58671875 0.4015625 0.025 0.03515625
0 0.61875 0.41796875 0.046875 0.06328125
0 0.6421875 0.40390625 0.04140625 0.0359375
0 0.60078125 0.3734375 0.03125 0.03671875
