0 0.23046875 0.73828125 0.1375 0.19375
0 0.48671875 0.6671875 0.1046875 0.1453125
0 0.26171875 0.95 0.209375 0.1
0 0.55390625 0.53359375 0.08046875 0.1125
0 0.428125 0.53828125 0.07890625 0.103125
0 0.33046875 0.50703125 0.06328125 0.06015625
0 0.68828125 0.6796875 0.11640625 0.10859375
0 0.0390625 0.9375 0.078125 0.11796875
0 0.64609375 0.48984375 0.06484375 0.08125
0 0.68359375 0.61875 0.09921875 0.0765625
0 0.52109375 0.47578125 0.059375 0.0640625
0 0.62421875 0.40078125 0.03984375 0.04140625
0 0.50546875 0.40234375 0.03359375 0.03125
0 0.56015625 0.4125 0.0359375 0.03671875
0 0.6765625 0.58671875 0.10703125 0.0875
0 0.6953125 0.5625 0.0953125 0.084375
0 0.58828125 0.390625 0.0296875 0.02578125
0 0.5953125 0.43203125 0.0484375 0.03671875
0 0.3546875 0.790625 0.17109375 0.253125
0 0.5546875 0.37421875 0.02890625 0.028125
0 0.52421875 0.3875 0.03046875 0.025
0 0.66640625 0.7671875 0.15 0.234375
0 0.5921875 0.46484375 0.0546875 0.03984375
0 0.5921875 0.446875 0.0515625 0.0515625
