0 0.659375 0.7765625 0.140625 0.2625
0 0.696875 0.69296875 0.1015625 0.16796875
0 0.68125 0.60390625 0.08359375 0.15078125
0 0.70234375 0.5765625 0.08046875 0.134375
0 0.67265625 0.52265625 0.05546875 0.08671875
0 0.6578125 0.48984375 0.05 0.07109375
0 0.64609375 0.47265625 0.0515625 0.06875
0 0.428125 0.77109375 0.1421875 0.18515625
0 0.2140625 0.715625 0.15703125 0.24609375
0 0.01953125 0.7609375 0.0390625 0.146875
0 0.08125 0.690625 0.12578125 0.1625
0 0.3609375 0.62421875 0.10078125 0.1640625
0 0.25 0.58984375 0.09921875 0.1046875
0 0.51171875 0.640625 0.10078125 0.13671875
0 0.5125 0.55546875 0.06796875 0.10625
0 0.55234375 0.53828125 0.06484375 0.09140625
0 0.4015625 0.51171875 0.078125 0.10234375
0 0.334375 0.4984375 0.06953125 0.08671875
0 0.56796875 0.49140625 0.0546875 0.075
0 0.52578125 0.46328125 0.0453125 0.0609375
0 0.53203125 0.40234375 0.03046875 0.04296875
0 0.60078125 0.45078125 0.04296875 0.05703125
0 0.5640625 0.40859375 0.03671875 0.05625
0 0.62578125 0.41015625 0.03203125 0.04609375
0 0.65625 0.38203125 0.02578125 0.046875
0 0.596875 0.3671875 0.0203125 0.03515625
0 0.6203125 0.35625 0.02109375 0.03515625
2 0.4484375 0.43125 0.0890625 0.12578125
