0 0.16015625 0.75859375 0.18359375 0.225
0 0.01953125 0.73515625 0.0390625 0.16875
0 0.27890625 0.7046875 0.08359375 0.153125
0 0.40625 0.7421875 0.121875 0.18828125
0 0.3390625 0.62734375 0.08359375 0.11015625
0 0.3890625 0.55 0.0796875 0.121875
0 0.49375 0.675 0.0953125 0.14921875
0 0.52265625 0.628125 0.10625 0.11015625
0 0.54609375 0.57578125 0.0734375 0.10390625
0 0.5890625 0.5390625 0.0671875 0.0984375
0 0.60703125 0.3734375 0.02265625 0.03671875
0 0.64765625 0.37421875 0.021875 0.034375
0 0.61875 0.33515625 0.0234375 0.02109375
0 0.65546875 0.34453125 0.03203125 0.003125
0 0.68359375 0.35703125 0.01953125 0.0328125
