0 0.06484375 0.86015625 0.1296875 0.2796875
0 0.23671875 0.72890625 0.1390625 0.21015625
0 0.3859375 0.79140625 0.140625 0.21015625
0 0.32265625 0.65546875 0.1140625 0.14765625
0 0.3796875 0.57109375 0.07734375 0.10859375
0 0.4796875 0.703125 0.09609375 0.159375
0 0.5046875 0.65390625 0.0921875 0.1421875
0 0.55 0.54765625 0.08203125 0.1078125
0 0.5875 0.5390625 0.0609375 0.07578125
0 0.559375 0.40703125 0.0390625 0.0671875
0 0.59296875 0.396875 0.028125 0.02734375
0 0.62578125 0.41796875 0.0375 0.0484375
0 0.59921875 0.36796875 0.0234375 0.03671875
0 0.6234375 0.365625 0.02734375 0.02421875
0 0.59609375 0.33828125 0.02421875 0.0265625
0 0.6390625 0.3484375 0.02265625 0.0265625
