0 0.0984375 0.84765625 0.18828125 0.23203125
0 0.246875 0.94765625 0.178125 0.1046875
0 0.3890625 0.79375 0.1375 0.221875
0 0.25390625 0.671875 0.13984375 0.2140625
0 0.5046875 0.6375 0.0921875 0.18359375
0 0.43515625 0.521875 0.08828125 0.1109375
0 0.5671875 0.57734375 0.0828125 0.1109375
0 0.5015625 0.475 0.06484375 0.11171875
0 0.57421875 0.49140625 0.071875 0.07890625
0 0.55390625 0.4265625 0.05234375 0.05078125
0 0.58984375 0.39921875 0.03828125 0.0421875
0 0.5984375 0.3703125 0.0375 0.03203125
0 0.6515625 0.3625 0.03125 0.04453125
0 0.6015625 0.3640625 0.0296875 0.02734375
