0 0.425 0.76796875 0.1328125 0.18515625
0 0.05859375 0.70546875 0.1171875 0.1546875
0 0.54140625 0.43125 0.046875 0.0453125
0 0.3859375 0.59296875 0.09921875 0.121875
0 0.5109375 0.45625 0.0578125 0.05859375
0 0.68828125 0.6890625 0.11953125 0.13046875
0 0.4765625 0.6203125 0.11640625 0.1109375
0 0.68125 0.6203125 0.09921875 0.08359375
0 0.46875 0.49140625 0.06328125 0.078125
0 0.52734375 0.5546875 0.09375 0.096875
0 0.44453125 0.72265625 0.10703125 0.1125
0 0.4640625 0.6953125 0.11953125 0.134375
0 0.50703125 0.59140625 0.0890625 0.078125
2 0.37890625 0.490625 0.13203125 0.1953125
0 0.5609375 0.415625 0.03671875 0.034375
0 0.66796875 0.7671875 0.15078125 0.23671875
0 0.69609375 0.5671875 0.096875 0.09140625
0 0.653125 0.48046875 0.06015625 0.0703125
0 0.56015625 0.4859375 0.06953125 0.0625
0 0.26640625 0.69921875 0.13359375 0.17265625
2 0.17265625 0.75625 0.171875 0.2796875
0 0.59609375 0.43125 0.05234375 0.04765625
0 0.65703125 0.41015625 0.03359375 0.0375
0 0.55234375 0.52890625 0.075 0.084375
0 0.6828125 0.58828125 0.09453125 0.08828125
0 0.56796875 0.46953125 0.06015625 0.0609375
