0 0.21171875 0.77109375 0.1609375 0.203125
0 0.409375 0.7390625 0.13671875 0.17578125
0 0.4859375 0.696875 0.10859375 0.1578125
0 0.521875 0.62734375 0.1015625 0.10625
0 0.64375 0.77265625 0.12265625 0.16484375
0 0.67578125 0.69375 0.0953125 0.196875
0 0.64609375 0.503125 0.071875 0.10078125
0 0.55546875 0.41953125 0.05546875 0.0734375
0 0.4796875 0.396875 0.0359375 0.05390625
0 0.61796875 0.371875 0.0265625 0.0484375
0 0.58984375 0.35234375 0.0328125 0.04609375
0 0.6515625 0.33984375 0.0265625 0.03515625
