0 0.2171875 0.76953125 0.16796875 0.1984375
0 0.41484375 0.7453125 0.128125 0.17265625
0 0.48046875 0.671875 0.10859375 0.1625
0 0.63828125 0.7734375 0.13515625 0.18125
0 0.66640625 0.675 0.10078125 0.159375
0 0.51875 0.62265625 0.0890625 0.16484375
0 0.44921875 0.51015625 0.0796875 0.0890625
0 0.4828125 0.3921875 0.0359375 0.06640625
0 0.59375 0.4359375 0.046875 0.0734375
0 0.5859375 0.35390625 0.03125 0.0484375
0 0.62734375 0.3484375 0.025 0.03515625
0 0.66953125 0.3390625 0.0265625 0.03515625
