0 0.20625 0.77265625 0.15703125 0.1875
0 0.3515625 0.58671875 0.103125 0.11484375
0 0.4046875 0.759375 0.115625 0.20859375
0 0.4875 0.6859375 0.08671875 0.153125
0 0.5296875 0.6203125 0.09296875 0.1515625
0 0.5453125 0.50625 0.0828125 0.0859375
0 0.6390625 0.79453125 0.1359375 0.1671875
0 0.66171875 0.69140625 0.0984375 0.15
0 0.6828125 0.62578125 0.08828125 0.12109375
0 0.48046875 0.390625 0.053125 0.0625
0 0.6078125 0.3703125 0.03203125 0.0546875
0 0.58671875 0.3453125 0.02734375 0.04609375
0 0.64609375 0.35 0.0234375 0.03671875
0 0.66953125 0.3484375 0.02109375 0.03125
