0 0.4265625 0.76796875 0.13515625 0.1890625
0 0.059375 0.7078125 0.11875 0.15625
0 0.4921875 0.4875 0.0703125 0.06171875
0 0.4453125 0.50859375 0.08203125 0.08828125
0 0.68671875 0.6890625 0.1203125 0.13671875
0 0.328125 0.653125 0.12578125 0.140625
0 0.496875 0.59921875 0.109375 0.08515625
0 0.68359375 0.61796875 0.10078125 0.08046875
0 0.44453125 0.71796875 0.11328125 0.125
0 0.4703125 0.62265625 0.125 0.1234375
0 0.5265625 0.56796875 0.0984375 0.1125
0 0.5328125 0.428125 0.04609375 0.04609375
0 0.51328125 0.45703125 0.05546875 0.0515625
0 0.69921875 0.5671875 0.0953125 0.0921875
0 0.66875 0.7671875 0.153125 0.23828125
0 0.55625 0.50234375 0.07109375 0.06796875
0 0.5671875 0.47578125 0.0625 0.06015625
0 0.64765625 0.44453125 0.05703125 0.05625
0 0.0125 0.778125 0.025 0.14921875
0 0.68359375 0.58984375 0.0953125 0.0921875
0 0.4515625 0.4171875 0.03359375 0.03515625
0 0.1953125 0.59375 0.1109375 0.12734375
2 0.16796875 0.75546875 0.15625 0.253125
2 0.33515625 0.5578125 0.15390625 0.2609375
0 0.2671875 0.71015625 0.11015625 0.1875
0 0.6703125 0.515625 0.06328125 0.08046875
0 0.65703125 0.47890625 0.05234375 0.06640625
0 0.6015625 0.42734375 0.040625 0.0296875
0 0.571875 0.40625 0.02265625 0.0359375
0 0.6296875 0.39921875 0.02734375 0.02578125
0 0.59453125 0.38125 0.03125 0.0296875
0 0.65 0.371875 0.02265625 0.03984375
