0 0.1484375 0.80390625 0.16640625 0.23125
0 0.3875 0.84921875 0.165625 0.2109375
0 0.33125 0.6625 0.115625 0.13359375
0 0.45546875 0.55390625 0.07421875 0.0796875
0 0.546875 0.5671875 0.078125 0.1390625
0 0.63515625 0.69140625 0.11640625 0.1546875
0 0.68125 0.5203125 0.0734375 0.08984375
0 0.60546875 0.48125 0.0640625 0.08125
0 0.4890625 0.484375 0.05625 0.07421875
0 0.53671875 0.45546875 0.0515625 0.0765625
0 0.56640625 0.4109375 0.04375 0.0515625
0 0.63046875 0.40546875 0.0359375 0.05078125
0 0.62109375 0.35703125 0.02578125 0.04140625
0 0.65 0.34296875 0.0234375 0.0359375
0 0.5921875 0.3578125 0.021875 0.02890625
