0 0.04765625 0.74609375 0.09296875 0.14765625
0 0.22265625 0.7546875 0.15625 0.19140625
0 0.42421875 0.7765625 0.13671875 0.20625
0 0.29765625 0.66796875 0.103125 0.1546875
0 0.4890625 0.67734375 0.0859375 0.159375
0 0.35234375 0.6125 0.06953125 0.11796875
0 0.5203125 0.45625 0.04453125 0.0828125
0 0.6078125 0.46171875 0.04609375 0.07265625
0 0.503125 0.4 0.0421875 0.0625
0 0.59453125 0.38046875 0.0375 0.05234375
0 0.6265625 0.3546875 0.0234375 0.04140625
0 0.6453125 0.3546875 0.02734375 0.03203125
0 0.66640625 0.35546875 0.021875 0.03046875
