0 0.41875 0.76796875 0.14921875 0.19453125
0 0.178125 0.596875 0.10625 0.12578125
0 0.059375 0.70625 0.11875 0.15390625
0 0.4515625 0.51171875 0.08671875 0.08671875
0 0.45078125 0.7125 0.11875 0.1375
0 0.6828125 0.6890625 0.12421875 0.13828125
0 0.6796875 0.6203125 0.10625 0.08515625
0 0.48515625 0.60859375 0.1203125 0.11171875
0 0.4890625 0.4828125 0.0578125 0.0609375
0 0.6671875 0.76640625 0.15078125 0.24140625
0 0.31796875 0.65703125 0.1234375 0.14765625
0 0.69453125 0.565625 0.10078125 0.090625
0 0.0125 0.778125 0.02421875 0.1484375
0 0.5234375 0.56796875 0.09453125 0.115625
0 0.45234375 0.41640625 0.034375 0.03515625
0 0.25234375 0.71484375 0.18671875 0.15625
2 0.1609375 0.7640625 0.18046875 0.24140625
2 0.3328125 0.5328125 0.15703125 0.2140625
0 0.55390625 0.515625 0.059375 0.084375
0 0.534375 0.43828125 0.0421875 0.06328125
0 0.5765625 0.47890625 0.0515625 0.084375
0 0.59375 0.45625 0.0421875 0.06953125
0 0.6703125 0.51640625 0.0640625 0.0890625
0 0.6484375 0.46640625 0.04921875 0.08203125
0 0.60078125 0.4390625 0.03359375 0.0671875
0 0.56328125 0.39921875 0.03046875 0.0421875
0 0.5046875 0.409375 0.02265625 0.04375
0 0.6109375 0.41640625 0.02734375 0.046875
0 0.5796875 0.38828125 0.02421875 0.04375
