0 0.03125 0.75546875 0.0625 0.1859375
0 0.14921875 0.62109375 0.11796875 0.16328125
0 0.22109375 0.78203125 0.1609375 0.1828125
0 0.29375 0.7046875 0.1078125 0.14453125
0 0.35625 0.6484375 0.04765625 0.153125
0 0.39375 0.621875 0.07421875 0.13203125
0 0.45859375 0.50859375 0.08359375 0.08125
0 0.41875 0.77578125 0.1421875 0.23125
0 0.49140625 0.66171875 0.09140625 0.16015625
0 0.5546875 0.453125 0.0609375 0.07109375
0 0.54296875 0.37265625 0.03828125 0.04609375
0 0.609375 0.4296875 0.04921875 0.0671875
0 0.640625 0.40078125 0.0375 0.06484375
0 0.59375 0.3640625 0.028125 0.0515625
0 0.6375 0.35625 0.040625 0.05
0 0.66484375 0.36796875 0.0359375 0.02890625
