0 0.21484375 0.83203125 0.11484375 0.13359375
0 0.421875 0.953125 0.13203125 0.09140625
0 0.321875 0.64453125 0.071875 0.084375
0 0.72265625 0.64296875 0.04765625 0.06640625
0 0.60703125 0.9140625 0.15625 0.1703125
0 0.41796875 0.6296875 0.06953125 0.0984375
0 0.55859375 0.490625 0.03359375 0.04296875
0 0.5078125 0.52890625 0.0421875 0.06484375
0 0.753125 0.5421875 0.03671875 0.0640625
1 0.90703125 0.8015625 0.07265625 0.08984375
1 0.52265625 0.7828125 0.028125 0.10859375
1 0.49609375 0.5890625 0.02265625 0.065625
0 0.56640625 0.43984375 0.03359375 0.04375
