0 0.37734375 0.60390625 0.05390625 0.06953125
0 0.51796875 0.60859375 0.05 0.06796875
0 0.3078125 0.60703125 0.05234375 0.0640625
1 0.259375 0.7046875 0.02734375 0.09296875
1 0.30546875 0.72890625 0.03203125 0.08984375
1 0.83828125 0.6734375 0.05703125 0.078125
2 0.4484375 0.5703125 0.0921875 0.16171875
2 0.52265625 0.50234375 0.06328125 0.096875
0 0.5046875 0.5453125 0.02265625 0.07265625
0 0.54765625 0.5609375 0.04375 0.0875
0 0.578125 0.54765625 0.02578125 0.0609375
0 0.59296875 0.51640625 0.028125 0.0515625
0 0.5625 0.50234375 0.015625 0.04921875
0 0.57265625 0.48515625 0.01640625 0.0453125
0 0.5921875 0.47265625 0.021875 0.04609375
0 0.69765625 0.43203125 0.01875 0.0328125
0 0.678125 0.41484375 0.01640625 0.025
