0 0.628125 0.56484375 0.04140625 0.05390625
0 0.38515625 0.59375 0.05625 0.06953125
0 0.4484375 0.60078125 0.05390625 0.06953125
0 0.75234375 0.54296875 0.03515625 0.0640625
0 0.521875 0.5890625 0.05 0.0796875
0 0.47578125 0.5625 0.04609375 0.0703125
0 0.5015625 0.54140625 0.03671875 0.0515625
0 0.5484375 0.50703125 0.025 0.040625
0 0.56328125 0.48984375 0.0203125 0.04609375
0 0.5859375 0.4703125 0.0296875 0.0328125
2 0.609375 0.43046875 0.046875 0.08046875
3 0.52265625 0.52265625 0.040625 0.06875
