0 0.51875 0.6078125 0.05 0.06953125
0 0.45703125 0.59375 0.05546875 0.08125
0 0.5640625 0.4484375 0.0265625 0.03828125
2 0.3984375 0.5546875 0.0890625 0.1546875
2 0.4734375 0.48515625 0.0578125 0.08984375
3 0.46015625 0.5265625 0.028125 0.06328125
0 0.4875 0.5671875 0.03671875 0.07421875
0 0.5078125 0.54296875 0.03203125 0.059375
0 0.5328125 0.51640625 0.034375 0.0515625
0 0.5265625 0.48046875 0.0265625 0.03984375
0 0.57578125 0.528125 0.03203125 0.04921875
0 0.5625 0.5484375 0.03046875 0.040625
0 0.54140625 0.57734375 0.04140625 0.078125
0 0.59296875 0.46953125 0.028125 0.03203125
0 0.62578125 0.42421875 0.01328125 0.028125
0 0.6875 0.44375 0.0203125 0.025
0 0.70546875 0.4609375 0.02578125 0.03828125
