0 0.0484375 0.93671875 0.096875 0.1265625
0 0.3078125 0.94453125 0.18828125 0.1109375
0 0.20078125 0.77734375 0.15078125 0.20078125
0 0.346875 0.6296875 0.0890625 0.12890625
0 0.40078125 0.7828125 0.13984375 0.18515625
0 0.4921875 0.64921875 0.103125 0.140625
0 0.39140625 0.584375 0.07109375 0.11171875
0 0.5234375 0.58828125 0.0828125 0.125
0 0.5578125 0.515625 0.07890625 0.10078125
0 0.48828125 0.4546875 0.0640625 0.075
0 0.60625 0.46875 0.040625 0.065625
0 0.5375 0.40390625 0.03828125 0.0578125
0 0.571875 0.40234375 0.0328125 0.04921875
0 0.621875 0.41796875 0.040625 0.0546875
0 0.5921875 0.384375 0.0421875 0.03671875
0 0.6203125 0.3609375 0.02578125 0.040625
0 0.64609375 0.384375 0.03671875 0.0328125
0 0.653125 0.34140625 0.0328125 0.0171875
