0 0.1171875 0.8328125 0.175 0.21875
0 0.66796875 0.74296875 0.1328125 0.13984375
0 0.58828125 0.565625 0.09375 0.10390625
0 0.2859375 0.66953125 0.12421875 0.1703125
0 0.45625 0.6796875 0.109375 0.16171875
0 0.53828125 0.53984375 0.10390625 0.09609375
0 0.4125 0.5625 0.0875 0.09921875
0 0.38359375 0.8046875 0.1296875 0.19921875
0 0.0703125 0.72890625 0.103125 0.1625
0 0.45 0.52578125 0.084375 0.1
0 0.4796875 0.48828125 0.0703125 0.06796875
0 0.12734375 0.6625 0.09375 0.1328125
0 0.159375 0.61953125 0.12734375 0.1296875
0 0.38828125 0.50078125 0.0765625 0.0984375
0 0.4953125 0.465625 0.0671875 0.0578125
0 0.67890625 0.6375 0.1046875 0.11015625
0 0.47265625 0.41484375 0.04375 0.04140625
0 0.56640625 0.48203125 0.07109375 0.059375
0 0.63984375 0.46484375 0.0578125 0.05390625
2 0.50078125 0.35859375 0.0484375 0.06640625
0 0.57109375 0.3921875 0.0359375 0.03359375
0 0.578125 0.46328125 0.0625 0.05625
0 0.6375 0.38515625 0.0359375 0.03046875
0 0.653125 0.48515625 0.07265625 0.078125
0 0.5265625 0.4359375 0.04765625 0.04765625
0 0.55 0.42109375 0.0484375 0.0421875
0 0.51484375 0.45078125 0.0546875 0.03984375
0 0.5890625 0.38125 0.03671875 0.03125
0 0.60078125 0.42890625 0.04296875 0.0375
0 0.61640625 0.3578125 0.02421875 0.02109375
0 0.659375 0.8859375 0.15390625 0.22734375
