0 0.32890625 0.63671875 0.11875 0.125
0 0.396875 0.54296875 0.0984375 0.09453125
0 0.33125 0.5234375 0.07421875 0.090625
0 0.52734375 0.57734375 0.0890625 0.1109375
0 0.42265625 0.71953125 0.15 0.18828125
0 0.58203125 0.478125 0.0625 0.071875
0 0.2265625 0.72265625 0.14921875 0.2109375
0 0.43828125 0.5140625 0.07890625 0.07265625
0 0.48203125 0.48984375 0.0609375 0.06875
0 0.46875 0.4140625 0.04921875 0.04296875
0 0.54375 0.53203125 0.084375 0.08125
0 0.5640625 0.50078125 0.07109375 0.08046875
0 0.57578125 0.39140625 0.03046875 0.0328125
0 0.55859375 0.40859375 0.04296875 0.04609375
0 0.6671875 0.7375 0.13125 0.2390625
0 0.1296875 0.65078125 0.12578125 0.13828125
0 0.6828125 0.54921875 0.07578125 0.05625
2 0.4921875 0.3625 0.03984375 0.075
0 0.52421875 0.4484375 0.05703125 0.05078125
2 0.5828125 0.34453125 0.03515625 0.0484375
0 0.59765625 0.37421875 0.0296875 0.02421875
0 0.63515625 0.38359375 0.03359375 0.028125
0 0.67578125 0.5859375 0.08671875 0.0671875
0 0.69140625 0.5265625 0.078125 0.0703125
0 0.60078125 0.434375 0.053125 0.0515625
0 0.4796875 0.4640625 0.05546875 0.05078125
0 0.5328125 0.4265625 0.0484375 0.046875
0 0.66875 0.621875 0.1046875 0.103125
0 0.61328125 0.4140625 0.046875 0.0421875
0 0.07109375 0.8875 0.14140625 0.225
0 0.5875 0.45234375 0.04609375 0.03671875
0 0.0640625 0.70078125 0.12734375 0.16796875
