0 0.39765625 0.571875 0.09609375 0.11953125
2 0.5125 0.36953125 0.08046875 0.0890625
0 0.45859375 0.5 0.0703125 0.09765625
0 0.50546875 0.60703125 0.09375 0.12265625
0 0.28125 0.94375 0.21484375 0.11171875
0 0.2015625 0.68984375 0.12734375 0.16484375
0 0.56953125 0.5125 0.08359375 0.0890625
0 0.03828125 0.70390625 0.0765625 0.13984375
0 0.5453125 0.4359375 0.0484375 0.053125
0 0.428125 0.70078125 0.12109375 0.16328125
0 0.53828125 0.55625 0.07109375 0.09375
0 0.60859375 0.446875 0.05859375 0.059375
0 0.4546875 0.4328125 0.04375 0.0421875
0 0.6671875 0.7328125 0.13203125 0.2359375
0 0.671875 0.62421875 0.10625 0.096875
0 0.59140625 0.47578125 0.0625 0.06640625
0 0.09140625 0.834375 0.1765625 0.21875
0 0.68984375 0.55234375 0.0734375 0.0578125
0 0.67734375 0.584375 0.08984375 0.0625
0 0.575 0.39140625 0.0453125 0.03515625
0 0.6234375 0.42578125 0.0453125 0.04375
0 0.69609375 0.525 0.075 0.0578125
0 0.653125 0.37890625 0.0359375 0.03359375
0 0.634375 0.409375 0.0453125 0.0359375
0 0.6359375 0.39140625 0.040625 0.03359375
0 0.58671875 0.38203125 0.03828125 0.0296875
0 0.6703125 0.66171875 0.11640625 0.08515625
0 0.55 0.4109375 0.04765625 0.03671875
