0 0.21796875 0.628125 0.1109375 0.109375
0 0.48203125 0.67109375 0.140625 0.1375
0 0.346875 0.634375 0.1234375 0.12421875
0 0.5703125 0.52265625 0.084375 0.07890625
0 0.4796875 0.49375 0.0703125 0.06953125
0 0.29921875 0.90859375 0.20546875 0.1765625
0 0.621875 0.7421875 0.13046875 0.14609375
0 0.09453125 0.83828125 0.1875 0.21953125
0 0.6953125 0.6515625 0.07734375 0.1171875
0 0.61171875 0.375 0.02265625 0.02890625
0 0.58828125 0.3578125 0.01875 0.03515625
0 0.60859375 0.34453125 0.01796875 0.0171875
0 0.6328125 0.35625 0.01875 0.0203125
