0 0.6375 0.77109375 0.115625 0.190625
0 0.30703125 0.93984375 0.19140625 0.11953125
0 0.05078125 0.928125 0.1015625 0.14296875
0 0.075 0.69609375 0.12265625 0.16015625
0 0.22734375 0.76796875 0.13671875 0.1921875
0 0.15390625 0.640625 0.09609375 0.12265625
0 0.45625 0.6953125 0.109375 0.165625
0 0.4203125 0.57265625 0.08984375 0.128125
0 0.65078125 0.66875 0.11015625 0.19375
0 0.7 0.6453125 0.0953125 0.140625
0 0.6859375 0.57421875 0.0734375 0.12890625
0 0.65234375 0.4890625 0.05703125 0.0828125
0 0.50546875 0.459375 0.0546875 0.096875
2 0.321875 0.50546875 0.1359375 0.24453125
2 0.59296875 0.4234375 0.078125 0.15859375
0 0.5328125 0.440625 0.03671875 0.059375
0 0.63828125 0.42578125 0.03984375 0.05625
0 0.64375 0.403125 0.0375 0.0515625
