0 0.35390625 0.89375 0.1734375 0.21171875
0 0.028125 0.9328125 0.05625 0.13359375
0 0.184375 0.765625 0.14453125 0.20625
0 0.315625 0.6234375 0.09453125 0.11875
0 0.27890625 0.55390625 0.0859375 0.096875
0 0.4265625 0.5546875 0.07578125 0.109375
0 0.47109375 0.71953125 0.1078125 0.17734375
0 0.66953125 0.73671875 0.12265625 0.2265625
0 0.653125 0.68046875 0.11796875 0.12578125
0 0.67421875 0.6140625 0.084375 0.12578125
0 0.69375 0.53828125 0.07890625 0.10390625
0 0.5328125 0.603125 0.090625 0.1265625
0 0.54375 0.5390625 0.06015625 0.08671875
0 0.56875 0.51875 0.05546875 0.11015625
0 0.5984375 0.48671875 0.05078125 0.0921875
0 0.634375 0.4515625 0.0390625 0.05625
0 0.6265625 0.42109375 0.0390625 0.04921875
0 0.51171875 0.4640625 0.04296875 0.05859375
0 0.54609375 0.43828125 0.03984375 0.05625
0 0.5625 0.409375 0.03515625 0.05859375
0 0.59765625 0.378125 0.03046875 0.05078125
0 0.6375 0.384375 0.0265625 0.04921875
2 0.45078125 0.41484375 0.075 0.134375
2 0.50703125 0.37890625 0.05 0.1
