2 0.22265625 0.54140625 0.1953125 0.28359375
2 0.4390625 0.41640625 0.078125 0.1265625
0 0.21953125 0.7375 0.13125 0.18359375
0 0.33515625 0.96171875 0.1671875 0.07578125
0 0.35390625 0.85625 0.16875 0.19765625
0 0.66796875 0.7296875 0.11484375 0.26015625
0 0.48984375 0.64609375 0.109375 0.17109375
0 0.37109375 0.609375 0.090625 0.13046875
0 0.4390625 0.51171875 0.078125 0.115625
0 0.4890625 0.48671875 0.05859375 0.078125
0 0.534375 0.45546875 0.0421875 0.06640625
0 0.5765625 0.5109375 0.053125 0.0859375
0 0.6015625 0.4625 0.053125 0.06640625
0 0.55859375 0.43125 0.03359375 0.0515625
0 0.553125 0.37734375 0.0265625 0.0375
0 0.48203125 0.41796875 0.03359375 0.04375
0 0.63828125 0.434375 0.03125 0.053125
0 0.5796875 0.3921875 0.03359375 0.04765625
0 0.64140625 0.3765625 0.0265625 0.0390625
0 0.60390625 0.37578125 0.0203125 0.0328125
0 0.68203125 0.6109375 0.090625 0.11875
0 0.6890625 0.546875 0.06953125 0.09765625
0 0.68671875 0.50234375 0.06796875 0.0828125
