0 0.36796875 0.609375 0.0984375 0.1234375
0 0.1234375 0.640625 0.121875 0.13046875
0 0.43125 0.7625 0.13359375 0.178125
0 0.2046875 0.7484375 0.14921875 0.178125
0 0.63125 0.43828125 0.046875 0.046875
0 0.225 0.59375 0.13203125 0.1171875
0 0.4671875 0.5046875 0.07265625 0.07890625
0 0.6015625 0.465625 0.05859375 0.0609375
0 0.54609375 0.546875 0.09765625 0.0953125
0 0.46640625 0.66953125 0.13046875 0.153125
0 0.66484375 0.73828125 0.13203125 0.23046875
0 0.496875 0.5890625 0.09140625 0.11953125
0 0.02421875 0.7734375 0.04765625 0.17734375
0 0.5359375 0.42890625 0.05234375 0.05234375
0 0.57578125 0.49609375 0.0625 0.071875
0 0.67265625 0.625 0.10703125 0.09765625
0 0.6796875 0.5875 0.0921875 0.0734375
0 0.69375 0.54609375 0.078125 0.065625
0 0.51328125 0.47734375 0.0625 0.05625
0 0.65 0.37734375 0.028125 0.0296875
0 0.60625 0.41796875 0.03828125 0.0453125
