0 0.17109375 0.76953125 0.1703125 0.18359375
0 0.4375 0.75859375 0.12890625 0.1859375
0 0.26328125 0.70859375 0.12421875 0.15703125
0 0.32890625 0.6140625 0.1109375 0.13359375
0 0.05703125 0.69609375 0.1140625 0.1734375
0 0.4765625 0.5015625 0.06796875 0.08203125
0 0.40625 0.48984375 0.06640625 0.06171875
0 0.665625 0.7265625 0.13359375 0.2375
0 0.4765625 0.60703125 0.1 0.1015625
0 0.45703125 0.67734375 0.12421875 0.15234375
0 0.5671875 0.52734375 0.075 0.084375
0 0.64453125 0.41796875 0.03984375 0.05078125
0 0.6703125 0.4859375 0.06328125 0.08203125
0 0.5296875 0.58984375 0.09375 0.1125
0 0.5796875 0.46640625 0.06171875 0.06640625
0 0.54296875 0.5484375 0.08046875 0.08203125
0 0.6671875 0.6265625 0.1140625 0.10703125
0 0.41640625 0.565625 0.0875 0.0890625
0 0.6890625 0.55546875 0.078125 0.06875
0 0.6796875 0.5875 0.0921875 0.0703125
0 0.0203125 0.77578125 0.040625 0.17890625
0 0.6453125 0.36953125 0.02890625 0.03203125
0 0.140625 0.63671875 0.1265625 0.1046875
0 0.6046875 0.36953125 0.02421875 0.025
0 0.5765625 0.49609375 0.06328125 0.06171875
