0 0.175 0.7703125 0.16328125 0.1828125
0 0.2625 0.7125 0.125 0.15234375
0 0.21953125 0.596875 0.1171875 0.115625
0 0.05625 0.6984375 0.1125 0.175
0 0.43359375 0.76015625 0.13046875 0.1828125
0 0.39296875 0.56953125 0.08984375 0.08828125
0 0.665625 0.728125 0.134375 0.25078125
0 0.478125 0.60625 0.09453125 0.1046875
0 0.365625 0.61640625 0.09453125 0.103125
0 0.565625 0.48359375 0.06875 0.065625
0 0.45625 0.68046875 0.12734375 0.1484375
0 0.3015625 0.6453125 0.1125 0.13828125
0 0.5453125 0.5546875 0.07890625 0.08046875
0 0.51484375 0.590625 0.1171875 0.1125
0 0.68984375 0.55625 0.08203125 0.0734375
0 0.6765625 0.5984375 0.09921875 0.08828125
0 0.640625 0.46796875 0.05390625 0.0671875
0 0.67109375 0.4875 0.06328125 0.0703125
0 0.56640625 0.4171875 0.03359375 0.03984375
0 0.0203125 0.77734375 0.03984375 0.17734375
0 0.5953125 0.3828125 0.03046875 0.03203125
0 0.621875 0.415625 0.03984375 0.05546875
