0 0.434375 0.7625 0.13125 0.1890625
0 0.6640625 0.72578125 0.1234375 0.24453125
0 0.17578125 0.765625 0.14765625 0.17734375
0 0.059375 0.69765625 0.11328125 0.18515625
0 0.2125 0.609375 0.096875 0.13046875
0 0.2671875 0.7203125 0.11484375 0.1671875
0 0.30390625 0.64453125 0.10234375 0.14375
0 0.465625 0.6796875 0.103125 0.14609375
0 0.3734375 0.61953125 0.08515625 0.10390625
0 0.39296875 0.5734375 0.07421875 0.09609375
0 0.48359375 0.61171875 0.07890625 0.1203125
0 0.5359375 0.5921875 0.0765625 0.12265625
0 0.540625 0.553125 0.07265625 0.1046875
0 0.565625 0.53203125 0.06484375 0.0984375
0 0.66796875 0.49296875 0.05546875 0.0875
0 0.6796875 0.634375 0.0984375 0.14765625
0 0.68828125 0.5609375 0.08125 0.1171875
0 0.57109375 0.48984375 0.05859375 0.10390625
0 0.4578125 0.50703125 0.0609375 0.0921875
0 0.41171875 0.55078125 0.06328125 0.08671875
0 0.64609375 0.48671875 0.05703125 0.078125
0 0.628125 0.446875 0.0390625 0.07890625
2 0.4890625 0.4328125 0.09765625 0.17734375
2 0.54375 0.35625 0.0484375 0.0796875
0 0.60078125 0.37578125 0.02890625 0.04140625
0 0.58125 0.36171875 0.0203125 0.03203125
0 0.653125 0.359375 0.021875 0.0375
0 0.61484375 0.36796875 0.0265625 0.02890625
0 0.578125 0.3640625 0.01796875 0.040625
