0 0.175 0.7703125 0.16171875 0.184375
0 0.43203125 0.76328125 0.1296875 0.1796875
0 0.26171875 0.71015625 0.12890625 0.153125
0 0.05625 0.69609375 0.1125 0.1734375
0 0.215625 0.60703125 0.10234375 0.1171875
0 0.3640625 0.615625 0.10546875 0.1015625
0 0.6671875 0.73671875 0.13359375 0.23515625
0 0.45234375 0.51796875 0.0828125 0.07265625
0 0.475 0.6078125 0.103125 0.10859375
0 0.45859375 0.67734375 0.1296875 0.15625
0 0.5171875 0.59140625 0.11171875 0.11015625
0 0.6671875 0.490625 0.0765625 0.07421875
0 0.29609375 0.64609375 0.1171875 0.13046875
2 0.52265625 0.3515625 0.04453125 0.05703125
0 0.5453125 0.5546875 0.07890625 0.08515625
0 0.39296875 0.5703125 0.090625 0.08671875
0 0.67734375 0.596875 0.09921875 0.090625
0 0.56171875 0.4015625 0.03515625 0.0390625
0 0.63515625 0.453125 0.0609375 0.06875
0 0.5671875 0.4859375 0.0734375 0.0796875
2 0.490625 0.42890625 0.10078125 0.15859375
0 0.0203125 0.778125 0.03984375 0.17109375
0 0.6109375 0.41875 0.04765625 0.0421875
0 0.69453125 0.54921875 0.08359375 0.06875
0 0.665625 0.634375 0.11796875 0.1078125
0 0.6484375 0.3734375 0.02734375 0.02890625
0 0.6890625 0.50859375 0.08671875 0.071875
0 0.603125 0.3703125 0.0265625 0.02734375
0 0.60703125 0.4015625 0.0375 0.03515625
0 0.575 0.384375 0.028125 0.02890625
