0 0.678125 0.77265625 0.1234375 0.20703125
0 0.45703125 0.6640625 0.1078125 0.16796875
0 0.48359375 0.5921875 0.1140625 0.140625
0 0.66953125 0.65625 0.10859375 0.10078125
0 0.4625 0.49140625 0.0734375 0.08359375
0 0.53984375 0.43828125 0.04375 0.05234375
0 0.5140625 0.4671875 0.078125 0.08359375
0 0.56015625 0.41640625 0.04609375 0.0421875
0 0.02890625 0.7609375 0.05625 0.19609375
0 0.6671875 0.53203125 0.07578125 0.0921875
0 0.5875 0.38671875 0.03828125 0.03828125
0 0.65546875 0.6078125 0.09296875 0.11171875
2 0.5015625 0.375 0.0625 0.10234375
0 0.43359375 0.5484375 0.0546875 0.103125
0 0.60546875 0.46171875 0.05625 0.071875
0 0.61796875 0.4296875 0.0515625 0.04296875
0 0.340625 0.86953125 0.16328125 0.1984375
0 0.63359375 0.40625 0.0515625 0.05078125
0 0.3 0.95 0.2078125 0.1
0 0.66171875 0.49296875 0.06875 0.06328125
2 0.3015625 0.58203125 0.20703125 0.34609375
