0 0.05390625 0.715625 0.10703125 0.15625
2 0.43828125 0.41484375 0.08515625 0.14375
0 0.54765625 0.56328125 0.084375 0.10078125
0 0.40390625 0.56484375 0.11484375 0.134375
0 0.67734375 0.77109375 0.125 0.2078125
0 0.26015625 0.69765625 0.1375 0.21953125
0 0.60078125 0.4640625 0.0609375 0.090625
0 0.4625 0.50390625 0.07421875 0.078125
0 0.66875 0.67578125 0.1140625 0.1171875
0 0.50703125 0.4703125 0.06015625 0.065625
0 0.5578125 0.41953125 0.04921875 0.05
0 0.0703125 0.890625 0.13984375 0.21796875
0 0.66484375 0.57265625 0.09140625 0.10625
0 0.52578125 0.44609375 0.05 0.04609375
0 0.4984375 0.6453125 0.10625 0.15234375
0 0.56796875 0.40625 0.05 0.040625
0 0.65 0.62578125 0.0984375 0.08203125
0 0.584375 0.39609375 0.03828125 0.03671875
0 0.6234375 0.39765625 0.04296875 0.04453125
0 0.65390625 0.38203125 0.0234375 0.0265625
0 0.61953125 0.44609375 0.06953125 0.053125
