0 0.58046875 0.3328125 0.0390625 0.0546875
0 0.6140625 0.38203125 0.04453125 0.0609375
0 0.56171875 0.4359375 0.053125 0.07890625
0 0.57421875 0.25625 0.025 0.03671875
0 0.32734375 0.41953125 0.06953125 0.09375
0 0.43828125 0.35859375 0.05234375 0.078125
0 0.3875 0.39375 0.05859375 0.0703125
0 0.5015625 0.31171875 0.03984375 0.05
0 0.4703125 0.33828125 0.03828125 0.05859375
3 0.47109375 0.609375 0.12578125 0.25234375
2 0.17421875 0.43984375 0.2515625 0.17578125
2 0.6625 0.1953125 0.04140625 0.078125
2 0.68515625 0.1828125 0.02109375 0.05
2 0.709375 0.159375 0.02421875 0.04921875
0 0.67109375 0.26171875 0.0328125 0.05546875
0 0.71484375 0.20234375 0.02109375 0.02890625
0 0.73515625 0.18359375 0.0140625 0.0328125
0 0.7609375 0.1890625 0.0171875 0.0265625
0 0.521875 0.28203125 0.03359375 0.06328125
