0 0.27578125 0.45703125 0.08125 0.08828125
3 0.1234375 0.4765625 0.14921875 0.115625
1 0.721875 0.51953125 0.02734375 0.09375
1 0.54375 0.753125 0.0515625 0.1484375
0 0.5171875 0.4109375 0.0578125 0.07109375
3 0.60078125 0.39375 0.053125 0.0859375
2 0.5328125 0.29140625 0.08515625 0.1390625
0 0.48515625 0.36015625 0.04453125 0.06875
0 0.55078125 0.37265625 0.04921875 0.08359375
0 0.5734375 0.3390625 0.021875 0.03828125
0 0.590625 0.33125 0.0328125 0.04921875
0 0.61015625 0.31171875 0.0390625 0.0671875
2 0.6890625 0.17734375 0.028125 0.05625
2 0.7265625 0.15 0.01796875 0.04296875
2 0.740625 0.13671875 0.01328125 0.03125
0 0.57265625 0.246875 0.0265625 0.0453125
0 0.57890625 0.29375 0.02421875 0.0421875
0 0.6234375 0.296875 0.02734375 0.04140625
0 0.63359375 0.2828125 0.02578125 0.05234375
0 0.653125 0.275 0.015625 0.04140625
0 0.67578125 0.26796875 0.02421875 0.0359375
0 0.77890625 0.26328125 0.025 0.03671875
0 0.7265625 0.275 0.0265625 0.03828125
0 0.74609375 0.2421875 0.0203125 0.0421875
0 0.73984375 0.21953125 0.0140625 0.0203125
0 0.7515625 0.21328125 0.01640625 0.03203125
0 0.7578125 0.19921875 0.01484375 0.028125
0 0.71953125 0.20234375 0.015625 0.034375
0 0.734375 0.18515625 0.0140625 0.028125
3 0.66328125 0.20546875 0.0328125 0.05546875
0 0.6140625 0.253125 0.0265625 0.03359375
0 0.63203125 0.24453125 0.02109375 0.03359375
0 0.65 0.23203125 0.02109375 0.02265625
0 0.59453125 0.2828125 0.0265625 0.04140625
