0 0.1625 0.72421875 0.22421875 0.146875
0 0.1390625 0.64296875 0.18671875 0.1234375
0 0.45703125 0.40078125 0.05625 0.0734375
0 0.76171875 0.31484375 0.034375 0.05390625
1 0.62890625 0.7265625 0.04375 0.14453125
0 0.534375 0.39609375 0.05390625 0.07109375
0 0.60546875 0.3859375 0.05234375 0.07578125
0 0.5609375 0.2390625 0.04140625 0.04453125
2 0.15703125 0.43984375 0.28984375 0.19453125
2 0.3546875 0.36875 0.1359375 0.19453125
0 0.4921875 0.36015625 0.0609375 0.06640625
0 0.51640625 0.325 0.05546875 0.0625
0 0.55625 0.35078125 0.040625 0.06640625
0 0.58046875 0.33671875 0.034375 0.04921875
0 0.603125 0.321875 0.0375 0.05703125
0 0.6171875 0.3015625 0.028125 0.053125
0 0.62734375 0.278125 0.0296875 0.04921875
0 0.6609375 0.2796875 0.0296875 0.0515625
0 0.75390625 0.20625 0.0140625 0.02265625
0 0.74765625 0.21484375 0.01796875 0.0328125
0 0.77578125 0.2140625 0.02109375 0.03203125
