0 0.25859375 0.9203125 0.240625 0.159375
0 0.684375 0.76953125 0.12109375 0.20703125
0 0.66171875 0.7046875 0.0984375 0.16171875
0 0.6546875 0.65625 0.09765625 0.12421875
0 0.66484375 0.58203125 0.07578125 0.13125
0 0.68125 0.54921875 0.08359375 0.1390625
0 0.2640625 0.696875 0.12578125 0.18046875
0 0.35625 0.6140625 0.09609375 0.125
0 0.459375 0.51640625 0.06640625 0.0890625
0 0.5234375 0.46484375 0.05078125 0.09375
0 0.56171875 0.41484375 0.0328125 0.04140625
0 0.64296875 0.35703125 0.02421875 0.0328125
0 0.57734375 0.35234375 0.02109375 0.03203125
