0 0.2 0.78046875 0.14453125 0.21328125
0 0.0546875 0.7140625 0.109375 0.16875
0 0.5265625 0.56015625 0.09140625 0.14375
0 0.67890625 0.76953125 0.11796875 0.22578125
0 0.6609375 0.6859375 0.096875 0.16171875
0 0.6546875 0.6390625 0.10234375 0.13046875
0 0.66484375 0.57578125 0.0890625 0.11796875
0 0.6828125 0.54375 0.078125 0.12578125
0 0.60234375 0.4609375 0.046875 0.07890625
0 0.6453125 0.3953125 0.03515625 0.0578125
0 0.5984375 0.37890625 0.0234375 0.0359375
0 0.62578125 0.35390625 0.01953125 0.0296875
