0 0.49609375 0.66015625 0.090625 0.12734375
0 0.54296875 0.55625 0.078125 0.08984375
0 0.3515625 0.634375 0.146875 0.12578125
0 0.190625 0.74609375 0.196875 0.1796875
0 0.62890625 0.42109375 0.05390625 0.04453125
0 0.47890625 0.49609375 0.075 0.0703125
0 0.56875 0.40625 0.040625 0.03671875
0 0.540625 0.44453125 0.04296875 0.0421875
0 0.42578125 0.7625 0.134375 0.17265625
0 0.5328125 0.3953125 0.04609375 0.03828125
0 0.29140625 0.69375 0.14140625 0.15703125
0 0.596875 0.38203125 0.0359375 0.0296875
0 0.6265625 0.3671875 0.03125 0.04296875
0 0.6421875 0.35 0.02578125 0.02734375
0 0.65390625 0.353125 0.0234375 0.021875
