0 0.3609375 0.634375 0.10703125 0.096875
0 0.31953125 0.53984375 0.0875 0.0765625
0 0.5671875 0.53671875 0.0953125 0.0875
0 0.40390625 0.58125 0.0875 0.09296875
0 0.5875 0.39375 0.040625 0.03828125
0 0.6359375 0.3984375 0.03671875 0.03359375
0 0.49609375 0.47734375 0.07109375 0.065625
0 0.55234375 0.4265625 0.05 0.04375
0 0.27265625 0.70546875 0.153125 0.16171875
0 0.44921875 0.525 0.08984375 0.07578125
0 0.18984375 0.74921875 0.17734375 0.171875
0 0.49453125 0.64765625 0.09296875 0.16015625
0 0.425 0.77109375 0.12890625 0.15234375
