0 0.4109375 0.75078125 0.16640625 0.22734375
0 0.4328125 0.5390625 0.08125 0.09921875
0 0.05234375 0.71953125 0.1046875 0.1640625
0 0.1921875 0.78984375 0.15 0.18828125
0 0.6796875 0.771875 0.1265625 0.2109375
0 0.6703125 0.6828125 0.11953125 0.13515625
0 0.44375 0.67578125 0.125 0.13359375
0 0.228125 0.7015625 0.15078125 0.1875
0 0.66484375 0.578125 0.0890625 0.109375
0 0.64765625 0.63125 0.1046875 0.09296875
1 0.08125 0.83515625 0.06796875 0.21953125
1 0.55390625 0.4265625 0.0203125 0.06796875
