0 0.58125 0.50390625 0.0703125 0.05703125
0 0.34296875 0.640625 0.1234375 0.09609375
0 0.48984375 0.4828125 0.0640625 0.05859375
0 0.55234375 0.58125 0.103125 0.103125
0 0.5484375 0.4375 0.04921875 0.0515625
0 0.1890625 0.7453125 0.1765625 0.1703125
0 0.4234375 0.77265625 0.12265625 0.13828125
0 0.390625 0.5796875 0.10078125 0.10546875
0 0.0296875 0.76328125 0.059375 0.1796875
0 0.48515625 0.675 0.11328125 0.146875
0 0.44140625 0.5359375 0.0625 0.09375
0 0.6375 0.41171875 0.034375 0.0578125
0 0.58203125 0.38671875 0.04375 0.03671875
0 0.56484375 0.4203125 0.03359375 0.04375
0 0.615625 0.36796875 0.0265625 0.03671875
0 0.6515625 0.36796875 0.0390625 0.03359375
