0 0.19375 0.790625 0.14921875 0.18828125
0 0.41015625 0.7515625 0.16875 0.225
0 0.328125 0.64140625 0.11328125 0.134375
0 0.68125 0.77265625 0.128125 0.21171875
0 0.0515625 0.7203125 0.103125 0.16015625
0 0.6703125 0.68359375 0.12109375 0.14296875
0 0.44609375 0.6828125 0.12265625 0.14921875
1 0.078125 0.8375 0.0734375 0.22421875
0 0.2265625 0.70625 0.15078125 0.1859375
0 0.665625 0.57421875 0.09140625 0.11328125
0 0.65625 0.6328125 0.1046875 0.09921875
0 0.6109375 0.36796875 0.02578125 0.0265625
0 0.65078125 0.37578125 0.02734375 0.02734375
1 0.41328125 0.55078125 0.05078125 0.109375
