0 0.40546875 0.7515625 0.17890625 0.22890625
0 0.19375 0.78984375 0.1484375 0.1890625
0 0.05234375 0.721875 0.1046875 0.17109375
0 0.68046875 0.7703125 0.1265625 0.21484375
0 0.6703125 0.68046875 0.11875 0.13671875
0 0.45 0.67890625 0.11875 0.14921875
0 0.3265625 0.62890625 0.10859375 0.11953125
0 0.2265625 0.7046875 0.15078125 0.1828125
0 0.6640625 0.575 0.090625 0.10859375
0 0.6359375 0.43984375 0.046875 0.0609375
1 0.078125 0.8421875 0.071875 0.2109375
2 0.57265625 0.34921875 0.046875 0.0515625
0 0.58125 0.390625 0.03046875 0.03203125
0 0.5265625 0.38359375 0.03046875 0.03515625
0 0.60859375 0.359375 0.03046875 0.02734375
0 0.65625 0.35859375 0.025 0.01875
0 0.646875 0.6328125 0.1046875 0.090625
