0 0.63515625 0.39140625 0.0453125 0.04609375
0 0.56953125 0.41171875 0.05390625 0.053125
0 0.53203125 0.58671875 0.11484375 0.13203125
0 0.45234375 0.44765625 0.0765625 0.0609375
0 0.49921875 0.4890625 0.0703125 0.07890625
0 0.584375 0.51171875 0.0765625 0.06796875
0 0.1875 0.7484375 0.18828125 0.18671875
0 0.52734375 0.4609375 0.0703125 0.0609375
0 0.425 0.78046875 0.13515625 0.21328125
0 0.28671875 0.70546875 0.09921875 0.16953125
0 0.34609375 0.64453125 0.10078125 0.14375
0 0.41875 0.57890625 0.07421875 0.11484375
0 0.44765625 0.52734375 0.0703125 0.1140625
0 0.48828125 0.68671875 0.1 0.15078125
0 0.6125 0.4671875 0.0421875 0.06796875
