0 0.76953125 0.44375 0.10859375 0.11171875
0 0.1609375 0.49296875 0.07421875 0.13984375
0 0.57734375 0.45390625 0.09140625 0.109375
0 0.26796875 0.42578125 0.07734375 0.1296875
0 0.15 0.40546875 0.0578125 0.10546875
0 0.48515625 0.47578125 0.08671875 0.13203125
0 0.3625 0.428125 0.0765625 0.12109375
0 0.38125 0.32890625 0.06171875 0.08203125
0 0.32109375 0.36484375 0.05703125 0.09609375
0 0.51796875 0.37578125 0.075 0.08671875
0 0.66171875 0.42421875 0.09296875 0.12109375
0 0.4203125 0.384375 0.07421875 0.0953125
3 0.22421875 0.15625 0.05546875 0.1109375
3 0.1859375 0.1140625 0.03203125 0.07421875
3 0.29296875 0.2890625 0.0703125 0.10703125
3 0.41796875 0.26015625 0.04921875 0.08046875
0 0.4609375 0.24140625 0.03828125 0.0703125
0 0.246875 0.2390625 0.0375 0.05546875
0 0.26875 0.17421875 0.03046875 0.053125
0 0.33359375 0.2703125 0.0515625 0.05703125
0 0.37578125 0.23515625 0.03515625 0.06484375
0 0.49296875 0.2796875 0.04296875 0.0671875
0 0.4625 0.31171875 0.05703125 0.0703125
0 0.5453125 0.31953125 0.0625 0.09375
0 0.6 0.35859375 0.06015625 0.084375
0 0.67734375 0.3515625 0.07421875 0.096875
