0 0.1578125 0.64765625 0.1375 0.11796875
0 0.29296875 0.671875 0.1609375 0.14296875
0 0.4203125 0.771875 0.15703125 0.19140625
0 0.20078125 0.76796875 0.16640625 0.1875
0 0.278125 0.93828125 0.19375 0.1234375
0 0.590625 0.37890625 0.04140625 0.0328125
0 0.49609375 0.4921875 0.0921875 0.09765625
0 0.62890625 0.4046875 0.05859375 0.04921875
0 0.5359375 0.5890625 0.10703125 0.15078125
0 0.3671875 0.61484375 0.1015625 0.121875
0 0.06015625 0.8984375 0.1203125 0.203125
0 0.41640625 0.565625 0.06875 0.09765625
0 0.44453125 0.5453125 0.05234375 0.0859375
0 0.5859375 0.5125 0.0671875 0.084375
0 0.6140625 0.46953125 0.04296875 0.06328125
0 0.52890625 0.46171875 0.053125 0.0828125
0 0.55625 0.44140625 0.04140625 0.053125
