0 0.19375 0.79140625 0.14296875 0.1875
0 0.4 0.765625 0.14921875 0.26171875
0 0.68359375 0.77109375 0.125 0.21328125
0 0.665625 0.68984375 0.1046875 0.1765625
0 0.4515625 0.68359375 0.10859375 0.1765625
0 0.32734375 0.64453125 0.096875 0.14609375
0 0.228125 0.71875 0.1359375 0.2203125
0 0.0515625 0.7265625 0.103125 0.184375
0 0.665625 0.575 0.0953125 0.1140625
0 0.5359375 0.440625 0.05 0.07421875
0 0.47421875 0.40078125 0.034375 0.046875
0 0.58671875 0.38203125 0.025 0.0421875
0 0.60703125 0.36640625 0.0234375 0.02265625
0 0.64296875 0.3765625 0.02265625 0.03125
2 0.53515625 0.371875 0.05234375 0.08125
