0 0.053125 0.721875 0.10625 0.16328125
0 0.19140625 0.78984375 0.140625 0.18515625
0 0.23828125 0.7171875 0.12734375 0.2015625
0 0.39921875 0.75390625 0.1515625 0.23828125
0 0.3203125 0.64609375 0.10859375 0.14453125
0 0.44765625 0.7046875 0.103125 0.19296875
0 0.6796875 0.77734375 0.1296875 0.2375
0 0.6578125 0.67578125 0.1125 0.1453125
0 0.66484375 0.5875 0.084375 0.1359375
0 0.46015625 0.50625 0.0703125 0.09453125
0 0.47421875 0.39921875 0.0359375 0.05
0 0.5625 0.41328125 0.03828125 0.04921875
0 0.58984375 0.46015625 0.04140625 0.0765625
0 0.61640625 0.44140625 0.0359375 0.05390625
0 0.5875 0.38828125 0.028125 0.04375
0 0.6390625 0.41796875 0.03046875 0.0484375
0 0.6421875 0.38359375 0.02421875 0.0390625
0 0.625 0.3796875 0.021875 0.03359375
2 0.52578125 0.375 0.05390625 0.08828125
