0 0.3234375 0.6265625 0.12265625 0.13125
0 0.66015625 0.48671875 0.08828125 0.0859375
0 0.40390625 0.77109375 0.13203125 0.14140625
0 0.4296875 0.55625 0.08828125 0.08515625
0 0.50234375 0.64921875 0.1171875 0.096875
0 0.4578125 0.51953125 0.09140625 0.07890625
0 0.11015625 0.83984375 0.1953125 0.209375
0 0.51484375 0.47109375 0.09296875 0.090625
0 0.55546875 0.55 0.05625 0.103125
0 0.59296875 0.51328125 0.059375 0.11328125
0 0.54375 0.44296875 0.06015625 0.0984375
0 0.60390625 0.4484375 0.04921875 0.071875
0 0.6109375 0.34609375 0.03359375 0.040625
