0 0.38359375 0.56796875 0.0984375 0.109375
2 0.528125 0.37265625 0.0640625 0.08125
0 0.40625 0.75078125 0.16875 0.22890625
0 0.48125 0.4921875 0.06875 0.071875
0 0.05234375 0.71796875 0.1046875 0.1609375
0 0.5125 0.57578125 0.09140625 0.11953125
0 0.67734375 0.771875 0.12421875 0.20859375
0 0.66875 0.67734375 0.11875 0.1203125
0 0.31171875 0.646875 0.11171875 0.1125
0 0.540625 0.534375 0.08203125 0.08828125
1 0.2359375 0.85390625 0.06875 0.18515625
0 0.63515625 0.40859375 0.0421875 0.03984375
0 0.56484375 0.41171875 0.0390625 0.03671875
0 0.6640625 0.57421875 0.0890625 0.1046875
0 0.440625 0.65703125 0.12421875 0.09453125
0 0.5203125 0.45078125 0.05859375 0.0671875
0 0.4875 0.4078125 0.03515625 0.03515625
0 0.2234375 0.70625 0.15 0.19765625
0 0.65390625 0.63515625 0.10234375 0.08359375
0 0.6578125 0.4765625 0.07421875 0.07265625
0 0.58515625 0.38515625 0.0296875 0.02578125
0 0.59921875 0.43125 0.0515625 0.04140625
0 0.64375 0.384375 0.03515625 0.0296875
1 0.0734375 0.81796875 0.06875 0.22578125
