0 0.66484375 0.70234375 0.12421875 0.17578125
0 0.1953125 0.73671875 0.159375 0.1875
0 0.04375 0.728125 0.08671875 0.17265625
0 0.453125 0.51015625 0.0859375 0.0984375
0 0.409375 0.76328125 0.1359375 0.2
0 0.33984375 0.59765625 0.12890625 0.13515625
0 0.39609375 0.5671875 0.08984375 0.0953125
0 0.2890625 0.665625 0.125 0.1359375
0 0.49453125 0.60546875 0.11796875 0.11796875
2 0.52109375 0.37421875 0.05703125 0.07265625
0 0.54296875 0.528125 0.09453125 0.109375
0 0.1046875 0.88046875 0.190625 0.2390625
0 0.56328125 0.4140625 0.034375 0.03671875
0 0.6609375 0.61015625 0.08671875 0.0671875
0 0.6640625 0.57421875 0.090625 0.1046875
0 0.4953125 0.478125 0.0609375 0.05625
0 0.31171875 0.634375 0.09609375 0.08125
0 0.63984375 0.3984375 0.0296875 0.03203125
0 0.565625 0.5015625 0.07734375 0.0890625
0 0.584375 0.38984375 0.028125 0.02734375
0 0.4609375 0.65859375 0.115625 0.1515625
0 0.65390625 0.48046875 0.071875 0.078125
0 0.52734375 0.44140625 0.05 0.0453125
0 0.61328125 0.39296875 0.0328125 0.0296875
0 0.65703125 0.8796875 0.14765625 0.240625
0 0.59140625 0.4609375 0.059375 0.05625
0 0.61484375 0.425 0.03828125 0.03671875
0 0.253125 0.92578125 0.21875 0.1484375
