0 0.32421875 0.63125 0.12421875 0.12421875
0 0.6609375 0.64921875 0.15625 0.16953125
0 0.41171875 0.540625 0.10234375 0.12421875
0 0.53515625 0.54140625 0.075 0.08984375
0 0.23671875 0.7546875 0.14375 0.16328125
0 0.46640625 0.4953125 0.07421875 0.07578125
0 0.65234375 0.4796875 0.07265625 0.08046875
0 0.496875 0.4671875 0.06484375 0.06484375
0 0.525 0.44296875 0.0625 0.05390625
0 0.58515625 0.446875 0.05546875 0.0609375
0 0.6734375 0.56484375 0.0890625 0.0703125
0 0.49921875 0.41171875 0.0375 0.034375
0 0.5390625 0.3890625 0.03046875 0.0296875
0 0.6859375 0.525 0.0765625 0.0671875
0 0.6359375 0.44921875 0.06171875 0.05625
0 0.57421875 0.396875 0.03671875 0.0328125
2 0.50546875 0.88046875 0.98828125 0.2390625
0 0.66796875 0.50625 0.0703125 0.0640625
0 0.553125 0.41171875 0.04453125 0.04140625
0 0.625 0.41875 0.0484375 0.03984375
0 0.640625 0.40390625 0.03828125 0.0328125
0 0.6 0.3765625 0.028125 0.0265625
0 0.0203125 0.7484375 0.03984375 0.1546875
0 0.640625 0.38359375 0.0359375 0.03671875
0 0.0546875 0.9140625 0.103125 0.171875
