2 0.28203125 0.5046875 0.15 0.20625
0 0.18828125 0.7859375 0.15 0.22109375
0 0.27109375 0.93359375 0.203125 0.13203125
0 0.39765625 0.81796875 0.1390625 0.22578125
0 0.65546875 0.74375 0.13359375 0.2734375
0 0.47734375 0.64765625 0.11875 0.16328125
0 0.340625 0.6328125 0.1 0.13359375
0 0.41640625 0.55078125 0.06640625 0.08828125
0 0.484375 0.48984375 0.05703125 0.07265625
0 0.534375 0.5671875 0.07578125 0.10234375
0 0.6703125 0.6203125 0.1 0.16328125
0 0.675 0.509375 0.0609375 0.07578125
0 0.56015625 0.5265625 0.0671875 0.109375
0 0.5078125 0.46171875 0.04375 0.0640625
0 0.58125 0.4765625 0.0515625 0.09453125
0 0.55859375 0.41796875 0.03046875 0.0546875
0 0.52265625 0.4328125 0.03203125 0.04375
0 0.58671875 0.384375 0.02734375 0.0328125
0 0.603125 0.36953125 0.0234375 0.0359375
2 0.58203125 0.35 0.0375 0.0640625
0 0.59921875 0.44140625 0.0390625 0.06171875
