0 0.6515625 0.79375 0.140625 0.24765625
0 0.40625 0.76484375 0.15078125 0.23046875
0 0.2265625 0.74609375 0.14609375 0.18515625
2 0.0515625 0.69765625 0.103125 0.415625
0 0.33984375 0.6296875 0.11640625 0.1578125
0 0.409375 0.546875 0.071875 0.10625
0 0.47578125 0.49921875 0.0546875 0.08515625
0 0.49765625 0.64765625 0.08515625 0.140625
0 0.66171875 0.6703125 0.109375 0.19296875
0 0.68046875 0.6125 0.08515625 0.12265625
0 0.66484375 0.57578125 0.0734375 0.09375
0 0.696875 0.5625 0.0703125 0.10703125
0 0.53203125 0.55625 0.06640625 0.10625
0 0.5421875 0.53125 0.05625 0.10078125
0 0.53671875 0.43203125 0.03125 0.04921875
0 0.565625 0.41953125 0.040625 0.06484375
2 0.53125 0.36796875 0.046875 0.084375
