0 0.3125 0.64453125 0.1171875 0.11953125
0 0.41015625 0.55859375 0.09609375 0.10234375
0 0.64375 0.771875 0.125 0.1203125
0 0.27265625 0.565625 0.10234375 0.0890625
0 0.425 0.7625 0.159375 0.17578125
0 0.60390625 0.44453125 0.05078125 0.053125
0 0.48125 0.6859375 0.11328125 0.1390625
0 0.51953125 0.61328125 0.075 0.1140625
0 0.546875 0.55546875 0.07578125 0.1328125
0 0.56171875 0.49296875 0.06328125 0.1015625
0 0.603125 0.42109375 0.05390625 0.06796875
0 0.5375 0.42109375 0.04765625 0.06796875
0 0.6 0.365625 0.03828125 0.04140625
0 0.68125 0.66953125 0.121875 0.17109375
