0 0.22734375 0.70234375 0.159375 0.1640625
0 0.64375 0.77734375 0.13203125 0.13515625
0 0.415625 0.5234375 0.09140625 0.09375
0 0.315625 0.6390625 0.14375 0.13984375
0 0.0453125 0.7546875 0.090625 0.1890625
0 0.42890625 0.77421875 0.1453125 0.19375
0 0.58203125 0.49765625 0.06484375 0.06796875
0 0.54765625 0.41953125 0.06171875 0.06171875
0 0.47734375 0.67734375 0.109375 0.16328125
0 0.5234375 0.60234375 0.08515625 0.1671875
0 0.5453125 0.521875 0.08203125 0.121875
0 0.68125 0.67109375 0.12578125 0.21640625
0 0.628125 0.36171875 0.04453125 0.05078125
