0 0.2921875 0.68359375 0.1375 0.159375
0 0.64375 0.7828125 0.134375 0.1453125
0 0.4078125 0.540625 0.08828125 0.0875
0 0.20078125 0.75703125 0.15625 0.184375
0 0.4203125 0.771875 0.15859375 0.1875
0 0.14140625 0.64921875 0.16640625 0.140625
0 0.68125 0.671875 0.10234375 0.09296875
0 0.028125 0.775 0.05625 0.14140625
0 0.47265625 0.68125 0.10625 0.14375
0 0.5203125 0.6171875 0.0859375 0.15390625
0 0.54453125 0.52265625 0.078125 0.14609375
0 0.5875 0.4875 0.07578125 0.12734375
0 0.62578125 0.37578125 0.04765625 0.0703125
0 0.68359375 0.675 0.11953125 0.2234375
