0 0.20078125 0.7578125 0.15703125 0.16953125
0 0.6453125 0.78046875 0.13828125 0.1453125
0 0.08828125 0.68203125 0.1703125 0.1734375
0 0.2875 0.68828125 0.14375 0.15390625
0 0.6265625 0.4765625 0.0765625 0.07578125
0 0.41875 0.778125 0.15546875 0.17890625
0 0.5453125 0.44609375 0.071875 0.065625
0 0.56953125 0.53515625 0.0625 0.071875
0 0.4578125 0.51953125 0.05703125 0.05703125
0 0.03046875 0.79453125 0.0609375 0.1859375
0 0.47109375 0.69140625 0.10859375 0.17890625
0 0.52265625 0.6046875 0.084375 0.115625
0 0.69140625 0.68984375 0.11171875 0.16640625
0 0.64296875 0.5921875 0.07734375 0.0859375
