0 0.2 0.76015625 0.15546875 0.175
0 0.28671875 0.68671875 0.146875 0.15390625
0 0.0875 0.6859375 0.1671875 0.16875
0 0.6453125 0.78203125 0.140625 0.15859375
0 0.42265625 0.771875 0.15234375 0.19296875
0 0.43984375 0.51640625 0.09296875 0.09375
0 0.4640625 0.696875 0.10703125 0.1609375
0 0.50546875 0.63671875 0.0859375 0.13359375
0 0.528125 0.60390625 0.08125 0.128125
0 0.55859375 0.5328125 0.0640625 0.1109375
0 0.6890625 0.675 0.1125 0.2046875
0 0.359375 0.58203125 0.09765625 0.10859375
0 0.0265625 0.79140625 0.053125 0.175
0 0.615625 0.390625 0.03828125 0.05390625
0 0.63828125 0.353125 0.034375 0.0296875
