0 0.43359375 0.54453125 0.0921875 0.10859375
0 0.596875 0.45078125 0.0515625 0.059375
0 0.21953125 0.74921875 0.1609375 0.18203125
0 0.4390625 0.75234375 0.13359375 0.18359375
0 0.5640625 0.51328125 0.065625 0.09140625
0 0.6703125 0.57109375 0.090625 0.0796875
0 0.6265625 0.40390625 0.03671875 0.03671875
2 0.51015625 0.3734375 0.05234375 0.071875
0 0.6921875 0.5515625 0.07578125 0.07109375
0 0.521875 0.41328125 0.0375 0.04375
0 0.675 0.6125 0.09921875 0.09375
0 0.659375 0.6625 0.12578125 0.15703125
0 0.59921875 0.37734375 0.0296875 0.0328125
0 0.675 0.5125 0.059375 0.05859375
0 0.65703125 0.7671875 0.14140625 0.33125
0 0.62421875 0.35625 0.025 0.0234375
0 0.5625 0.3796875 0.02421875 0.02734375
0 0.653125 0.36796875 0.025 0.02421875
