0 0.19921875 0.77109375 0.16640625 0.19140625
0 0.43828125 0.75390625 0.13203125 0.1765625
0 0.275 0.68046875 0.14140625 0.1625
0 0.540625 0.4296875 0.046875 0.0609375
0 0.359375 0.51171875 0.08046875 0.09375
0 0.48203125 0.65546875 0.1140625 0.1578125
0 0.52578125 0.578125 0.08984375 0.10078125
0 0.5671875 0.50625 0.06796875 0.08046875
0 0.4890625 0.47421875 0.0578125 0.0703125
0 0.6703125 0.56875 0.08984375 0.0765625
0 0.69375 0.55 0.0734375 0.0671875
0 0.63125 0.41015625 0.03671875 0.0390625
0 0.665625 0.665625 0.12265625 0.1625
0 0.60234375 0.37734375 0.02421875 0.02578125
0 0.6765625 0.61015625 0.096875 0.0875
2 0.50625 0.37890625 0.04921875 0.078125
0 0.65703125 0.3765625 0.025 0.025
0 0.6734375 0.51328125 0.0515625 0.05546875
0 0.65625 0.78515625 0.13984375 0.290625
