0 0.6453125 0.78046875 0.1328125 0.14453125
0 0.0875 0.67890625 0.1703125 0.17265625
0 0.17109375 0.77734375 0.16875 0.18984375
0 0.29453125 0.6828125 0.121875 0.15546875
0 0.428125 0.7703125 0.14921875 0.18515625
0 0.6828125 0.67109375 0.10859375 0.10625
0 0.57265625 0.396875 0.0578125 0.0484375
0 0.359375 0.5890625 0.0875 0.10234375
0 0.415625 0.54921875 0.0703125 0.10703125
0 0.47578125 0.67578125 0.10546875 0.1328125
0 0.515625 0.61875 0.078125 0.12109375
0 0.5484375 0.54921875 0.06953125 0.09296875
0 0.5828125 0.49765625 0.05390625 0.078125
0 0.6296875 0.38515625 0.03984375 0.0515625
0 0.65625 0.35859375 0.0328125 0.04921875
0 0.6015625 0.37421875 0.04140625 0.04765625
0 0.68046875 0.66796875 0.13046875 0.21015625
0 0.028125 0.78359375 0.05625 0.1640625
