0 0.096875 0.89375 0.1921875 0.2125
0 0.4953125 0.65703125 0.0890625 0.121875
0 0.321875 0.63046875 0.1078125 0.11875
0 0.42265625 0.734375 0.1390625 0.16171875
0 0.4046875 0.565625 0.1015625 0.12578125
0 0.49765625 0.475 0.07109375 0.06171875
0 0.32421875 0.91796875 0.19375 0.1640625
0 0.63984375 0.4015625 0.046875 0.0375
0 0.60859375 0.4640625 0.0578125 0.05703125
0 0.18828125 0.728125 0.175 0.196875
0 0.53046875 0.5390625 0.103125 0.0890625
0 0.565625 0.42734375 0.05 0.04609375
0 0.61171875 0.3578125 0.0296875 0.0390625
0 0.6484375 0.34453125 0.02265625 0.03984375
0 0.67421875 0.34765625 0.02421875 0.03671875
0 0.634375 0.85625 0.190625 0.2875
0 0.6578125 0.6703125 0.1328125 0.1953125
0 0.67109375 0.5359375 0.08828125 0.12265625
