2 0.32109375 0.4875 0.13515625 0.19609375
0 0.43671875 0.75234375 0.13515625 0.17109375
0 0.06171875 0.71875 0.1234375 0.17109375
0 0.20234375 0.76796875 0.1578125 0.18515625
0 0.3234375 0.63671875 0.11015625 0.1234375
0 0.265625 0.68828125 0.13671875 0.1625
0 0.51796875 0.45390625 0.059375 0.06328125
0 0.46875 0.67265625 0.11328125 0.1578125
0 0.66875 0.56875 0.08984375 0.08125
0 0.46484375 0.5078125 0.071875 0.08046875
0 0.51484375 0.403125 0.03671875 0.03515625
0 0.5125 0.57734375 0.09375 0.0859375
0 0.6921875 0.55078125 0.07734375 0.07265625
0 0.56796875 0.50703125 0.06953125 0.06171875
0 0.496875 0.6125 0.103125 0.0890625
0 0.48515625 0.48046875 0.07109375 0.06953125
0 0.66171875 0.6609375 0.12578125 0.159375
0 0.54609375 0.55234375 0.0890625 0.0890625
0 0.58046875 0.484375 0.07421875 0.078125
0 0.6765625 0.60234375 0.0953125 0.0890625
0 0.5546875 0.4125 0.0453125 0.04140625
0 0.64296875 0.3765625 0.02734375 0.02734375
0 0.65 0.79140625 0.1484375 0.24765625
0 0.5390625 0.43515625 0.05390625 0.04765625
0 0.59921875 0.37578125 0.028125 0.0265625
0 0.30625 0.5578125 0.09296875 0.06015625
0 0.62265625 0.41875 0.04765625 0.04140625
0 0.6046875 0.46171875 0.0609375 0.075
0 0.60859375 0.43515625 0.046875 0.0421875
0 0.56484375 0.4015625 0.04375 0.0390625
0 0.57265625 0.3875 0.0328125 0.0265625
