0 0.68046875 0.61796875 0.1171875 0.12265625
0 0.51015625 0.58046875 0.0984375 0.096875
0 0.1953125 0.7546875 0.1671875 0.175
0 0.3890625 0.775 0.1625 0.17265625
0 0.234375 0.971875 0.1828125 0.05546875
0 0.646875 0.7640625 0.14296875 0.19296875
0 0.47265625 0.4390625 0.05625 0.05234375
0 0.6 0.38359375 0.040625 0.03515625
0 0.4953125 0.66328125 0.1109375 0.0953125
0 0.48515625 0.48203125 0.065625 0.0640625
0 0.5171875 0.4453125 0.06640625 0.065625
0 0.64296875 0.35703125 0.0296875 0.02265625
0 0.5953125 0.340625 0.03359375 0.02265625
