0 0.434375 0.75078125 0.1359375 0.1734375
0 0.19765625 0.7734375 0.1640625 0.1875
0 0.36640625 0.5046875 0.07265625 0.07265625
0 0.11796875 0.65390625 0.10859375 0.10390625
0 0.4453125 0.52578125 0.0765625 0.07734375
0 0.0296875 0.76171875 0.059375 0.18046875
0 0.4796875 0.48203125 0.08203125 0.071875
0 0.69140625 0.54921875 0.078125 0.07109375
0 0.66953125 0.56796875 0.0921875 0.08203125
0 0.459375 0.67109375 0.13203125 0.1578125
0 0.4015625 0.55625 0.08671875 0.08046875
0 0.6375 0.43203125 0.04375 0.05
0 0.55 0.55 0.0859375 0.0921875
0 0.59453125 0.46171875 0.07421875 0.07578125
0 0.540625 0.43125 0.04921875 0.0421875
0 0.575 0.5125 0.08125 0.07578125
0 0.6625 0.6578125 0.1296875 0.16171875
0 0.25859375 0.6859375 0.146875 0.1640625
0 0.5671875 0.40234375 0.0484375 0.0390625
0 0.5203125 0.4546875 0.05546875 0.04609375
0 0.50390625 0.57421875 0.109375 0.084375
0 0.6578125 0.78828125 0.14140625 0.27109375
0 0.49609375 0.61953125 0.11171875 0.0875
0 0.67890625 0.51328125 0.06953125 0.0578125
2 0.24296875 0.53984375 0.1609375 0.2546875
