0 0.396875 0.73046875 0.1421875 0.215625
0 0.52734375 0.6078125 0.0890625 0.11640625
0 0.60859375 0.78984375 0.1375 0.2046875
0 0.32734375 0.64921875 0.1203125 0.1375
0 0.3484375 0.5703125 0.0859375 0.0984375
0 0.48359375 0.4828125 0.059375 0.0703125
0 0.51015625 0.459375 0.0640625 0.075
0 0.55234375 0.54375 0.078125 0.0796875
0 0.56796875 0.403125 0.04453125 0.04375
0 0.45390625 0.5015625 0.07265625 0.06640625
0 0.403125 0.48515625 0.06171875 0.0640625
0 0.02265625 0.92578125 0.04453125 0.1484375
0 0.52109375 0.3921875 0.0328125 0.03203125
0 0.32578125 0.91953125 0.18203125 0.1546875
0 0.5453125 0.43515625 0.0515625 0.04921875
0 0.63203125 0.465625 0.04453125 0.0578125
0 0.17265625 0.78203125 0.16015625 0.20703125
0 0.5828125 0.390625 0.0390625 0.0359375
0 0.625 0.4109375 0.0421875 0.0375
0 0.63828125 0.3890625 0.0359375 0.0359375
0 0.61953125 0.42578125 0.0375 0.0375
0 0.58125 0.475 0.06328125 0.06328125
0 0.6390625 0.34921875 0.0234375 0.0265625
