0 0.6859375 0.61875 0.0953125 0.13359375
0 0.5734375 0.50546875 0.07734375 0.08046875
0 0.5171875 0.46328125 0.06171875 0.0609375
0 0.45546875 0.690625 0.1375 0.19296875
0 0.44921875 0.45234375 0.05390625 0.05390625
0 0.4484375 0.53125 0.084375 0.08671875
0 0.46328125 0.58203125 0.11015625 0.0953125
0 0.52890625 0.55546875 0.09375 0.1015625
0 0.490625 0.490625 0.071875 0.06953125
0 0.609375 0.7890625 0.13203125 0.20625
0 0.265625 0.69140625 0.13515625 0.175
0 0.5953125 0.46640625 0.06953125 0.075
0 0.56328125 0.409375 0.04140625 0.04296875
0 0.17421875 0.78984375 0.14921875 0.209375
0 0.540625 0.4203125 0.04453125 0.05078125
0 0.57734375 0.39609375 0.04375 0.0390625
0 0.61796875 0.43359375 0.05390625 0.0546875
0 0.6375 0.39296875 0.040625 0.03515625
0 0.58671875 0.38671875 0.03515625 0.02890625
