0 0.3109375 0.68046875 0.11875 0.13125
0 0.51015625 0.63515625 0.1 0.13125
2 0.09375 0.8828125 0.18125 0.234375
0 0.55390625 0.5359375 0.0734375 0.09140625
0 0.6578125 0.703125 0.13984375 0.17265625
0 0.6171875 0.7984375 0.14609375 0.21328125
0 0.32734375 0.91171875 0.1359375 0.10625
0 0.49921875 0.46953125 0.06015625 0.05703125
0 0.453125 0.496875 0.071875 0.0859375
0 0.54453125 0.4390625 0.05234375 0.05234375
0 0.6046875 0.45859375 0.04609375 0.0609375
0 0.57734375 0.39765625 0.03203125 0.03203125
0 0.6 0.3796875 0.0265625 0.02578125
0 0.61796875 0.425 0.0453125 0.04375
0 0.31015625 0.95859375 0.1765625 0.08203125
0 0.41015625 0.77578125 0.16015625 0.23359375
0 0.11171875 0.6734375 0.13828125 0.13671875
0 0.64921875 0.38203125 0.03203125 0.03046875
0 0.6296875 0.4140625 0.04296875 0.03671875
0 0.5484375 0.41953125 0.04375 0.02734375
