0 0.34609375 0.6234375 0.1234375 0.1265625
0 0.409375 0.553125 0.09765625 0.0984375
0 0.6546875 0.703125 0.13828125 0.171875
0 0.6125 0.790625 0.13828125 0.203125
0 0.675 0.57265625 0.09375 0.11953125
0 0.43828125 0.7015625 0.1296875 0.17890625
0 0.5625 0.53046875 0.06796875 0.0921875
0 0.63046875 0.4390625 0.0390625 0.0484375
0 0.5671875 0.41875 0.04140625 0.040625
0 0.4578125 0.49296875 0.07890625 0.11015625
0 0.63046875 0.3953125 0.03359375 0.03125
0 0.646875 0.37109375 0.02890625 0.02265625
0 0.58125 0.38828125 0.03359375 0.03203125
0 0.61328125 0.36171875 0.0265625 0.02890625
