0 0.6140625 0.7921875 0.1390625 0.20078125
0 0.42890625 0.54296875 0.0875 0.0875
0 0.38828125 0.77578125 0.13984375 0.18125
0 0.659375 0.70625 0.1375 0.171875
0 0.67890625 0.5921875 0.11015625 0.12890625
0 0.3328125 0.615625 0.11171875 0.115625
0 0.47890625 0.48671875 0.0671875 0.06640625
0 0.46796875 0.69609375 0.1109375 0.15234375
0 0.56953125 0.49453125 0.07890625 0.08828125
0 0.490625 0.590625 0.10703125 0.12890625
0 0.54765625 0.4296875 0.04765625 0.0546875
0 0.628125 0.45703125 0.04921875 0.06328125
0 0.303125 0.66640625 0.1046875 0.1296875
0 0.53671875 0.52734375 0.08671875 0.06171875
0 0.2125 0.7453125 0.15078125 0.17890625
0 0.52734375 0.55546875 0.1109375 0.1125
0 0.65078125 0.396875 0.03203125 0.03125
0 0.62265625 0.40546875 0.03515625 0.03671875
0 0.56875 0.40234375 0.03671875 0.040625
0 0.5984375 0.3734375 0.028125 0.025
