0 0.42578125 0.7640625 0.15546875 0.1515625
0 0.48671875 0.49921875 0.08203125 0.07421875
0 0.20859375 0.75390625 0.1734375 0.18203125
0 0.63203125 0.4421875 0.05390625 0.04921875
0 0.65 0.80078125 0.15078125 0.14765625
0 0.65 0.3765625 0.0328125 0.0296875
0 0.66875 0.6796875 0.13828125 0.15078125
0 0.478125 0.65 0.11640625 0.13671875
0 0.3 0.68515625 0.103125 0.1328125
0 0.6015625 0.3640625 0.03359375 0.04609375
0 0.590625 0.43046875 0.03671875 0.04921875
0 0.646875 0.3734375 0.0375 0.03359375
0 0.66640625 0.3453125 0.03046875 0.04609375
0 0.5890625 0.34375 0.0453125 0.03828125
