0 0.29609375 0.66640625 0.1171875 0.13359375
0 0.6765625 0.59609375 0.1078125 0.11484375
0 0.47421875 0.48984375 0.075 0.075
0 0.3296875 0.615625 0.109375 0.1140625
0 0.3890625 0.57578125 0.0859375 0.0953125
0 0.58359375 0.4796875 0.05546875 0.06640625
0 0.209375 0.74453125 0.159375 0.1796875
0 0.47578125 0.60546875 0.12578125 0.14296875
0 0.6203125 0.453125 0.0546875 0.05625
0 0.50625 0.4578125 0.065625 0.059375
0 0.43359375 0.53671875 0.075 0.07578125
0 0.51640625 0.57578125 0.10234375 0.09921875
0 0.4625 0.6921875 0.1125 0.1359375
0 0.6609375 0.6828125 0.12578125 0.1203125
0 0.6015625 0.42734375 0.053125 0.04453125
0 0.534375 0.546875 0.09140625 0.0875
0 0.55390625 0.41875 0.040625 0.0359375
0 0.59296875 0.38671875 0.02890625 0.03125
0 0.646875 0.409375 0.0390625 0.0484375
0 0.52265625 0.43984375 0.04765625 0.04453125
0 0.38125 0.77578125 0.1390625 0.18671875
0 0.5484375 0.3734375 0.028125 0.02578125
0 0.64765625 0.3765625 0.0296875 0.02578125
0 0.6890625 0.54375 0.08203125 0.06484375
2 0.6921875 0.84296875 0.615625 0.31328125
