0 0.678125 0.59296875 0.115625 0.12734375
0 0.3 0.66484375 0.12265625 0.1328125
0 0.6609375 0.69765625 0.1359375 0.15390625
0 0.4765625 0.60859375 0.12578125 0.1390625
0 0.37890625 0.76796875 0.1484375 0.16640625
0 0.1984375 0.75703125 0.1546875 0.18828125
0 0.3296875 0.6140625 0.11015625 0.11796875
0 0.5828125 0.50859375 0.0703125 0.08125
0 0.3890625 0.575 0.08203125 0.0953125
0 0.4640625 0.6984375 0.12109375 0.14609375
0 0.5359375 0.5453125 0.09453125 0.09140625
0 0.43359375 0.53359375 0.078125 0.06875
0 0.64921875 0.46640625 0.07578125 0.07890625
0 0.6203125 0.425 0.04453125 0.04296875
0 0.54375 0.42734375 0.0578125 0.05
0 0.46484375 0.4953125 0.0828125 0.06953125
0 0.51484375 0.5734375 0.1109375 0.09921875
0 0.56171875 0.4015625 0.04765625 0.040625
0 0.62421875 0.7453125 0.12890625 0.103125
0 0.5 0.45703125 0.06171875 0.0578125
0 0.4859375 0.47734375 0.071875 0.05859375
0 0.578125 0.47421875 0.07265625 0.0671875
0 0.6328125 0.4 0.03671875 0.03359375
0 0.5765625 0.38671875 0.04140625 0.03203125
0 0.65703125 0.3546875 0.02890625 0.02421875
0 0.5890625 0.38046875 0.03828125 0.03203125
0 0.625 0.36796875 0.02421875 0.0234375
