0 0.38203125 0.77265625 0.153125 0.1765625
0 0.6609375 0.70546875 0.13671875 0.16875
0 0.6125 0.78828125 0.13671875 0.20390625
0 0.28203125 0.68046875 0.1265625 0.146875
0 0.1953125 0.75859375 0.159375 0.18671875
0 0.3828125 0.5828125 0.08828125 0.1
0 0.32265625 0.62578125 0.1109375 0.1203125
0 0.575 0.5140625 0.08359375 0.08203125
0 0.67265625 0.6046875 0.1078125 0.1203125
0 0.47578125 0.60546875 0.128125 0.13828125
0 0.45625 0.69921875 0.13359375 0.15
0 0.43125 0.54296875 0.08671875 0.0828125
0 0.5359375 0.5453125 0.0984375 0.09453125
0 0.63125 0.4125 0.040625 0.03671875
0 0.584375 0.47421875 0.06953125 0.0671875
0 0.51796875 0.57734375 0.10625 0.10078125
0 0.46171875 0.49765625 0.075 0.06796875
0 0.51015625 0.459375 0.071875 0.0640625
0 0.5484375 0.421875 0.0609375 0.05078125
0 0.61015625 0.453125 0.0578125 0.059375
0 0.65 0.38046875 0.0359375 0.034375
0 0.484375 0.475 0.06484375 0.0546875
0 0.565625 0.40859375 0.04453125 0.0390625
0 0.52421875 0.43515625 0.0546875 0.0453125
0 0.57265625 0.38828125 0.0390625 0.0328125
