0 0.66875 0.14375 0.03203125 0.0578125
0 0.6671875 0.18828125 0.0421875 0.05234375
0 0.671875 0.2265625 0.0484375 0.0703125
0 0.69140625 0.28203125 0.0640625 0.0890625
0 0.765625 0.265625 0.0734375 0.09921875
0 0.6953125 0.36484375 0.0625 0.13671875
0 0.8046875 0.4125 0.0921875 0.16328125
0 0.859375 0.57578125 0.153125 0.240625
0 0.95390625 0.790625 0.0921875 0.20078125
0 0.90078125 0.17734375 0.04375 0.0765625
0 0.96875 0.171875 0.0625 0.09609375
0 0.93359375 0.13125 0.0484375 0.06484375
0 0.8734375 0.1234375 0.0375 0.05546875
3 0.7046875 0.1171875 0.05078125 0.1234375
