0 0.9328125 0.12421875 0.04765625 0.06875
1 0.9453125 0.09609375 0.02109375 0.04296875
0 0.9640625 0.25546875 0.071875 0.08828125
0 0.9171875 0.17265625 0.06328125 0.07265625
0 0.878125 0.12890625 0.0484375 0.0640625
0 0.678125 0.1078125 0.03671875 0.0453125
0 0.66953125 0.14453125 0.03671875 0.053125
0 0.6671875 0.18828125 0.04921875 0.04609375
0 0.6703125 0.22265625 0.046875 0.06484375
0 0.68671875 0.27890625 0.06640625 0.0953125
0 0.69453125 0.37421875 0.0734375 0.11875
0 0.83203125 0.5765625 0.15 0.21796875
0 0.94453125 0.771875 0.11015625 0.21640625
