0 0.95546875 0.78515625 0.08828125 0.1625
0 0.6953125 0.3703125 0.0609375 0.12109375
2 0.88828125 0.33828125 0.190625 0.2921875
0 0.83203125 0.56953125 0.1375 0.20546875
0 0.84453125 0.1390625 0.0484375 0.06875
0 0.8890625 0.04609375 0.03046875 0.0609375
0 0.6890625 0.28359375 0.06171875 0.08125
0 0.6734375 0.2328125 0.0390625 0.0453125
0 0.67421875 0.18828125 0.04765625 0.05234375
0 0.66953125 0.146875 0.03046875 0.04296875
0 0.67578125 0.10546875 0.0375 0.05546875
3 0.7375 0.10625 0.0953125 0.0734375
