0 0.94765625 0.78046875 0.09375 0.16875
0 0.6953125 0.36796875 0.053125 0.11796875
0 0.871875 0.61953125 0.14140625 0.20703125
2 0.778125 0.34453125 0.125 0.30859375
0 0.765625 0.12109375 0.0484375 0.07734375
0 0.809375 0.2203125 0.05390625 0.08125
0 0.8265625 0.021875 0.034375 0.04375
0 0.68359375 0.2859375 0.0609375 0.08671875
0 0.66953125 0.22734375 0.040625 0.05859375
0 0.6703125 0.18515625 0.0453125 0.05546875
0 0.66328125 0.146875 0.03203125 0.053125
0 0.67578125 0.1015625 0.040625 0.06953125
