0 0.95390625 0.78984375 0.0921875 0.1703125
0 0.69609375 0.3625 0.05390625 0.12421875
0 0.859375 0.5734375 0.15078125 0.23671875
2 0.7765625 0.02109375 0.03515625 0.04140625
0 0.74609375 0.01640625 0.0265625 0.0328125
0 0.80234375 0.40703125 0.07734375 0.12890625
0 0.6890625 0.27734375 0.06484375 0.0984375
0 0.896875 0.16640625 0.04765625 0.0703125
0 0.86796875 0.10703125 0.04140625 0.05546875
0 0.89453125 0.0640625 0.04296875 0.06875
0 0.9546875 0.14765625 0.06796875 0.096875
0 0.665625 0.153125 0.0390625 0.040625
0 0.671875 0.19140625 0.046875 0.0515625
0 0.67265625 0.22578125 0.04140625 0.05859375
3 0.70703125 0.115625 0.05078125 0.12265625
