0 0.83125 0.58125 0.1390625 0.2359375
0 0.94453125 0.77734375 0.1109375 0.2359375
0 0.8703125 0.11640625 0.053125 0.08984375
0 0.675 0.10390625 0.04453125 0.053125
0 0.66796875 0.1515625 0.03359375 0.05859375
0 0.67578125 0.18828125 0.0484375 0.04609375
0 0.67109375 0.2234375 0.0453125 0.0609375
0 0.69453125 0.29296875 0.059375 0.07890625
0 0.69453125 0.3671875 0.071875 0.1296875
3 0.9265625 0.1171875 0.04921875 0.0828125
3 0.87421875 0.3703125 0.1453125 0.2921875
0 0.9796875 0.04140625 0.03984375 0.06484375
