3 0.94453125 0.30625 0.10625 0.16484375
0 0.83984375 0.57265625 0.15 0.23515625
0 0.94921875 0.78203125 0.1015625 0.1875
0 0.9078125 0.17265625 0.059375 0.0921875
0 0.86015625 0.08984375 0.040625 0.06171875
0 0.89609375 0.05 0.03984375 0.05625
0 0.8515625 0.040625 0.040625 0.046875
0 0.76796875 0.04453125 0.0328125 0.05390625
0 0.68046875 0.10859375 0.03046875 0.04375
0 0.6703125 0.1484375 0.03671875 0.046875
0 0.671875 0.19296875 0.04453125 0.04296875
0 0.67421875 0.23203125 0.04765625 0.065625
0 0.69140625 0.290625 0.065625 0.0921875
0 0.69609375 0.37265625 0.0671875 0.1359375
