0 0.63828125 0.0390625 0.0578125 0.04453125
0 0.803125 0.0296875 0.071875 0.0375
0 0.87734375 0.10703125 0.046875 0.071875
0 0.7859375 0.23203125 0.0671875 0.115625
0 0.83984375 0.5765625 0.1390625 0.21796875
0 0.94453125 0.78046875 0.11015625 0.22109375
0 0.69921875 0.37109375 0.078125 0.140625
0 0.6890625 0.2875 0.06328125 0.103125
0 0.67734375 0.23046875 0.0546875 0.06875
0 0.671875 0.19140625 0.05390625 0.0578125
0 0.66875 0.14921875 0.0390625 0.04296875
0 0.67734375 0.1078125 0.0359375 0.0640625
