0 0.96796875 0.25 0.0640625 0.08046875
0 0.9375 0.1234375 0.05390625 0.05546875
0 0.92109375 0.1828125 0.05703125 0.08046875
0 0.878125 0.12109375 0.05078125 0.065625
0 0.896875 0.02421875 0.0609375 0.04453125
0 0.66640625 0.1546875 0.03046875 0.046875
0 0.671875 0.1046875 0.03828125 0.0515625
0 0.66953125 0.18828125 0.0421875 0.0359375
0 0.67421875 0.22109375 0.0453125 0.05625
0 0.6875 0.28515625 0.0640625 0.0765625
0 0.6984375 0.3734375 0.0765625 0.1203125
0 0.8359375 0.56875 0.1390625 0.2296875
0 0.95078125 0.78359375 0.0984375 0.209375
