0 0.87421875 0.62109375 0.14765625 0.20859375
0 0.94609375 0.7890625 0.1078125 0.23203125
0 0.8703125 0.1109375 0.04453125 0.04921875
0 0.92890625 0.11953125 0.053125 0.06640625
0 0.97578125 0.2078125 0.04765625 0.078125
0 0.890625 0.15703125 0.059375 0.0671875
0 0.67734375 0.1078125 0.040625 0.07578125
0 0.67421875 0.184375 0.05078125 0.06015625
0 0.67421875 0.2234375 0.04921875 0.07265625
0 0.690625 0.29140625 0.06328125 0.08203125
0 0.69375 0.3703125 0.0734375 0.13515625
2 0.790625 0.315625 0.13203125 0.29765625
