0 0.77265625 0.02578125 0.05234375 0.05078125
0 0.91328125 0.03515625 0.06484375 0.04765625
3 0.9875 0.1890625 0.02421875 0.0875
3 0.8515625 0.59609375 0.20390625 0.253125
0 0.9453125 0.784375 0.109375 0.1984375
0 0.79140625 0.42421875 0.08984375 0.11953125
0 0.69375 0.3671875 0.05234375 0.121875
0 0.68515625 0.29140625 0.06796875 0.10390625
0 0.6734375 0.23359375 0.04453125 0.065625
0 0.6703125 0.1859375 0.04609375 0.04765625
0 0.678125 0.10625 0.0453125 0.0640625
2 0.9515625 0.11484375 0.096875 0.14609375
