3 0.85625 0.58125 0.18671875 0.2734375
0 0.8015625 0.22734375 0.06171875 0.13359375
0 0.775 0.028125 0.05625 0.05234375
0 0.60234375 0.05078125 0.071875 0.06953125
0 0.67734375 0.10078125 0.05625 0.075
0 0.67734375 0.178125 0.04609375 0.06171875
0 0.67265625 0.22890625 0.05 0.05546875
0 0.69296875 0.2828125 0.07734375 0.090625
0 0.69609375 0.3703125 0.06328125 0.1234375
0 0.7890625 0.41953125 0.09375 0.134375
0 0.94921875 0.7828125 0.1015625 0.19765625
3 0.9859375 0.190625 0.028125 0.0875
2 0.94921875 0.125 0.1015625 0.159375
