3 0.95703125 0.23359375 0.0859375 0.1203125
2 0.89296875 0.021875 0.0453125 0.04375
0 0.90078125 0.0609375 0.04375 0.046875
0 0.86015625 0.071875 0.040625 0.05
0 0.88515625 0.13125 0.0453125 0.0796875
0 0.93671875 0.128125 0.0546875 0.06796875
0 0.8484375 0.0203125 0.03125 0.040625
0 0.7703125 0.03203125 0.03671875 0.04765625
0 0.94609375 0.8015625 0.1078125 0.26875
0 0.69140625 0.37734375 0.0625 0.134375
0 0.6859375 0.2796875 0.059375 0.10859375
0 0.67109375 0.22578125 0.0453125 0.06796875
0 0.6703125 0.1859375 0.046875 0.065625
0 0.66328125 0.146875 0.03984375 0.053125
0 0.6765625 0.10390625 0.040625 0.046875
0 0.5265625 0.03828125 0.0421875 0.04140625
