0 0.7734375 0.078125 0.03359375 0.0625
0 0.77578125 0.02734375 0.03671875 0.0453125
0 0.8515625 0.01953125 0.0328125 0.0390625
0 0.875 0.06796875 0.0296875 0.04921875
0 0.84921875 0.29765625 0.07734375 0.1421875
0 0.86796875 0.56796875 0.1703125 0.2703125
0 0.9484375 0.7953125 0.103125 0.21953125
0 0.69140625 0.37109375 0.0703125 0.13671875
0 0.6828125 0.28125 0.05546875 0.0875
0 0.671875 0.225 0.04375 0.06640625
0 0.66875 0.18671875 0.0421875 0.04609375
0 0.6671875 0.14140625 0.034375 0.0421875
0 0.67421875 0.10625 0.0375 0.0484375
2 0.95625 0.146875 0.0875 0.2078125
2 0.89375 0.0171875 0.04375 0.034375
