0 0.86796875 0.6171875 0.1515625 0.221875
0 0.9484375 0.784375 0.10234375 0.21953125
0 0.890625 0.165625 0.0546875 0.08046875
0 0.9375 0.13515625 0.046875 0.06640625
0 0.971875 0.1796875 0.05625 0.09453125
0 0.8578125 0.0734375 0.03828125 0.06640625
0 0.85546875 0.01953125 0.0296875 0.0390625
0 0.76171875 0.05625 0.03671875 0.053125
0 0.76640625 0.14375 0.0421875 0.05625
3 0.57734375 0.03046875 0.0640625 0.06015625
0 0.69453125 0.14140625 0.0734375 0.07578125
0 0.675 0.10234375 0.03515625 0.053125
0 0.66640625 0.178125 0.04453125 0.06171875
0 0.6671875 0.22265625 0.04609375 0.053125
0 0.684375 0.28515625 0.065625 0.103125
0 0.69140625 0.3703125 0.0703125 0.13828125
2 0.784375 0.33046875 0.1359375 0.3046875
