1 0.89140625 0.36640625 0.0421875 0.10859375
3 0.97265625 0.546875 0.0546875 0.184375
0 0.7640625 0.02421875 0.02578125 0.0484375
0 0.78828125 0.01015625 0.0265625 0.0203125
0 0.68125 0.034375 0.04453125 0.04609375
0 0.6734375 0.09765625 0.0375 0.05078125
0 0.659375 0.13828125 0.03984375 0.06015625
0 0.66328125 0.1859375 0.05078125 0.05078125
0 0.671875 0.22421875 0.0421875 0.06171875
0 0.68046875 0.27890625 0.07890625 0.090625
0 0.6921875 0.37890625 0.07421875 0.134375
0 0.85625 0.60234375 0.13984375 0.215625
0 0.9484375 0.78828125 0.103125 0.18671875
0 0.7828125 0.3171875 0.13125 0.29453125
