0 0.94921875 0.78671875 0.1015625 0.1828125
0 0.69375 0.36796875 0.06640625 0.12421875
0 0.8796875 0.13046875 0.0421875 0.0609375
0 0.91640625 0.17109375 0.06640625 0.07265625
0 0.9515625 0.23046875 0.071875 0.09375
0 0.9859375 0.20859375 0.028125 0.053125
0 0.98359375 0.27578125 0.03203125 0.10390625
0 0.68828125 0.28125 0.0671875 0.0859375
0 0.66875 0.22421875 0.0421875 0.06171875
0 0.6625 0.17890625 0.0484375 0.04609375
0 0.66015625 0.14453125 0.03515625 0.04765625
0 0.671875 0.10546875 0.0375 0.05234375
0 0.52265625 0.03828125 0.0328125 0.03828125
