0 0.95390625 0.78828125 0.0921875 0.1703125
0 0.53828125 0.05078125 0.0484375 0.04140625
0 0.69375 0.3640625 0.0546875 0.11796875
0 0.865625 0.58671875 0.16953125 0.26015625
3 0.71171875 0.115625 0.053125 0.11953125
0 0.79296875 0.37890625 0.08203125 0.134375
0 0.68359375 0.2796875 0.0609375 0.0859375
0 0.6703125 0.22578125 0.04609375 0.05546875
0 0.6671875 0.1875 0.040625 0.05078125
0 0.6625 0.14609375 0.04375 0.05
0 0.76640625 0.0359375 0.0359375 0.059375
0 0.77890625 0.01640625 0.0265625 0.0328125
