2 0.89296875 0.015625 0.05078125 0.03046875
0 0.834375 0.58203125 0.15234375 0.23125
0 0.95234375 0.7828125 0.0953125 0.21640625
0 0.69375 0.38984375 0.0734375 0.140625
0 0.68671875 0.2890625 0.065625 0.08125
0 0.76640625 0.09609375 0.04609375 0.07734375
1 0.78046875 0.0125 0.02109375 0.025
0 0.6984375 0.02578125 0.05234375 0.05078125
0 0.61796875 0.0296875 0.07109375 0.05859375
0 0.5265625 0.03203125 0.04609375 0.0328125
0 0.67890625 0.1 0.03984375 0.0484375
0 0.6640625 0.1453125 0.04375 0.06484375
0 0.6625 0.18828125 0.0546875 0.05546875
0 0.67265625 0.23203125 0.053125 0.06875
0 0.97890625 0.04140625 0.0421875 0.0453125
