0 0.95390625 0.78984375 0.0921875 0.1703125
0 0.69609375 0.36640625 0.0671875 0.13515625
0 0.8546875 0.571875 0.15859375 0.23984375
0 0.83046875 0.015625 0.04453125 0.03046875
3 0.70625 0.115625 0.06015625 0.1109375
0 0.80703125 0.40625 0.0828125 0.14609375
0 0.8734375 0.13125 0.04609375 0.0796875
0 0.928125 0.13203125 0.05078125 0.08515625
0 0.6859375 0.27890625 0.05703125 0.10078125
0 0.67109375 0.228125 0.04296875 0.0734375
0 0.66953125 0.19296875 0.04609375 0.059375
0 0.6640625 0.14765625 0.0359375 0.06015625
0 0.52265625 0.03828125 0.04140625 0.04296875
