0 0.3203125 0.65 0.1453125 0.1328125
0 0.1875 0.76953125 0.1796875 0.20078125
0 0.43359375 0.80546875 0.1359375 0.175
0 0.60078125 0.37734375 0.0421875 0.03359375
0 0.46796875 0.5 0.08125 0.07890625
0 0.6484375 0.81875 0.1359375 0.15859375
0 0.25390625 0.70234375 0.15390625 0.1625
0 0.6296875 0.35390625 0.02578125 0.02109375
0 0.46484375 0.6875 0.09375 0.15234375
0 0.5046875 0.63359375 0.09765625 0.1359375
0 0.54921875 0.5625 0.075 0.1109375
0 0.675 0.67578125 0.1203125 0.165625
0 0.665625 0.34296875 0.03671875 0.05
