0 0.1875 0.76484375 0.159375 0.19140625
0 0.6609375 0.7046875 0.13515625 0.16796875
0 0.61171875 0.7875 0.13359375 0.20390625
0 0.28203125 0.68046875 0.121875 0.140625
0 0.3828125 0.7734375 0.15234375 0.17890625
0 0.67578125 0.6015625 0.1078125 0.11875
0 0.375 0.58984375 0.09375 0.1015625
0 0.42578125 0.54453125 0.0875 0.08828125
0 0.45546875 0.7 0.1296875 0.14921875
0 0.53515625 0.54453125 0.0984375 0.0953125
0 0.5734375 0.51953125 0.084375 0.07890625
0 0.32265625 0.625 0.109375 0.11640625
0 0.48046875 0.609375 0.1234375 0.1375
0 0.5171875 0.57890625 0.1078125 0.10390625
0 0.50546875 0.45859375 0.06953125 0.05859375
0 0.46640625 0.49453125 0.08203125 0.065625
0 0.63359375 0.41640625 0.04453125 0.0453125
0 0.59765625 0.47109375 0.065625 0.084375
0 0.54609375 0.425 0.065625 0.04765625
0 0.55546875 0.37421875 0.0296875 0.0265625
0 0.4875 0.475 0.0703125 0.0515625
0 0.60234375 0.38203125 0.04140625 0.03828125
0 0.6578125 0.3546875 0.0203125 0.02265625
0 0.571875 0.3953125 0.04296875 0.034375
0 0.63984375 0.38125 0.03125 0.028125
0 0.5234375 0.4375 0.0546875 0.05234375
