0 0.2484375 0.94375 0.2140625 0.11171875
0 0.38671875 0.8265625 0.165625 0.17265625
0 0.3234375 0.609375 0.13984375 0.14453125
0 0.44296875 0.68125 0.13203125 0.13125
0 0.5515625 0.4375 0.05625 0.0578125
0 0.14609375 0.8140625 0.19296875 0.2078125
0 0.665625 0.68671875 0.12109375 0.15859375
0 0.63203125 0.8265625 0.15859375 0.18671875
0 0.52109375 0.6109375 0.10234375 0.165625
0 0.6140625 0.36640625 0.03515625 0.03671875
0 0.640625 0.346875 0.03515625 0.0390625
0 0.684375 0.359375 0.04296875 0.0375
