0 0.634375 0.775 0.140625 0.1953125
0 0.2390625 0.71171875 0.13359375 0.14921875
0 0.4875 0.6375 0.1125 0.14296875
0 0.66796875 0.65390625 0.15234375 0.17421875
0 0.47578125 0.4890625 0.06171875 0.0765625
0 0.534375 0.55234375 0.06875 0.103125
0 0.56328125 0.4515625 0.0484375 0.05703125
0 0.5296875 0.42421875 0.04765625 0.046875
0 0.640625 0.45078125 0.0625 0.06171875
0 0.25625 0.575 0.11484375 0.134375
0 0.6734375 0.56484375 0.0890625 0.0671875
2 0.5609375 0.35546875 0.03359375 0.05625
0 0.65390625 0.4828125 0.07421875 0.0859375
0 0.5 0.403125 0.0359375 0.03125
0 0.6625 0.5109375 0.06953125 0.0640625
0 0.5984375 0.37578125 0.03203125 0.02890625
0 0.6359375 0.4109375 0.0390625 0.0390625
2 0.51015625 0.38046875 0.05859375 0.078125
0 0.565625 0.40703125 0.03359375 0.028125
0 0.684375 0.52890625 0.0796875 0.0671875
0 0.58125 0.38828125 0.034375 0.0296875
0 0.52734375 0.4421875 0.04140625 0.04140625
0 0.6484375 0.3703125 0.02890625 0.0234375
0 0.646875 0.7171875 0.1046875 0.096875
