0 0.1875 0.76953125 0.16015625 0.19140625
0 0.38203125 0.7703125 0.15390625 0.17421875
0 0.6109375 0.79140625 0.1328125 0.21015625
0 0.659375 0.70546875 0.13828125 0.16875
0 0.3671875 0.58671875 0.1046875 0.10625
0 0.44921875 0.69921875 0.14921875 0.15078125
0 0.6765625 0.60390625 0.10859375 0.1203125
0 0.42109375 0.55 0.084375 0.08671875
0 0.57578125 0.51953125 0.08203125 0.07890625
0 0.26171875 0.696875 0.128125 0.15
0 0.125 0.69296875 0.0671875 0.1359375
0 0.51953125 0.5671875 0.10625 0.08828125
0 0.3171875 0.63828125 0.1078125 0.125
0 0.45859375 0.5015625 0.084375 0.07265625
0 0.53671875 0.5375 0.1 0.08984375
0 0.4953125 0.4609375 0.0609375 0.05625
0 0.5015625 0.4015625 0.0265625 0.03203125
0 0.48125 0.60703125 0.1203125 0.13359375
0 0.5171875 0.4484375 0.06015625 0.0578125
0 0.6125 0.44140625 0.06015625 0.05859375
0 0.58828125 0.48125 0.08046875 0.07578125
0 0.62890625 0.4109375 0.0515625 0.04765625
0 0.03828125 0.74609375 0.07578125 0.17265625
0 0.5515625 0.4203125 0.05078125 0.04140625
0 0.56953125 0.3953125 0.040625 0.03515625
