0 0.65234375 0.72890625 0.14609375 0.2140625
0 0.0671875 0.8984375 0.134375 0.203125
0 0.43984375 0.5453125 0.096875 0.1
0 0.57734375 0.503125 0.0765625 0.08203125
0 0.48984375 0.65703125 0.103125 0.1359375
0 0.5015625 0.58203125 0.11328125 0.11875
0 0.4734375 0.48125 0.06953125 0.071875
0 0.53515625 0.43984375 0.05703125 0.053125
2 0.503125 0.37734375 0.05625 0.075
0 0.61953125 0.45234375 0.0515625 0.05546875
0 0.4296875 0.78203125 0.1421875 0.21484375
0 0.5046875 0.45859375 0.06640625 0.06796875
0 0.5890625 0.47265625 0.059375 0.04609375
0 0.61875 0.4109375 0.0453125 0.03671875
0 0.56796875 0.4 0.04296875 0.03671875
0 0.54921875 0.42109375 0.046875 0.0390625
2 0.65234375 0.359375 0.04140625 0.075
1 0.29453125 0.5703125 0.05234375 0.121875
0 0.64375 0.390625 0.03984375 0.0296875
0 0.6 0.3765625 0.03125 0.02734375
