0 0.3359375 0.6125 0.109375 0.134375
0 0.5671875 0.546875 0.084375 0.09375
0 0.65078125 0.7234375 0.15390625 0.20859375
0 0.346875 0.85859375 0.18984375 0.2375
0 0.48046875 0.6578125 0.11015625 0.14375
0 0.19375 0.74296875 0.1578125 0.18828125
0 0.43046875 0.5359375 0.08359375 0.0984375
0 0.584375 0.48203125 0.06640625 0.07734375
0 0.60234375 0.45078125 0.05546875 0.05234375
0 0.46015625 0.50390625 0.0828125 0.07421875
2 0.4953125 0.375 0.0546875 0.0765625
2 0.65390625 0.35546875 0.04765625 0.07265625
0 0.503125 0.46171875 0.06015625 0.06328125
0 0.48203125 0.4734375 0.06171875 0.0515625
0 0.54296875 0.425 0.05078125 0.0453125
0 0.64609375 0.42109375 0.0421875 0.0375
0 0.55390625 0.40859375 0.04609375 0.0390625
0 0.61171875 0.42265625 0.046875 0.0390625
0 0.5640625 0.39765625 0.04921875 0.0359375
0 0.5328125 0.43984375 0.059375 0.04140625
