0 0.65078125 0.73359375 0.14765625 0.20390625
2 0.63828125 0.38359375 0.06328125 0.11015625
0 0.53984375 0.56875 0.07890625 0.10546875
2 0.45390625 0.40703125 0.07421875 0.11171875
0 0.4375 0.73203125 0.13125 0.17265625
0 0.66953125 0.65703125 0.11875 0.10078125
0 0.575 0.50703125 0.06328125 0.07890625
0 0.5234375 0.45546875 0.0609375 0.06015625
0 0.4 0.56015625 0.09609375 0.07890625
0 0.6390625 0.4765625 0.05546875 0.0640625
0 0.559375 0.42109375 0.04921875 0.03984375
0 0.365625 0.5984375 0.08515625 0.115625
0 0.459375 0.51640625 0.07421875 0.078125
0 0.55234375 0.37578125 0.0265625 0.02578125
0 0.571875 0.39765625 0.03828125 0.03671875
0 0.67421875 0.60546875 0.1140625 0.13203125
3 0.28359375 0.678125 0.1125 0.16015625
3 0.41953125 0.5046875 0.084375 0.1703125
0 0.59609375 0.384375 0.028125 0.0265625
0 0.26015625 0.55546875 0.09765625 0.140625
