0 0.478125 0.49375 0.0671875 0.0765625
2 0.61953125 0.41015625 0.0859375 0.15390625
0 0.40390625 0.56796875 0.08203125 0.09296875
0 0.65 0.7375 0.1453125 0.22734375
0 0.50859375 0.4578125 0.05859375 0.06171875
0 0.2890625 0.915625 0.17890625 0.16875
0 0.5734375 0.39453125 0.034375 0.0375
0 0.325 0.62265625 0.11796875 0.1328125
0 0.56484375 0.49453125 0.059375 0.07578125
0 0.6765625 0.559375 0.07265625 0.06015625
0 0.55078125 0.40234375 0.0375 0.03671875
0 0.665625 0.66875 0.11796875 0.12109375
0 0.51796875 0.390625 0.0375 0.04140625
0 0.671875 0.59921875 0.09921875 0.08125
0 0.5484375 0.4296875 0.040625 0.03515625
2 0.24375 0.546875 0.1734375 0.2484375
