0 0.24296875 0.7296875 0.15 0.17109375
0 0.4875 0.63359375 0.10625 0.13671875
0 0.64921875 0.72578125 0.1421875 0.20859375
0 0.390625 0.4796875 0.06875 0.08203125
0 0.4625 0.5265625 0.07578125 0.08828125
0 0.51875 0.490625 0.0703125 0.08515625
0 0.30078125 0.9359375 0.2 0.11640625
0 0.54140625 0.43203125 0.04609375 0.04921875
0 0.66953125 0.64453125 0.11640625 0.1484375
0 0.52109375 0.4609375 0.0625 0.059375
0 0.60234375 0.4359375 0.0484375 0.04765625
0 0.67734375 0.5703125 0.08203125 0.06484375
0 0.6078125 0.48828125 0.04609375 0.06015625
0 0.5828125 0.3921875 0.034375 0.03359375
0 0.68046875 0.5984375 0.0953125 0.08359375
0 0.665625 0.53984375 0.0828125 0.0625
2 0.665625 0.46484375 0.0953125 0.203125
0 0.5953125 0.37734375 0.03359375 0.02734375
