0 0.6328125 0.77578125 0.13515625 0.19375
0 0.1375 0.80703125 0.153125 0.1859375
0 0.2734375 0.69296875 0.128125 0.1609375
0 0.403125 0.54375 0.0859375 0.10546875
0 0.5203125 0.58359375 0.08828125 0.1125
0 0.48671875 0.49921875 0.071875 0.075
0 0.45078125 0.6953125 0.12890625 0.15703125
0 0.42265625 0.76953125 0.13359375 0.18984375
0 0.5015625 0.46640625 0.0625 0.0609375
0 0.63828125 0.453125 0.0625 0.06328125
0 0.55234375 0.44609375 0.05625 0.06015625
0 0.66875 0.6421875 0.15234375 0.1578125
0 0.484375 0.41875 0.04765625 0.0359375
2 0.53828125 0.3671875 0.05546875 0.06484375
0 0.65234375 0.4875 0.075 0.0828125
0 0.6171875 0.4359375 0.053125 0.046875
0 0.67265625 0.5703125 0.09375 0.07265625
0 0.68203125 0.5296875 0.0828125 0.075
0 0.59921875 0.41171875 0.0421875 0.0359375
0 0.54609375 0.40703125 0.04296875 0.03203125
2 0.490625 0.3890625 0.078125 0.08828125
0 0.01328125 0.7609375 0.02578125 0.2203125
0 0.58828125 0.38828125 0.03984375 0.03359375
0 0.6375 0.38984375 0.0359375 0.02734375
