0 0.5203125 0.58515625 0.0875 0.1203125
0 0.36796875 0.58515625 0.115625 0.12265625
0 0.6484375 0.72421875 0.146875 0.2078125
0 0.57421875 0.484375 0.06953125 0.06796875
0 0.51953125 0.46328125 0.0671875 0.07265625
2 0.678125 0.46484375 0.1 0.225
0 0.14921875 0.7921875 0.16015625 0.19453125
0 0.53984375 0.42890625 0.05234375 0.04765625
0 0.678125 0.57109375 0.08671875 0.07109375
0 0.66796875 0.6546875 0.11484375 0.14296875
0 0.62421875 0.4359375 0.0484375 0.0578125
0 0.54765625 0.41796875 0.04921875 0.0390625
0 0.66953125 0.61484375 0.1109375 0.10546875
0 0.5734375 0.39140625 0.03515625 0.0296875
