0 0.5296875 0.61328125 0.0890625 0.10234375
0 0.5546875 0.5515625 0.09296875 0.0875
0 0.17734375 0.79140625 0.1765625 0.1875
0 0.42109375 0.56640625 0.10859375 0.1
0 0.640625 0.39296875 0.04296875 0.0328125
0 0.25703125 0.6921875 0.12734375 0.178125
0 0.4453125 0.73671875 0.12734375 0.18984375
0 0.475 0.48828125 0.0953125 0.0921875
0 0.6328125 0.74921875 0.1515625 0.1671875
0 0.33515625 0.64375 0.10234375 0.1375
0 0.540625 0.428125 0.05234375 0.06875
0 0.62578125 0.4453125 0.06875 0.075
0 0.6453125 0.38828125 0.03515625 0.0484375
0 0.61640625 0.35703125 0.0265625 0.0515625
