0 0.4375 0.52578125 0.08515625 0.0828125
0 0.5046875 0.625 0.0921875 0.121875
0 0.5453125 0.55078125 0.084375 0.10703125
0 0.16796875 0.7859375 0.1671875 0.20625
0 0.65078125 0.7234375 0.140625 0.21015625
0 0.41796875 0.7625 0.1421875 0.18828125
0 0.36640625 0.59453125 0.11328125 0.13359375
0 0.465625 0.48984375 0.07578125 0.078125
0 0.48359375 0.459375 0.06015625 0.06484375
0 0.55546875 0.428125 0.04453125 0.04140625
0 0.55859375 0.50703125 0.07109375 0.06484375
0 0.6796875 0.56953125 0.0859375 0.06640625
0 0.56640625 0.48828125 0.0640625 0.06796875
0 0.6609375 0.6640625 0.11640625 0.11171875
0 0.59921875 0.38125 0.025 0.02265625
2 0.66953125 0.4765625 0.1015625 0.2140625
