2 0.6109375 0.40390625 0.0671875 0.14609375
2 0.42421875 0.51796875 0.09609375 0.18203125
0 0.67109375 0.7515625 0.13828125 0.2484375
0 0.34921875 0.8765625 0.17265625 0.246875
0 0.0875 0.84453125 0.175 0.26484375
0 0.6703125 0.60546875 0.09765625 0.15625
0 0.70859375 0.553125 0.0578125 0.11171875
0 0.66015625 0.50234375 0.06875 0.1015625
0 0.54609375 0.503125 0.05234375 0.08203125
0 0.4921875 0.421875 0.0390625 0.059375
0 0.5484375 0.45546875 0.05 0.07265625
0 0.52578125 0.428125 0.03515625 0.0609375
0 0.6359375 0.47265625 0.05 0.1015625
