0 0.64453125 0.734375 0.14921875 0.21796875
0 0.28125 0.6703125 0.13203125 0.15625
0 0.41953125 0.53046875 0.07734375 0.0828125
0 0.41953125 0.76640625 0.1390625 0.18828125
0 0.4484375 0.68828125 0.1265625 0.14140625
0 0.16328125 0.78984375 0.16640625 0.2046875
0 0.34296875 0.59140625 0.115625 0.10625
0 0.49765625 0.6296875 0.10078125 0.14296875
0 0.46015625 0.4921875 0.06875 0.07578125
0 0.540625 0.43046875 0.0484375 0.046875
0 0.534375 0.53515625 0.08125 0.071875
0 0.67265625 0.65390625 0.11328125 0.15
0 0.4890625 0.4765625 0.071875 0.06484375
0 0.32109375 0.60859375 0.10625 0.08515625
0 0.68046875 0.565625 0.0859375 0.059375
2 0.67421875 0.48984375 0.11328125 0.26484375
0 0.521875 0.4484375 0.0578125 0.0546875
0 0.5625 0.40078125 0.04453125 0.03828125
0 0.57734375 0.47890625 0.06015625 0.065625
0 0.52109375 0.5609375 0.08828125 0.0765625
0 0.590625 0.45546875 0.06171875 0.0671875
1 0.05390625 0.678125 0.059375 0.15390625
0 0.01171875 0.765625 0.02265625 0.17109375
0 0.521875 0.38828125 0.028125 0.028125
0 0.575 0.49609375 0.0546875 0.04296875
