0 0.26484375 0.678125 0.13671875 0.1578125
0 0.1625 0.78828125 0.16640625 0.20390625
0 0.4203125 0.76484375 0.14375 0.18984375
0 0.65390625 0.7328125 0.13984375 0.21171875
0 0.31953125 0.62421875 0.11015625 0.11484375
0 0.43671875 0.52265625 0.08515625 0.090625
0 0.190625 0.61796875 0.10546875 0.11015625
0 0.38203125 0.56015625 0.09375 0.0890625
0 0.35078125 0.58125 0.0921875 0.08359375
0 0.3890625 0.484375 0.053125 0.05859375
0 0.50234375 0.615625 0.1109375 0.13046875
0 0.4765625 0.48515625 0.08359375 0.06796875
0 0.45390625 0.43125 0.05 0.04765625
0 0.44375 0.6828125 0.14296875 0.14140625
2 0.678125 0.484375 0.10859375 0.2515625
0 0.528125 0.55703125 0.0953125 0.075
0 0.6671875 0.64296875 0.10859375 0.15625
0 0.11953125 0.6765625 0.134375 0.11953125
0 0.67890625 0.56953125 0.08515625 0.06484375
0 0.01328125 0.7625 0.0265625 0.17265625
0 0.5859375 0.471875 0.065625 0.06640625
0 0.67734375 0.59375 0.09765625 0.09140625
0 0.56015625 0.49296875 0.07265625 0.06796875
