0 0.26484375 0.678125 0.1375 0.1546875
0 0.16171875 0.78828125 0.16640625 0.20234375
0 0.2984375 0.53125 0.08359375 0.08671875
0 0.65390625 0.7359375 0.1375 0.21640625
0 0.1921875 0.61796875 0.10625 0.11015625
0 0.4375 0.5171875 0.08984375 0.09140625
0 0.51484375 0.44921875 0.06484375 0.05703125
0 0.41796875 0.765625 0.1390625 0.18828125
0 0.484375 0.48359375 0.0703125 0.0625
0 0.44609375 0.6875 0.13984375 0.1453125
2 0.5734375 0.35390625 0.0578125 0.08203125
0 0.38359375 0.5546875 0.0796875 0.09140625
0 0.34453125 0.5875 0.1125 0.096875
0 0.49609375 0.615625 0.121875 0.12734375
0 0.3171875 0.62265625 0.1140625 0.1171875
0 0.6640625 0.64453125 0.11171875 0.15390625
0 0.52734375 0.55625 0.09453125 0.07421875
2 0.67734375 0.48359375 0.10625 0.2671875
0 0.6796875 0.56875 0.0859375 0.06484375
0 0.0125 0.7578125 0.025 0.18125
0 0.6765625 0.59609375 0.103125 0.09140625
0 0.57109375 0.5 0.0734375 0.078125
0 0.559375 0.5203125 0.075 0.0765625
0 0.11796875 0.67421875 0.13046875 0.11328125
