0 0.26640625 0.675 0.13984375 0.15546875
0 0.1625 0.7875 0.16640625 0.20625
2 0.51640625 0.3671875 0.08671875 0.09765625
0 0.41953125 0.76484375 0.1421875 0.18984375
0 0.64921875 0.73828125 0.13984375 0.2203125
0 0.2640625 0.55 0.09140625 0.0984375
0 0.43984375 0.5234375 0.08984375 0.08828125
0 0.37890625 0.56015625 0.0890625 0.09453125
0 0.4859375 0.48203125 0.07265625 0.065625
0 0.5125 0.44921875 0.06484375 0.05859375
0 0.3171875 0.63203125 0.1078125 0.12109375
0 0.56875 0.496875 0.07578125 0.0703125
0 0.49609375 0.625 0.11953125 0.13125
0 0.44296875 0.68359375 0.14375 0.146875
0 0.66484375 0.6453125 0.11171875 0.15546875
0 0.1203125 0.6765625 0.1359375 0.11953125
0 0.203125 0.61328125 0.1296875 0.12109375
0 0.5265625 0.55703125 0.09609375 0.07421875
0 0.34921875 0.584375 0.0921875 0.090625
0 0.0125 0.7609375 0.025 0.178125
2 0.67890625 0.48671875 0.09921875 0.2625
0 0.68046875 0.56796875 0.0859375 0.06328125
0 0.67734375 0.59609375 0.1 0.09140625
0 0.54140625 0.53984375 0.08125 0.08359375
0 0.54296875 0.4390625 0.05625 0.05234375
0 0.57109375 0.7046875 0.1234375 0.16171875
