0 0.265625 0.67734375 0.1390625 0.1578125
0 0.4171875 0.76640625 0.14296875 0.190625
0 0.16484375 0.790625 0.16484375 0.203125
0 0.2640625 0.5546875 0.09140625 0.1015625
0 0.65 0.73828125 0.13671875 0.21875
0 0.4359375 0.5234375 0.09453125 0.090625
0 0.37890625 0.559375 0.0875 0.090625
0 0.5140625 0.45078125 0.06484375 0.05390625
0 0.31640625 0.63203125 0.11015625 0.1203125
0 0.48359375 0.48515625 0.06875 0.06484375
0 0.4421875 0.6875 0.14375 0.153125
0 0.4953125 0.61796875 0.1234375 0.12890625
0 0.18828125 0.62109375 0.10625 0.11328125
0 0.565625 0.49453125 0.075 0.0734375
0 0.35078125 0.5828125 0.08671875 0.08828125
0 0.52734375 0.55703125 0.0953125 0.07109375
2 0.6765625 0.471875 0.109375 0.2265625
0 0.66484375 0.646875 0.11171875 0.153125
0 0.1171875 0.67734375 0.1328125 0.11875
0 0.01171875 0.76640625 0.0234375 0.165625
0 0.6796875 0.56875 0.08671875 0.0625
0 0.67734375 0.59453125 0.1 0.090625
0 0.52890625 0.44140625 0.0625 0.04921875
0 0.54375 0.54140625 0.084375 0.084375
2 0.48046875 0.3875 0.07265625 0.128125
