0 0.6359375 0.775 0.13671875 0.19296875
0 0.22890625 0.72421875 0.13671875 0.16796875
0 0.53984375 0.55234375 0.08515625 0.10390625
0 0.375 0.590625 0.09921875 0.109375
0 0.13828125 0.81015625 0.15234375 0.18828125
0 0.4234375 0.5484375 0.08359375 0.0890625
0 0.47421875 0.471875 0.06328125 0.05703125
2 0.425 0.42265625 0.0890625 0.11875
0 0.27890625 0.65703125 0.134375 0.1546875
0 0.48046875 0.63203125 0.121875 0.1359375
0 0.4234375 0.76640625 0.13671875 0.1921875
0 0.4515625 0.68203125 0.1203125 0.1078125
0 0.503125 0.5046875 0.07421875 0.07578125
0 0.515625 0.43515625 0.05234375 0.053125
0 0.5796875 0.45546875 0.05546875 0.05859375
0 0.6625 0.65546875 0.146875 0.175
0 0.65078125 0.48984375 0.08125 0.09296875
0 0.67734375 0.56875 0.08359375 0.06796875
0 0.58203125 0.3859375 0.0328125 0.0296875
0 0.5640625 0.41171875 0.04765625 0.034375
2 0.490625 0.39609375 0.05390625 0.09921875
0 0.5484375 0.37578125 0.03046875 0.04375
0 0.63515625 0.453125 0.046875 0.07109375
0 0.6359375 0.39453125 0.0296875 0.03359375
0 0.5984375 0.37890625 0.02265625 0.03203125
0 0.7015625 0.63984375 0.09453125 0.14453125
