0 0.22265625 0.57578125 0.1078125 0.1125
0 0.66171875 0.72734375 0.13046875 0.1828125
0 0.421875 0.5296875 0.11328125 0.103125
0 0.240625 0.69453125 0.134375 0.14609375
0 0.04296875 0.76171875 0.08515625 0.17734375
0 0.140625 0.80390625 0.1640625 0.2
0 0.33515625 0.6015625 0.10078125 0.10859375
0 0.1375 0.6546875 0.125 0.1140625
2 0.3265625 0.46015625 0.13671875 0.2015625
0 0.471875 0.628125 0.09375 0.07109375
0 0.50390625 0.60078125 0.096875 0.11796875
2 0.56171875 0.39453125 0.06171875 0.06796875
2 0.5734375 0.34375 0.05390625 0.0578125
0 0.44140625 0.4359375 0.04921875 0.0484375
0 0.31015625 0.91328125 0.17734375 0.16640625
0 0.45 0.72109375 0.1390625 0.1984375
0 0.565625 0.49453125 0.06875 0.06796875
0 0.4765625 0.48828125 0.07890625 0.06640625
0 0.5359375 0.55 0.0859375 0.08359375
0 0.55390625 0.52578125 0.0765625 0.08046875
2 0.675 0.51171875 0.12265625 0.26875
