0 0.3453125 0.61640625 0.09453125 0.11875
0 0.31171875 0.88671875 0.19140625 0.225
0 0.325 0.56640625 0.08515625 0.1078125
0 0.42734375 0.44296875 0.05078125 0.05
0 0.37265625 0.50703125 0.0671875 0.0703125
0 0.48984375 0.471875 0.071875 0.07265625
2 0.509375 0.36640625 0.04921875 0.0828125
0 0.56953125 0.49453125 0.06953125 0.065625
0 0.2046875 0.7328125 0.1453125 0.2015625
0 0.58984375 0.48125 0.06796875 0.0578125
0 0.42421875 0.54375 0.07578125 0.06953125
0 0.46015625 0.6671875 0.071875 0.14296875
0 0.44453125 0.5265625 0.0734375 0.08359375
0 0.415625 0.56640625 0.0859375 0.0703125
0 0.5109375 0.45703125 0.0640625 0.05625
0 0.63046875 0.41796875 0.059375 0.059375
0 0.52421875 0.44609375 0.06640625 0.06015625
0 0.60390625 0.45234375 0.05859375 0.06171875
2 0.17109375 0.55078125 0.2125 0.3234375
0 0.6171875 0.43671875 0.05546875 0.05078125
2 0.73359375 0.753125 0.4703125 0.49375
