0 0.3828125 0.571875 0.10859375 0.11640625
0 0.6578125 0.7 0.14140625 0.1984375
0 0.2078125 0.77265625 0.159375 0.1796875
0 0.05859375 0.7484375 0.1171875 0.17890625
0 0.13359375 0.66484375 0.11875 0.13203125
0 0.67109375 0.596875 0.10234375 0.0796875
0 0.41640625 0.45078125 0.05078125 0.05546875
0 0.56796875 0.53359375 0.090625 0.0921875
0 0.25546875 0.975 0.1953125 0.05
0 0.42890625 0.53046875 0.08203125 0.09140625
0 0.5015625 0.47265625 0.07578125 0.065625
0 0.521875 0.603125 0.08359375 0.1078125
0 0.0609375 0.9140625 0.121875 0.159375
0 0.45625 0.50546875 0.08671875 0.078125
2 0.49609375 0.3765625 0.053125 0.09609375
0 0.4890625 0.68203125 0.11640625 0.159375
0 0.61875 0.44140625 0.06796875 0.0578125
0 0.57578125 0.48515625 0.0765625 0.0671875
0 0.52109375 0.45 0.06171875 0.0515625
0 0.559375 0.39609375 0.059375 0.05078125
0 0.6015625 0.46875 0.0578125 0.065625
0 0.65078125 0.4140625 0.02890625 0.04921875
0 0.58828125 0.38984375 0.02734375 0.04375
0 0.63828125 0.38125 0.02421875 0.034375
0 0.60546875 0.36328125 0.021875 0.02890625
