0 0.3703125 0.5953125 0.09296875 0.11171875
0 0.55703125 0.525 0.08359375 0.10703125
3 0.2375 0.67890625 0.15625 0.26484375
0 0.0859375 0.8890625 0.1640625 0.22109375
0 0.45390625 0.528125 0.07890625 0.08203125
2 0.4921875 0.3703125 0.05625 0.08828125
0 0.67578125 0.63046875 0.10859375 0.0875
0 0.47421875 0.475 0.06171875 0.08515625
0 0.65859375 0.7140625 0.14296875 0.2203125
0 0.6109375 0.440625 0.04609375 0.05078125
0 0.41640625 0.4546875 0.05703125 0.0546875
0 0.4609375 0.69375 0.12890625 0.1625
0 0.53359375 0.44765625 0.0546875 0.05
0 0.59921875 0.3765625 0.03359375 0.03125
0 0.3703125 0.878125 0.1703125 0.2375
0 0.696875 0.56015625 0.08046875 0.0734375
0 0.56484375 0.40234375 0.03984375 0.0453125
0 0.6390625 0.396875 0.0328125 0.03046875
0 0.5484375 0.428125 0.04765625 0.03984375
0 0.67890625 0.5875 0.09921875 0.06640625
