0 0.3890625 0.58515625 0.0984375 0.1046875
0 0.484375 0.4828125 0.05859375 0.07109375
0 0.67734375 0.62734375 0.1140625 0.0984375
0 0.1078125 0.89609375 0.20859375 0.2
2 0.240625 0.65546875 0.1015625 0.1734375
0 0.4171875 0.45234375 0.0578125 0.053125
0 0.65703125 0.71484375 0.14140625 0.2109375
0 0.45 0.51640625 0.078125 0.08671875
0 0.45234375 0.70703125 0.11875 0.159375
0 0.60390625 0.4671875 0.06015625 0.08203125
2 0.5 0.384375 0.05390625 0.09375
0 0.50390625 0.421875 0.0515625 0.0421875
0 0.63359375 0.415625 0.040625 0.0453125
0 0.57421875 0.40859375 0.03671875 0.0359375
0 0.6546875 0.375 0.03203125 0.03125
0 0.596875 0.3859375 0.03046875 0.03046875
0 0.69140625 0.57734375 0.08515625 0.071875
1 0.4625 0.5921875 0.02890625 0.071875
