2 0.35546875 0.47421875 0.1734375 0.2
0 0.06796875 0.896875 0.13046875 0.2015625
0 0.65625 0.721875 0.13984375 0.2203125
0 0.31015625 0.88984375 0.18984375 0.21953125
0 0.67734375 0.63359375 0.1140625 0.09921875
0 0.5484375 0.4421875 0.05703125 0.0515625
0 0.51015625 0.475 0.0578125 0.0640625
0 0.62421875 0.43828125 0.046875 0.05703125
0 0.5609375 0.41484375 0.05234375 0.04921875
0 0.37421875 0.6375 0.1078125 0.1359375
0 0.57421875 0.4015625 0.04296875 0.03828125
0 0.6921875 0.58046875 0.0875 0.08203125
0 0.6421875 0.38046875 0.03125 0.02734375
