0 0.42578125 0.54296875 0.08359375 0.0984375
0 0.3390625 0.63125 0.10625 0.128125
0 0.65625 0.71640625 0.13515625 0.21328125
0 0.48359375 0.490625 0.0625 0.07265625
0 0.49453125 0.671875 0.11640625 0.178125
0 0.67734375 0.62890625 0.11328125 0.10078125
0 0.41484375 0.4515625 0.05625 0.06015625
0 0.54296875 0.44765625 0.05546875 0.06015625
0 0.609375 0.459375 0.05703125 0.075
1 0.159375 0.6296875 0.0609375 0.13984375
0 0.06875 0.91875 0.1375 0.15625
0 0.68828125 0.6015625 0.0984375 0.09296875
0 0.6140625 0.43125 0.05 0.040625
0 0.69140625 0.5765625 0.0875 0.0734375
0 0.45625 0.44609375 0.053125 0.05859375
0 0.628125 0.41328125 0.03359375 0.0453125
0 0.56328125 0.4203125 0.03515625 0.0515625
0 0.59140625 0.37265625 0.0234375 0.0359375
0 0.63671875 0.39296875 0.02421875 0.03828125
0 0.64609375 0.3734375 0.02421875 0.03828125
0 0.60625 0.36640625 0.01953125 0.0328125
0 0.66171875 0.36015625 0.01640625 0.02578125
0 0.62109375 0.3546875 0.01796875 0.02890625
