0 0.37421875 0.5984375 0.09453125 0.1125
0 0.19609375 0.7640625 0.15859375 0.1734375
0 0.4296875 0.7640625 0.1375 0.18515625
0 0.44453125 0.6796875 0.1140625 0.096875
0 0.28203125 0.6734375 0.125 0.1703125
0 0.5421875 0.5640625 0.0890625 0.10703125
0 0.43046875 0.54140625 0.08046875 0.08828125
0 0.415625 0.45625 0.0546875 0.05625
0 0.67734375 0.62578125 0.1125 0.0984375
0 0.6578125 0.7125 0.13984375 0.20546875
0 0.48671875 0.63046875 0.115625 0.1390625
0 0.56953125 0.52890625 0.07734375 0.09375
2 0.51953125 0.3734375 0.0515625 0.06796875
0 0.50859375 0.4046875 0.040625 0.03359375
0 0.553125 0.38125 0.0328125 0.03046875
0 0.59140625 0.384375 0.03125 0.0296875
0 0.69375 0.58203125 0.08671875 0.0765625
