0 0.63515625 0.77578125 0.13515625 0.19296875
2 0.2671875 0.509375 0.1921875 0.203125
0 0.228125 0.725 0.13828125 0.16875
0 0.13671875 0.81796875 0.1515625 0.19921875
0 0.34453125 0.615625 0.09765625 0.1171875
0 0.52578125 0.3953125 0.03515625 0.034375
0 0.659375 0.65546875 0.1390625 0.171875
0 0.3859375 0.57578125 0.0890625 0.10234375
0 0.57890625 0.49375 0.10078125 0.0953125
0 0.52109375 0.578125 0.10390625 0.1234375
0 0.47265625 0.646875 0.11640625 0.1140625
0 0.4484375 0.678125 0.1234375 0.09921875
0 0.4234375 0.76484375 0.14140625 0.19375
0 0.2859375 0.65546875 0.1171875 0.15234375
0 0.4359375 0.509375 0.07265625 0.0734375
0 0.5609375 0.41015625 0.0453125 0.034375
0 0.4953125 0.409375 0.04921875 0.05
0 0.65546875 0.478125 0.08671875 0.07734375
0 0.66484375 0.55390625 0.0828125 0.0703125
0 0.48046875 0.475 0.065625 0.065625
0 0.5359375 0.534375 0.07421875 0.04765625
0 0.70546875 0.63671875 0.1078125 0.153125
