0 0.19453125 0.7625 0.1625 0.175
0 0.65625 0.7171875 0.1390625 0.20546875
0 0.42421875 0.75859375 0.14296875 0.184375
0 0.3875 0.584375 0.09375 0.10859375
0 0.415625 0.45546875 0.0546875 0.05859375
0 0.4421875 0.68125 0.1171875 0.10078125
0 0.67421875 0.6359375 0.11484375 0.0984375
0 0.32890625 0.63203125 0.12578125 0.121875
0 0.5390625 0.57265625 0.09765625 0.10703125
0 0.271875 0.67578125 0.12421875 0.16875
0 0.4828125 0.62734375 0.1171875 0.1453125
0 0.51328125 0.46328125 0.0546875 0.05625
0 0.57421875 0.4046875 0.03671875 0.04375
0 0.52109375 0.4171875 0.04921875 0.04609375
0 0.61875 0.353125 0.02578125 0.02265625
0 0.59921875 0.3828125 0.0359375 0.0328125
0 0.6921875 0.584375 0.08203125 0.078125
2 0.540625 0.36015625 0.040625 0.08203125
2 0.496875 0.38359375 0.05546875 0.0859375
