0 0.303125 0.540625 0.08671875 0.0859375
0 0.4234375 0.7578125 0.14375 0.1859375
0 0.196875 0.7625 0.1609375 0.171875
0 0.65546875 0.715625 0.1375 0.2109375
0 0.3375 0.6265625 0.1078125 0.10625
0 0.4421875 0.6796875 0.1203125 0.09921875
0 0.67421875 0.6375 0.11484375 0.09765625
0 0.38203125 0.584375 0.0875 0.10859375
0 0.53203125 0.5765625 0.1015625 0.10390625
0 0.27421875 0.67734375 0.12578125 0.165625
0 0.48125 0.628125 0.11484375 0.13828125
0 0.41484375 0.4515625 0.0546875 0.05390625
2 0.50078125 0.37890625 0.07578125 0.09140625
0 0.55859375 0.559375 0.084375 0.10625
0 0.41484375 0.54375 0.08046875 0.09609375
0 0.50546875 0.4859375 0.05390625 0.05625
0 0.559375 0.43203125 0.04140625 0.0625
0 0.690625 0.6046875 0.0921875 0.09453125
0 0.60234375 0.37109375 0.02890625 0.02734375
