0 0.1828125 0.765625 0.18671875 0.171875
0 0.63984375 0.4203125 0.04765625 0.0546875
0 0.5796875 0.39453125 0.04140625 0.04609375
0 0.403125 0.740625 0.19609375 0.171875
0 0.61484375 0.36328125 0.02734375 0.021875
0 0.609375 0.35859375 0.02578125 0.0234375
0 0.6359375 0.7625 0.14296875 0.14609375
0 0.61484375 0.359375 0.0296875 0.02265625
0 0.675 0.3515625 0.028125 0.021875
0 0.67265625 0.35390625 0.02578125 0.02265625
0 0.68125 0.6125 0.10625 0.1546875
0 0.5046875 0.6359375 0.1 0.16875
0 0.6453125 0.353125 0.0234375 0.02578125
