0 0.046875 0.7296875 0.09375 0.20625
0 0.228125 0.77265625 0.14921875 0.196875
0 0.3921875 0.82578125 0.15390625 0.22890625
0 0.66796875 0.76171875 0.13671875 0.2640625
0 0.66953125 0.6078125 0.09375 0.12578125
0 0.7015625 0.56015625 0.06875 0.1015625
0 0.66015625 0.5 0.05703125 0.08203125
0 0.35703125 0.63203125 0.08828125 0.1265625
0 0.26015625 0.54921875 0.09765625 0.134375
0 0.3859375 0.58359375 0.078125 0.11484375
0 0.44296875 0.484375 0.0421875 0.08359375
0 0.4859375 0.49609375 0.0578125 0.09453125
0 0.521875 0.46484375 0.046875 0.08046875
0 0.53203125 0.44453125 0.0421875 0.06796875
0 0.63515625 0.47890625 0.05234375 0.0828125
2 0.61328125 0.403125 0.06484375 0.14453125
2 0.52578125 0.38046875 0.03046875 0.0671875
0 0.571875 0.4046875 0.02578125 0.04609375
0 0.65 0.41328125 0.03359375 0.04921875
0 0.57421875 0.3625 0.01953125 0.03359375
0 0.653125 0.3703125 0.02109375 0.0328125
