0 0.584375 0.9203125 0.1984375 0.15390625
0 0.55234375 0.41015625 0.05078125 0.04609375
0 0.6140625 0.36328125 0.0375 0.03515625
0 0.5234375 0.45546875 0.053125 0.05390625
0 0.65703125 0.34453125 0.025 0.02109375
0 0.65625 0.3546875 0.025 0.02265625
0 0.69140625 0.33671875 0.02578125 0.0203125
0 0.6546875 0.3625 0.025 0.021875
0 0.6171875 0.359375 0.0390625 0.03359375
1 0.3375 0.93984375 0.06875 0.11953125
0 0.6859375 0.33671875 0.02421875 0.01875
0 0.1359375 0.9015625 0.21484375 0.19609375
0 0.5953125 0.48046875 0.03828125 0.05390625
0 0.6234375 0.44375 0.04296875 0.059375
