0 0.19609375 0.76328125 0.16171875 0.165625
0 0.4234375 0.75625 0.1453125 0.18671875
0 0.55546875 0.5578125 0.1 0.1015625
0 0.38984375 0.58125 0.096875 0.1015625
0 0.65546875 0.72109375 0.1390625 0.21796875
0 0.67421875 0.628125 0.1171875 0.096875
0 0.43828125 0.675 0.12109375 0.09375
0 0.3421875 0.628125 0.09453125 0.1140625
0 0.41796875 0.45 0.04921875 0.053125
0 0.5671875 0.4953125 0.071875 0.06171875
0 0.4796875 0.62578125 0.11875 0.13828125
0 0.41796875 0.54296875 0.10078125 0.08359375
0 0.52734375 0.56875 0.096875 0.08984375
0 0.5640625 0.42109375 0.04609375 0.04609375
2 0.49140625 0.38125 0.0671875 0.090625
0 0.6171875 0.43671875 0.06015625 0.06015625
0 0.015625 0.76796875 0.03046875 0.1765625
0 0.51640625 0.4453125 0.06328125 0.0671875
0 0.64296875 0.3921875 0.03203125 0.0296875
0 0.69296875 0.58125 0.0921875 0.0828125
0 0.46796875 0.50234375 0.071875 0.07578125
0 0.27265625 0.67109375 0.1234375 0.17734375
0 0.5765625 0.3984375 0.03671875 0.0296875
2 0.1796875 0.57578125 0.19453125 0.26640625
