0 0.49375 0.66640625 0.14453125 0.14375
0 0.25390625 0.73125 0.1828125 0.16875
0 0.50703125 0.465625 0.06640625 0.06640625
0 0.58828125 0.3453125 0.03828125 0.03046875
0 0.68359375 0.35859375 0.0359375 0.0296875
0 0.6328125 0.39453125 0.05625 0.05078125
0 0.68828125 0.36171875 0.03515625 0.02734375
0 0.63671875 0.3484375 0.04140625 0.03046875
0 0.64375 0.3484375 0.040625 0.03046875
0 0.6484375 0.346875 0.03671875 0.0265625
0 0.62890625 0.3453125 0.03359375 0.028125
0 0.5953125 0.34609375 0.040625 0.03125
0 0.5828125 0.396875 0.0421875 0.05390625
