0 0.49609375 0.68046875 0.11015625 0.15390625
0 0.3578125 0.61171875 0.1 0.1234375
0 0.421875 0.5546875 0.0828125 0.09375
0 0.50078125 0.5921875 0.090625 0.08125
0 0.41640625 0.4515625 0.053125 0.05234375
0 0.49765625 0.4671875 0.08359375 0.07734375
0 0.45625 0.50703125 0.08203125 0.07578125
0 0.5390625 0.4359375 0.05546875 0.05625
0 0.61328125 0.41328125 0.04296875 0.0375
0 0.0359375 0.940625 0.071875 0.11875
0 0.57265625 0.39921875 0.034375 0.04140625
0 0.53046875 0.5546875 0.0890625 0.08984375
0 0.5578125 0.52734375 0.08203125 0.08046875
0 0.59296875 0.48203125 0.090625 0.08828125
0 0.63359375 0.45078125 0.05625 0.059375
0 0.6234375 0.40390625 0.03984375 0.046875
0 0.19140625 0.75625 0.16953125 0.2046875
0 0.65625 0.8765625 0.16171875 0.240625
2 0.1140625 0.5890625 0.2265625 0.28359375
0 0.6203125 0.36640625 0.025 0.025
