0 0.6453125 0.50859375 0.08828125 0.08515625
0 0.60625 0.375 0.0328125 0.0296875
0 0.6359375 0.4984375 0.09453125 0.09765625
0 0.046875 0.91015625 0.09296875 0.17421875
0 0.653125 0.3453125 0.03359375 0.02578125
0 0.65546875 0.35 0.0328125 0.025
0 0.61015625 0.35234375 0.03203125 0.025
0 0.5984375 0.34921875 0.034375 0.028125
0 0.65859375 0.353125 0.03515625 0.025
0 0.60234375 0.36171875 0.034375 0.0265625
0 0.02265625 0.93203125 0.04453125 0.1359375
0 0.65703125 0.34375 0.03671875 0.02421875
0 0.6046875 0.35234375 0.03515625 0.0265625
0 0.4578125 0.5125 0.08125 0.08203125
0 0.584375 0.47734375 0.0640625 0.06953125
