0 0.421875 0.76484375 0.13359375 0.1875
0 0.2453125 0.96796875 0.19765625 0.06328125
0 0.44375 0.52734375 0.08984375 0.08671875
0 0.3765625 0.575 0.1171875 0.14375
0 0.59296875 0.4734375 0.06796875 0.059375
0 0.4984375 0.47421875 0.06640625 0.06875
0 0.41796875 0.45 0.05390625 0.05546875
0 0.5203125 0.4515625 0.06640625 0.06484375
0 0.60625 0.43828125 0.0546875 0.05546875
0 0.51015625 0.615625 0.1125 0.1484375
0 0.559375 0.57265625 0.07890625 0.10859375
0 0.56171875 0.51953125 0.06953125 0.06953125
0 0.26796875 0.7 0.128125 0.165625
0 0.58125 0.3875 0.03125 0.03203125
0 0.55703125 0.403125 0.04375 0.03671875
0 0.61875 0.4140625 0.046875 0.05234375
0 0.66875 0.4953125 0.0625 0.07890625
0 0.07734375 0.89453125 0.1546875 0.2109375
