0 0.1671875 0.7671875 0.16328125 0.17109375
0 0.61484375 0.40625 0.04609375 0.0453125
0 0.6125 0.41484375 0.0453125 0.0453125
0 0.2875 0.925 0.20625 0.15
0 0.05859375 0.91640625 0.11640625 0.16171875
0 0.60078125 0.3734375 0.0375 0.034375
0 0.63359375 0.35390625 0.0265625 0.02265625
0 0.63984375 0.3515625 0.0296875 0.02421875
0 0.5984375 0.36875 0.0390625 0.0375
0 0.6375 0.3546875 0.02890625 0.025
0 0.63125 0.3625 0.02578125 0.02421875
0 0.0578125 0.94296875 0.115625 0.1140625
0 0.6421875 0.88046875 0.190625 0.2390625
