0 0.47734375 0.6640625 0.10234375 0.1390625
0 0.2921875 0.94296875 0.20078125 0.109375
0 0.35390625 0.61171875 0.11171875 0.125
0 0.6234375 0.43359375 0.0421875 0.05390625
0 0.41484375 0.453125 0.05546875 0.05546875
0 0.50703125 0.46953125 0.05703125 0.06015625
0 0.47421875 0.49765625 0.06796875 0.07109375
0 0.57578125 0.4890625 0.084375 0.08359375
0 0.09375 0.87109375 0.17265625 0.24296875
0 0.59453125 0.39296875 0.025 0.0234375
0 0.43671875 0.52890625 0.06875 0.096875
0 0.65390625 0.71015625 0.13125 0.18828125
0 0.54140625 0.43046875 0.06171875 0.05546875
0 0.5578125 0.51875 0.0875 0.07578125
0 0.5390625 0.55234375 0.0953125 0.11171875
0 0.63203125 0.36796875 0.02734375 0.0265625
0 0.6109375 0.37734375 0.02890625 0.02890625
0 0.55625 0.4078125 0.05078125 0.04140625
0 0.5234375 0.45390625 0.06015625 0.05390625
