0 0.6359375 0.77578125 0.134375 0.19296875
0 0.64375 0.653125 0.10546875 0.18203125
0 0.13671875 0.81484375 0.1546875 0.1796875
0 0.34453125 0.6140625 0.0953125 0.1171875
2 0.29296875 0.48984375 0.153125 0.1859375
0 0.47421875 0.4828125 0.0859375 0.0796875
0 0.43046875 0.50390625 0.0796875 0.0734375
0 0.23515625 0.72421875 0.1234375 0.16953125
0 0.3875 0.5765625 0.0859375 0.0953125
0 0.421875 0.76484375 0.1390625 0.1921875
0 0.55234375 0.52734375 0.09296875 0.1
0 0.446875 0.67734375 0.1265625 0.096875
0 0.6546875 0.465625 0.07265625 0.06953125
0 0.36796875 0.48828125 0.05390625 0.07265625
0 0.52265625 0.57265625 0.10078125 0.12265625
0 0.48046875 0.640625 0.11640625 0.1265625
0 0.67265625 0.48515625 0.08203125 0.07109375
0 0.675 0.56640625 0.084375 0.06640625
0 0.50859375 0.39921875 0.0375 0.03515625
0 0.4390625 0.7140625 0.12890625 0.14140625
0 0.63671875 0.44296875 0.06640625 0.0625
2 0.1140625 0.615625 0.228125 0.32109375
0 0.5671875 0.4828125 0.04921875 0.075
0 0.53203125 0.44609375 0.03359375 0.05234375
0 0.5875 0.4328125 0.03984375 0.05703125
0 0.5484375 0.4265625 0.03515625 0.05390625
0 0.59609375 0.4171875 0.02890625 0.04609375
0 0.565625 0.41015625 0.028125 0.04375
0 0.58359375 0.390625 0.0234375 0.03515625
0 0.59140625 0.38203125 0.02421875 0.03515625
0 0.63515625 0.3875 0.0296875 0.0375
0 0.6515625 0.36796875 0.01796875 0.03125
0 0.590625 0.36484375 0.02265625 0.0375
0 0.6046875 0.36171875 0.02578125 0.03515625
2 0.6328125 0.33359375 0.0203125 0.03515625
0 0.70546875 0.65 0.0921875 0.16171875
