0 0.36328125 0.60703125 0.11015625 0.1171875
0 0.68515625 0.55859375 0.07890625 0.09765625
0 0.39296875 0.8140625 0.15234375 0.19921875
0 0.203125 0.7671875 0.15078125 0.1859375
0 0.478125 0.546875 0.07734375 0.0984375
0 0.20625 0.9265625 0.23671875 0.11796875
0 0.41484375 0.4515625 0.05 0.05859375
0 0.6234375 0.42734375 0.04765625 0.06171875
0 0.50859375 0.46953125 0.05078125 0.0921875
0 0.57578125 0.42578125 0.03984375 0.03984375
0 0.58046875 0.49765625 0.05546875 0.0703125
0 0.46171875 0.49375 0.071875 0.08046875
0 0.5796875 0.3890625 0.02890625 0.028125
0 0.6375 0.38359375 0.03515625 0.02734375
0 0.63984375 0.7609375 0.13125 0.196875
0 0.528125 0.44765625 0.04296875 0.0609375
0 0.55859375 0.36796875 0.02734375 0.03984375
2 0.59921875 0.33828125 0.02890625 0.053125
0 0.61953125 0.3625 0.0203125 0.0265625
0 0.63125 0.35234375 0.01484375 0.01796875
