0 0.7484375 0.20703125 0.05234375 0.04921875
0 0.85234375 0.2515625 0.0609375 0.071875
0 0.65 0.15546875 0.034375 0.03515625
0 0.6796875 0.23828125 0.065625 0.0703125
0 0.77578125 0.19453125 0.0390625 0.0453125
1 0.56796875 0.853125 0.1015625 0.29375
1 0.6109375 0.25 0.01953125 0.07578125
1 0.25546875 0.2265625 0.01875 0.0796875
0 0.53828125 0.228125 0.05625 0.07890625
0 0.45234375 0.22734375 0.0546875 0.07109375
0 0.3703125 0.22109375 0.053125 0.08046875
0 0.2828125 0.2171875 0.040625 0.07109375
3 0.60703125 0.17109375 0.04453125 0.04609375
3 0.49140625 0.12421875 0.04140625 0.05
0 0.33125 0.1625 0.03359375 0.05
3 0.35390625 0.1890625 0.0546875 0.084375
3 0.284375 0.17109375 0.04140625 0.059375
3 0.42265625 0.190625 0.05625 0.07109375
2 0.35625 0.1 0.04453125 0.07734375
0 0.375 0.13984375 0.03515625 0.0421875
0 0.384375 0.1609375 0.03359375 0.0453125
0 0.40703125 0.1765625 0.028125 0.06328125
0 0.46953125 0.1796875 0.0390625 0.06171875
0 0.49375 0.20546875 0.040625 0.06484375
0 0.565625 0.2015625 0.03515625 0.065625
3 0.55625 0.15234375 0.04140625 0.02421875
3 0.5359375 0.13828125 0.02890625 0.03515625
0 0.63828125 0.21640625 0.04609375 0.06171875
0 0.53515625 0.18125 0.0421875 0.04921875
0 0.50546875 0.1671875 0.03671875 0.04375
0 0.45078125 0.159375 0.040625 0.04921875
