0 0.7265625 0.20703125 0.0484375 0.05859375
0 0.6921875 0.24296875 0.06796875 0.07421875
0 0.8359375 0.25390625 0.06640625 0.078125
0 0.8078125 0.27578125 0.05703125 0.07421875
0 0.64609375 0.21796875 0.0484375 0.0640625
0 0.60625 0.2359375 0.06015625 0.07109375
3 0.9609375 0.2859375 0.078125 0.1296875
3 0.440625 0.18359375 0.08828125 0.19296875
3 0.5234375 0.12109375 0.0375 0.07578125
3 0.55859375 0.13046875 0.03515625 0.05703125
3 0.56640625 0.20234375 0.04765625 0.0796875
3 0.3328125 0.1359375 0.046875 0.08984375
0 0.33359375 0.18671875 0.0234375 0.06875
0 0.6015625 0.15 0.03125 0.05
1 0.628125 0.1859375 0.0140625 0.03671875
0 0.60703125 0.18671875 0.03203125 0.04375
0 0.53203125 0.1859375 0.0359375 0.05
0 0.509375 0.165625 0.034375 0.04140625
3 0.49921875 0.13359375 0.03046875 0.03828125
3 0.27578125 0.11328125 0.0296875 0.0546875
0 0.259375 0.14453125 0.025 0.04609375
0 0.28046875 0.1625 0.03828125 0.03515625
0 0.2578125 0.08046875 0.03203125 0.02421875
0 0.2984375 0.08203125 0.02890625 0.028125
