0 0.39296875 0.575 0.10234375 0.11015625
0 0.171875 0.80625 0.19296875 0.19296875
0 0.49375 0.665625 0.11875 0.12734375
0 0.1828125 0.62578125 0.10703125 0.1046875
0 0.63359375 0.7828125 0.17890625 0.20625
0 0.54609375 0.4359375 0.0625 0.05546875
0 0.62578125 0.35703125 0.03046875 0.02421875
0 0.3828125 0.8265625 0.19765625 0.21796875
0 0.625 0.36171875 0.03125 0.02421875
0 0.6546875 0.36796875 0.03046875 0.0234375
0 0.57109375 0.38671875 0.040625 0.0390625
0 0.659375 0.33984375 0.03046875 0.0234375
0 0.30625 0.66328125 0.12734375 0.1453125
0 0.02890625 0.8046875 0.0578125 0.18203125
