0 0.4515625 0.690625 0.11796875 0.15234375
0 0.42734375 0.53359375 0.08203125 0.0890625
0 0.565625 0.403125 0.05078125 0.05
0 0.5390625 0.44296875 0.05859375 0.05390625
0 0.6265625 0.39765625 0.05 0.04375
0 0.62265625 0.403125 0.05078125 0.04375
0 0.6515625 0.36328125 0.0265625 0.021875
0 0.6140625 0.36328125 0.02421875 0.0234375
0 0.66484375 0.3453125 0.02734375 0.01953125
0 0.61015625 0.359375 0.0234375 0.02421875
0 0.615625 0.35859375 0.0296875 0.02265625
0 0.6453125 0.35625 0.0296875 0.021875
0 0.6296875 0.35546875 0.03046875 0.021875
0 0.3609375 0.9015625 0.1921875 0.19609375
