0 0.66953125 0.6796875 0.14921875 0.16484375
0 0.575 0.39609375 0.04296875 0.0421875
0 0.64296875 0.3828125 0.0390625 0.034375
0 0.64609375 0.37890625 0.03046875 0.03359375
0 0.621875 0.36640625 0.03359375 0.0265625
0 0.621875 0.3609375 0.03359375 0.02734375
0 0.56875 0.359375 0.034375 0.02578125
0 0.56953125 0.36328125 0.034375 0.02578125
0 0.57578125 0.40234375 0.040625 0.04140625
0 0.60234375 0.34453125 0.02890625 0.0203125
0 0.6203125 0.3375 0.0265625 0.0203125
0 0.2703125 0.9296875 0.21171875 0.140625
