0 0.878125 0.60078125 0.16328125 0.14375
0 0.9453125 0.68671875 0.10859375 0.13203125
0 0.46796875 0.71015625 0.1890625 0.18125
0 0.99453125 0.52109375 0.01015625 0.04921875
0 0.4359375 0.33984375 0.04609375 0.078125
0 0.5109375 0.334375 0.04921875 0.07421875
0 0.57265625 0.33671875 0.04453125 0.07890625
0 0.59765625 0.228125 0.05703125 0.0453125
0 0.63203125 0.740625 0.25703125 0.20078125
0 0.434375 0.29765625 0.04375 0.05859375
0 0.48671875 0.28671875 0.01875 0.0453125
0 0.43671875 0.2609375 0.0359375 0.03828125
0 0.440625 0.228125 0.02734375 0.03046875
0 0.540625 0.26484375 0.02734375 0.03828125
0 0.56015625 0.29375 0.0453125 0.0609375
3 0.5390625 0.234375 0.0453125 0.06328125
3 0.43125 0.196875 0.0390625 0.06640625
3 0.4734375 0.16953125 0.03515625 0.03203125
0 0.478125 0.203125 0.03046875 0.040625
0 0.4859375 0.23671875 0.04140625 0.0421875
3 0.51328125 0.2796875 0.0296875 0.0671875
