0 0.80703125 0.33828125 0.203125 0.14140625
0 0.03671875 0.43515625 0.0734375 0.1609375
0 0.490625 0.16640625 0.06484375 0.084375
0 0.86796875 0.13359375 0.06484375 0.06328125
0 0.4078125 0.15546875 0.0515625 0.09140625
3 0.31484375 0.128125 0.05390625 0.11953125
0 0.23359375 0.1640625 0.05546875 0.08203125
2 0.05234375 0.26015625 0.1046875 0.259375
3 0.37109375 0.10546875 0.04765625 0.0734375
0 0.228125 0.12421875 0.06171875 0.075
0 0.4421875 0.10625 0.03828125 0.06484375
0 0.46875 0.128125 0.05 0.0734375
0 0.42109375 0.0890625 0.0328125 0.04765625
0 0.3875 0.13125 0.04296875 0.07109375
