0 0.66484375 0.16953125 0.06953125 0.078125
0 0.23671875 0.1390625 0.05390625 0.07890625
0 0.50078125 0.16875 0.06171875 0.08203125
0 0.5921875 0.12421875 0.05703125 0.0640625
0 0.31953125 0.16796875 0.05703125 0.08359375
0 0.58828125 0.16328125 0.0640625 0.07890625
3 0.41328125 0.14140625 0.059375 0.128125
0 0.46953125 0.1375 0.05234375 0.06953125
1 0.2546875 0.16796875 0.02578125 0.08203125
0 0.128125 0.12578125 0.0640625 0.084375
0 0.04375 0.13671875 0.0875 0.1125
0 0.309375 0.11953125 0.05234375 0.040625
0 0.375 0.1296875 0.03359375 0.053125
0 0.36328125 0.09453125 0.03828125 0.05390625
3 0.33828125 0.075 0.03046875 0.0359375
