0 0.678125 0.17578125 0.0546875 0.075
0 0.228125 0.1546875 0.05546875 0.07421875
0 0.31640625 0.15859375 0.05859375 0.09609375
0 0.4890625 0.1640625 0.0546875 0.0765625
0 0.48046875 0.08828125 0.0375 0.0453125
0 0.41796875 0.1734375 0.065625 0.10859375
0 0.42890625 0.09453125 0.04296875 0.05703125
0 0.51328125 0.11328125 0.04140625 0.06875
0 0.46953125 0.13046875 0.05234375 0.08125
0 0.12265625 0.13828125 0.08828125 0.0703125
1 0.2421875 0.18203125 0.02578125 0.08671875
2 0.59453125 0.1421875 0.121875 0.165625
0 0.3 0.090625 0.0453125 0.0515625
0 0.38046875 0.1078125 0.0515625 0.078125
3 0.3578125 0.08359375 0.02578125 0.06640625
2 0.2234375 0.0640625 0.04765625 0.059375
