0 0.22578125 0.146875 0.0484375 0.08046875
0 0.5125 0.175 0.06328125 0.08125
0 0.16484375 0.38828125 0.2734375 0.20078125
0 0.521875 0.115625 0.05234375 0.0734375
0 0.4078125 0.15546875 0.06328125 0.09609375
0 0.47578125 0.14453125 0.053125 0.075
1 0.6359375 0.27890625 0.03671875 0.1265625
1 0.3046875 0.23125 0.03203125 0.10390625
3 0.7609375 0.21171875 0.12734375 0.2109375
3 0.31875 0.1484375 0.09921875 0.17890625
0 0.44375 0.1140625 0.04453125 0.05859375
0 0.41875 0.09296875 0.0421875 0.0515625
0 0.38515625 0.1265625 0.04140625 0.0625
0 0.3703125 0.0890625 0.03359375 0.0515625
