0 0.22109375 0.16328125 0.05390625 0.090625
0 0.64453125 0.15859375 0.065625 0.07421875
0 0.31875 0.15703125 0.059375 0.0953125
0 0.57421875 0.1578125 0.06015625 0.0765625
0 0.41484375 0.16640625 0.05859375 0.0859375
0 0.6015625 0.1265625 0.04765625 0.05703125
0 0.515625 0.1578125 0.06953125 0.1046875
0 0.46640625 0.13046875 0.04453125 0.075
0 0.23125 0.140625 0.04140625 0.071875
0 0.1125 0.125 0.109375 0.1125
0 0.31328125 0.10625 0.0453125 0.0546875
0 0.2859375 0.1015625 0.01640625 0.0546875
0 0.371875 0.115625 0.03203125 0.0484375
0 0.390625 0.134375 0.03671875 0.07109375
0 0.43359375 0.10859375 0.03828125 0.05234375
0 0.41640625 0.08359375 0.0390625 0.0421875
0 0.390625 0.075 0.03203125 0.0296875
0 0.35625 0.0953125 0.03125 0.05
0 0.35 0.07734375 0.03359375 0.03515625
0 0.32890625 0.071875 0.01640625 0.02734375
2 0.2890625 0.08125 0.04296875 0.05078125
