0 0.55 0.56796875 0.1015625 0.096875
0 0.31953125 0.64296875 0.1296875 0.12734375
0 0.21875 0.7484375 0.16640625 0.16640625
0 0.6046875 0.44765625 0.06484375 0.0578125
0 0.459375 0.70703125 0.13828125 0.153125
0 0.45390625 0.403125 0.0484375 0.04609375
0 0.60703125 0.37265625 0.040625 0.03359375
0 0.34921875 0.909375 0.190625 0.175
0 0.56640625 0.40859375 0.0453125 0.04375
0 0.6734375 0.84375 0.15703125 0.2015625
0 0.54765625 0.37734375 0.0375 0.0328125
0 0.059375 0.8984375 0.1046875 0.19609375
0 0.6484375 0.34453125 0.02578125 0.01953125
0 0.66953125 0.34921875 0.025 0.0203125
0 0.59296875 0.34453125 0.0296875 0.021875
0 0.64609375 0.34921875 0.02421875 0.01953125
