0 0.19296875 0.63203125 0.071875 0.08046875
0 0.60703125 0.696875 0.04921875 0.084375
0 0.653125 0.68359375 0.04296875 0.09296875
0 0.80703125 0.34375 0.021875 0.0296875
2 0.753125 0.365625 0.03359375 0.0875
0 0.72109375 0.36484375 0.0234375 0.03203125
0 0.77734375 0.26875 0.01796875 0.025
0 0.7953125 0.24375 0.01328125 0.01953125
0 0.77734375 0.228125 0.0140625 0.01953125
0 0.81015625 0.20625 0.01171875 0.01796875
0 0.790625 0.20234375 0.01171875 0.015625
0 0.85078125 0.225 0.0125 0.015625
0 0.5578125 0.27109375 0.025 0.0265625
