3 0.153125 0.85234375 0.1171875 0.15
0 0.5703125 0.96640625 0.071875 0.0671875
0 0.36015625 0.5515625 0.05703125 0.0921875
0 0.62734375 0.4640625 0.034375 0.05390625
0 0.6328125 0.40078125 0.02109375 0.03359375
0 0.678125 0.36796875 0.021875 0.03203125
0 0.55546875 0.32890625 0.01796875 0.02421875
0 0.58671875 0.31953125 0.01640625 0.0265625
0 0.596875 0.25625 0.0125 0.0203125
0 0.39609375 0.390625 0.02578125 0.03828125
0 0.1734375 0.45234375 0.065625 0.04765625
0 0.67421875 0.29765625 0.015625 0.0203125
