0 0.18984375 0.34765625 0.05234375 0.02890625
0 0.2421875 0.984375 0.08203125 0.03125
0 0.18515625 0.85 0.11015625 0.1828125
0 0.29921875 0.603125 0.0640625 0.0953125
0 0.4046875 0.546875 0.05234375 0.0890625
0 0.37890625 0.44609375 0.03828125 0.05546875
0 0.41328125 0.378125 0.02734375 0.05
0 0.45390625 0.39140625 0.03046875 0.04453125
0 0.5484375 0.35859375 0.025 0.03046875
0 0.4328125 0.3328125 0.02265625 0.0296875
0 0.4703125 0.33671875 0.02109375 0.03125
0 0.44765625 0.30234375 0.01796875 0.03046875
2 0.46328125 0.27265625 0.02421875 0.040625
2 0.475 0.26015625 0.0171875 0.03515625
0 0.48359375 0.30078125 0.015625 0.01796875
0 0.4921875 0.2859375 0.0125 0.01640625
0 0.5390625 0.26328125 0.01015625 0.01328125
0 0.49375 0.271875 0.01171875 0.0140625
0 0.4984375 0.26015625 0.01015625 0.0265625
