3 0.9921875 0.5046875 0.015625 0.0421875
0 0.96640625 0.428125 0.0328125 0.02265625
0 0.93359375 0.4265625 0.0296875 0.0234375
0 0.2859375 0.3625 0.01953125 0.01796875
0 0.33125 0.3 0.009375 0.01484375
0 0.11796875 0.8875 0.09921875 0.0984375
3 0.4890625 0.69375 0.05390625 0.06875
0 0.54375 0.59765625 0.03125 0.04453125
3 0.43125 0.58046875 0.03828125 0.0453125
0 0.646875 0.64453125 0.03046875 0.04453125
0 0.571875 0.528125 0.02578125 0.0359375
0 0.671875 0.54453125 0.03125 0.04296875
0 0.59609375 0.47265625 0.02109375 0.0328125
0 0.40546875 0.4171875 0.04609375 0.028125
0 0.5765625 0.41640625 0.015625 0.02421875
0 0.6078125 0.425 0.015625 0.025
0 0.5109375 0.41171875 0.01484375 0.0234375
0 0.5203125 0.35546875 0.0125 0.015625
0 0.52734375 0.3796875 0.01484375 0.01953125
0 0.546875 0.36171875 0.01640625 0.02421875
0 0.60625 0.3953125 0.01640625 0.0234375
0 0.5984375 0.3734375 0.0171875 0.01953125
3 0.58671875 0.34765625 0.02578125 0.04296875
0 0.6328125 0.32890625 0.01328125 0.01171875
0 0.55703125 0.3390625 0.01171875 0.015625
0 0.6109375 0.35390625 0.0140625 0.01171875
