0 0.98984375 0.55234375 0.0203125 0.03359375
0 0.73125 0.57890625 0.05234375 0.02734375
0 0.71640625 0.465625 0.01640625 0.0265625
0 0.70078125 0.43203125 0.0359375 0.02265625
0 0.6953125 0.4265625 0.034375 0.01953125
0 0.68203125 0.415625 0.01640625 0.02265625
0 0.6828125 0.37265625 0.015625 0.0203125
0 0.18515625 0.62421875 0.04609375 0.04765625
0 0.14375 0.6640625 0.05 0.05234375
0 0.51953125 0.3265625 0.0125 0.01484375
0 0.559375 0.334375 0.01171875 0.01953125
0 0.5375 0.3453125 0.01171875 0.02109375
0 0.54453125 0.35625 0.01484375 0.02265625
0 0.515625 0.3671875 0.015625 0.01796875
3 0.48203125 0.3703125 0.01484375 0.0265625
0 0.57734375 0.378125 0.01484375 0.0203125
0 0.60078125 0.37578125 0.01640625 0.021875
0 0.6046875 0.35546875 0.01484375 0.01640625
0 0.56640625 0.309375 0.01171875 0.01328125
0 0.70703125 0.3921875 0.025 0.021875
0 0.40078125 0.40078125 0.02890625 0.0234375
0 0.56171875 0.41015625 0.01796875 0.0203125
0 0.59140625 0.409375 0.0171875 0.0234375
3 0.58359375 0.42578125 0.0203125 0.034375
0 0.6109375 0.45 0.01796875 0.01875
0 0.5734375 0.471875 0.02109375 0.02421875
0 0.54765625 0.45234375 0.0234375 0.02421875
0 0.5359375 0.4828125 0.02734375 0.0359375
0 0.50078125 0.465625 0.02421875 0.025
0 0.46484375 0.47265625 0.02578125 0.03203125
0 0.60390625 0.4859375 0.021875 0.0265625
0 0.596875 0.51484375 0.01875 0.02890625
0 0.55859375 0.51171875 0.02890625 0.028125
0 0.4921875 0.48828125 0.025 0.03515625
0 0.48125 0.50703125 0.02265625 0.0296875
0 0.47109375 0.528125 0.028125 0.03203125
0 0.53984375 0.5890625 0.03203125 0.0359375
0 0.46171875 0.5515625 0.0328125 0.0359375
0 0.4859375 0.6046875 0.034375 0.03828125
0 0.44765625 0.5796875 0.0328125 0.03671875
0 0.525 0.6421875 0.03359375 0.040625
0 0.42890625 0.6078125 0.03515625 0.0390625
0 0.41484375 0.63671875 0.0328125 0.04296875
0 0.38984375 0.678125 0.0453125 0.046875
0 0.34765625 0.4703125 0.02421875 0.02890625
0 0.325 0.4875 0.03046875 0.03359375
3 0.50390625 0.696875 0.0453125 0.0765625
0 0.41796875 0.76875 0.05078125 0.0578125
0 0.4640625 0.80625 0.05546875 0.0640625
0 0.36875 0.72421875 0.04609375 0.05078125
0 0.3453125 0.76484375 0.05390625 0.07734375
0 0.30859375 0.83671875 0.0609375 0.075
0 0.2484375 0.92890625 0.0734375 0.0921875
0 0.15 0.85703125 0.07421875 0.0921875
