0 0.65078125 0.4125 0.0234375 0.025
0 0.503125 0.5046875 0.04375 0.053125
0 0.4375 0.50390625 0.03671875 0.0484375
0 0.35546875 0.49375 0.02890625 0.04375
0 0.6515625 0.434375 0.028125 0.034375
0 0.7765625 0.4140625 0.02734375 0.03515625
0 0.70859375 0.48359375 0.03125 0.0453125
0 0.66328125 0.57734375 0.0390625 0.0578125
0 0.5453125 0.69765625 0.05 0.07421875
0 0.48515625 0.69921875 0.0546875 0.06484375
0 0.434375 0.68984375 0.05390625 0.0671875
0 0.50703125 0.73984375 0.05546875 0.07890625
0 0.453125 0.7953125 0.06875 0.10078125
0 0.4296875 0.75546875 0.0625 0.0703125
0 0.37109375 0.8015625 0.0546875 0.06484375
0 0.38125 0.8734375 0.0734375 0.09140625
0 0.40625 0.9375 0.06875 0.096875
3 0.29765625 0.86875 0.1171875 0.1375
0 0.30625 0.93359375 0.096875 0.1234375
0 0.3171875 0.990625 0.06796875 0.01875
0 0.1515625 0.92578125 0.0875 0.096875
0 0.1953125 0.95 0.08203125 0.09921875
0 0.23359375 0.98828125 0.06796875 0.0234375
0 0.059375 0.97890625 0.09375 0.04140625
