3 0.77109375 0.478125 0.03984375 0.0828125
2 0.50859375 0.22109375 0.02109375 0.04296875
0 0.46015625 0.2625 0.0140625 0.025
0 0.4671875 0.2875 0.015625 0.02578125
0 0.49140625 0.2984375 0.0171875 0.03125
0 0.48671875 0.27890625 0.01640625 0.0234375
0 0.50546875 0.27109375 0.01484375 0.01796875
0 0.503125 0.2609375 0.01640625 0.01328125
0 0.5296875 0.26484375 0.01484375 0.01953125
0 0.5390625 0.2765625 0.0140625 0.01796875
0 0.54296875 0.2875 0.015625 0.02109375
0 0.5484375 0.29921875 0.01328125 0.02109375
0 0.5546875 0.30625 0.0140625 0.0234375
0 0.5609375 0.31953125 0.0171875 0.0203125
0 0.56640625 0.328125 0.0171875 0.021875
0 0.5765625 0.3375 0.01953125 0.02578125
0 0.58046875 0.34921875 0.02109375 0.02734375
0 0.51796875 0.3015625 0.01796875 0.0234375
0 0.53203125 0.31875 0.02109375 0.02734375
0 0.509375 0.35625 0.01953125 0.03046875
0 0.55 0.35859375 0.025 0.03671875
0 0.57265625 0.396875 0.02734375 0.0390625
0 0.55859375 0.4625 0.03203125 0.04609375
0 0.58671875 0.42734375 0.02578125 0.0375
0 0.6078125 0.453125 0.03203125 0.05
0 0.62421875 0.48828125 0.0359375 0.053125
0 0.6578125 0.54921875 0.0359375 0.0578125
0 0.76796875 0.7421875 0.06328125 0.0828125
0 0.31875 0.33671875 0.0203125 0.03203125
0 0.3625 0.36875 0.0203125 0.03515625
0 0.30390625 0.36484375 0.01875 0.028125
0 0.29453125 0.378125 0.02265625 0.0328125
0 0.28671875 0.403125 0.02421875 0.0390625
0 0.3328125 0.39921875 0.02265625 0.0375
0 0.3265625 0.44140625 0.028125 0.05390625
0 0.265625 0.48359375 0.0359375 0.05078125
0 0.371875 0.42578125 0.025 0.034375
0 0.3671875 0.44765625 0.02890625 0.0390625
0 0.3625 0.48984375 0.03359375 0.0515625
0 0.30859375 0.49609375 0.02890625 0.0484375
3 0.3390625 0.55625 0.05703125 0.140625
0 0.284375 0.5390625 0.0359375 0.05703125
0 0.27890625 0.6015625 0.0359375 0.071875
0 0.33203125 0.628125 0.0484375 0.0828125
3 0.2484375 0.63984375 0.05234375 0.12109375
0 0.3296875 0.69765625 0.04921875 0.075
0 0.32265625 0.7609375 0.05859375 0.0921875
0 0.23046875 0.7296875 0.05703125 0.08515625
0 0.215625 0.7984375 0.0609375 0.10078125
3 0.29140625 0.8390625 0.06484375 0.1375
0 0.18828125 0.90546875 0.07109375 0.121875
0 0.28203125 0.9453125 0.0765625 0.109375
0 0.1625 0.975 0.078125 0.05
0 0.52265625 0.52109375 0.0390625 0.04375
0 0.528125 0.5703125 0.04296875 0.0546875
0 0.53515625 0.603125 0.0453125 0.0609375
0 0.5515625 0.64765625 0.0515625 0.0828125
0 0.571875 0.70859375 0.05703125 0.090625
2 0.41328125 0.39375 0.0359375 0.0328125
2 0.4109375 0.4421875 0.046875 0.06328125
2 0.46953125 0.50625 0.0515625 0.13203125
2 0.4078125 0.53359375 0.065625 0.13515625
2 0.403125 0.65625 0.075 0.2078125
0 0.403125 0.78359375 0.0671875 0.10234375
0 0.40625 0.840625 0.07265625 0.1125
3 0.403125 0.946875 0.078125 0.10546875
0 0.515625 0.90625 0.07421875 0.09453125
0 0.53203125 0.97734375 0.0609375 0.0453125
