3 0.41171875 0.66171875 0.05546875 0.0921875
0 0.234375 0.4109375 0.01640625 0.02265625
0 0.25546875 0.41015625 0.01484375 0.02265625
0 0.28125 0.396875 0.01640625 0.021875
0 0.321875 0.3265625 0.0125 0.0265625
0 0.35390625 0.3265625 0.015625 0.03203125
0 0.38125 0.3390625 0.01328125 0.01875
0 0.39765625 0.3390625 0.009375 0.0171875
0 0.38515625 0.3140625 0.0125 0.0171875
0 0.35078125 0.30625 0.0140625 0.0140625
0 0.38125 0.2953125 0.0125 0.015625
0 0.36484375 0.29609375 0.01171875 0.015625
0 0.371875 0.28203125 0.0109375 0.0125
