0 0.98984375 0.55234375 0.0203125 0.03359375
0 0.73125 0.57890625 0.05234375 0.02734375
0 0.70078125 0.43203125 0.0359375 0.02265625
0 0.6953125 0.4265625 0.034375 0.01953125
0 0.68203125 0.415625 0.01640625 0.02265625
0 0.65859375 0.3890625 0.01796875 0.01953125
0 0.6984375 0.40078125 0.03984375 0.02265625
2 0.546875 0.29765625 0.01875 0.0328125
0 0.57109375 0.31328125 0.0125 0.01484375
0 0.55625 0.33515625 0.0125 0.015625
0 0.57265625 0.34140625 0.01171875 0.0140625
0 0.59375 0.3390625 0.0125 0.015625
0 0.5890625 0.34609375 0.01171875 0.01328125
0 0.50390625 0.35546875 0.01640625 0.01796875
0 0.58203125 0.36328125 0.01484375 0.015625
0 0.60546875 0.36015625 0.0140625 0.021875
0 0.57109375 0.38359375 0.0171875 0.02109375
0 0.596875 0.38984375 0.01640625 0.01953125
0 0.59140625 0.41171875 0.0171875 0.0203125
0 0.6125 0.4375 0.01875 0.021875
3 0.64375 0.48203125 0.02265625 0.034375
0 0.5859375 0.43125 0.015625 0.02109375
0 0.5515625 0.4359375 0.01875 0.021875
0 0.496875 0.39453125 0.01796875 0.02265625
0 0.46640625 0.390625 0.0171875 0.02265625
0 0.4578125 0.415625 0.01875 0.02265625
0 0.52421875 0.4296875 0.01484375 0.02734375
3 0.51484375 0.43984375 0.0203125 0.03828125
0 0.50859375 0.4609375 0.0203125 0.0265625
0 0.4578125 0.4421875 0.021875 0.03046875
0 0.47265625 0.46875 0.0234375 0.02890625
0 0.434375 0.44296875 0.01875 0.02265625
0 0.38671875 0.4375 0.03671875 0.02578125
0 0.50078125 0.47890625 0.0203125 0.02734375
0 0.48828125 0.490625 0.02265625 0.02734375
0 0.48203125 0.5046875 0.0265625 0.034375
0 0.47109375 0.52890625 0.0234375 0.03125
0 0.46015625 0.55703125 0.0296875 0.0359375
0 0.4375 0.596875 0.03125 0.03828125
3 0.425 0.621875 0.03203125 0.04765625
0 0.40546875 0.659375 0.0390625 0.04453125
0 0.38125 0.70703125 0.0453125 0.05546875
0 0.35390625 0.74765625 0.0546875 0.07421875
0 0.325 0.81328125 0.06015625 0.07421875
0 0.2765625 0.8921875 0.06328125 0.08359375
0 0.221875 0.95703125 0.084375 0.0859375
0 0.36484375 0.44609375 0.02109375 0.025
0 0.3734375 0.475 0.025 0.028125
0 0.3921875 0.496875 0.02734375 0.03046875
0 0.3296875 0.48203125 0.02734375 0.0296875
0 0.33984375 0.61171875 0.0390625 0.04453125
0 0.28046875 0.7 0.0421875 0.05390625
0 0.2578125 0.79921875 0.05625 0.06953125
0 0.11875 0.89609375 0.084375 0.10078125
0 0.57421875 0.45625 0.01875 0.0265625
0 0.59765625 0.49375 0.01953125 0.028125
0 0.5609375 0.53046875 0.021875 0.0265625
0 0.5375 0.58984375 0.03125 0.03671875
0 0.4859375 0.77578125 0.046875 0.0546875
