0 0.59140625 0.48671875 0.021875 0.0234375
0 0.03515625 0.70859375 0.0703125 0.0765625
0 0.08125 0.68125 0.125 0.075
0 0.14375 0.6515625 0.05546875 0.07890625
1 0.45859375 0.678125 0.02734375 0.11484375
0 0.4828125 0.40859375 0.009375 0.00703125
0 0.47734375 0.415625 0.00546875 0.0078125
0 0.4859375 0.415625 0.00546875 0.00703125
0 0.4671875 0.4171875 0.00625 0.009375
0 0.4890625 0.4375 0.009375 0.0140625
0 0.44609375 0.44296875 0.01015625 0.0109375
0 0.46171875 0.4421875 0.009375 0.0125
0 0.48125 0.453125 0.021875 0.0171875
0 0.46171875 0.43359375 0.01015625 0.0078125
0 0.509375 0.4625 0.00859375 0.0140625
0 0.5140625 0.46484375 0.0125 0.015625
0 0.5203125 0.475 0.0140625 0.01640625
0 0.4578125 0.4609375 0.01015625 0.0171875
0 0.49609375 0.4640625 0.01484375 0.015625
0 0.45390625 0.46484375 0.0125 0.0203125
0 0.49765625 0.48046875 0.01640625 0.021875
0 0.5 0.496875 0.01953125 0.028125
0 0.5046875 0.51640625 0.02109375 0.0296875
0 0.53671875 0.5203125 0.02265625 0.0328125
0 0.51171875 0.5578125 0.02578125 0.03671875
0 0.559375 0.56953125 0.0296875 0.04375
0 0.4515625 0.47109375 0.0140625 0.00703125
0 0.45234375 0.47890625 0.0125 0.0078125
3 0.42578125 0.471875 0.01875 0.02265625
3 0.446875 0.51796875 0.0171875 0.03046875
0 0.440625 0.4765625 0.0109375 0.01171875
0 0.41640625 0.50234375 0.0125 0.01875
0 0.43125 0.5265625 0.02578125 0.0421875
0 0.41484375 0.51484375 0.01015625 0.02734375
0 0.39921875 0.5265625 0.02578125 0.0328125
0 0.428125 0.546875 0.028125 0.0359375
0 0.3921875 0.54375 0.02265625 0.03359375
0 0.4234375 0.5671875 0.02734375 0.040625
0 0.38125 0.55703125 0.03515625 0.04921875
0 0.4703125 0.628125 0.040625 0.06171875
0 0.41640625 0.59609375 0.03359375 0.05234375
0 0.359375 0.603125 0.0390625 0.0515625
0 0.4109375 0.62734375 0.040625 0.05390625
0 0.346875 0.6390625 0.04375 0.06171875
0 0.39453125 0.671875 0.046875 0.071875
3 0.3265625 0.52890625 0.06796875 0.06796875
0 0.59375 0.65859375 0.0484375 0.06484375
0 0.628125 0.78671875 0.0984375 0.11640625
0 0.8328125 0.95625 0.14921875 0.08671875
