0 0.034375 0.571875 0.05703125 0.065625
0 0.13203125 0.5734375 0.07578125 0.0625
0 0.396875 0.38515625 0.025 0.03984375
0 0.5203125 0.29140625 0.0171875 0.028125
3 0.5578125 0.278125 0.0203125 0.0328125
3 0.421875 0.5484375 0.0546875 0.07109375
0 0.35703125 0.5515625 0.05703125 0.0859375
0 0.31640625 0.62578125 0.05703125 0.0875
0 0.37578125 0.6296875 0.0625 0.08515625
0 0.1234375 0.89765625 0.12109375 0.1625
0 0.21484375 0.7578125 0.0859375 0.12734375
0 0.28671875 0.75703125 0.0953125 0.125
3 0.2734375 0.865625 0.2 0.26875
3 0.60390625 0.6265625 0.04609375 0.1171875
0 0.67578125 0.6046875 0.0453125 0.08046875
0 0.628125 0.48515625 0.03046875 0.046875
0 0.60234375 0.375 0.01875 0.034375
0 0.63515625 0.3875 0.03046875 0.040625
0 0.64140625 0.34921875 0.01953125 0.02890625
3 0.6734375 0.309375 0.01953125 0.046875
3 0.63515625 0.2671875 0.0140625 0.034375
0 0.17734375 0.4484375 0.06171875 0.0515625
