0 0.91875 0.66875 0.0484375 0.04296875
3 0.35703125 0.63671875 0.0234375 0.06875
2 0.97265625 0.77109375 0.05390625 0.12109375
0 0.60625 0.80859375 0.034375 0.03984375
3 0.62265625 0.75546875 0.0359375 0.05703125
0 0.53125 0.6671875 0.02265625 0.02734375
3 0.55390625 0.6484375 0.0234375 0.0375
0 0.45546875 0.584375 0.0125 0.028125
3 0.5171875 0.584375 0.01796875 0.0328125
0 0.44453125 0.55234375 0.01328125 0.01875
0 0.4625 0.52421875 0.01328125 0.01875
3 0.43515625 0.52421875 0.01015625 0.0203125
0 0.4484375 0.49921875 0.0109375 0.01875
0 0.42578125 0.50234375 0.009375 0.01484375
2 0.390625 0.50546875 0.01953125 0.03828125
0 0.415625 0.48046875 0.01015625 0.0140625
0 0.43671875 0.47890625 0.00703125 0.01640625
0 0.37578125 0.46015625 0.0078125 0.0171875
