2 0.509375 0.26875 0.021875 0.04765625
0 0.48125 0.271875 0.01484375 0.01953125
0 0.48359375 0.29296875 0.0140625 0.025
0 0.51953125 0.29609375 0.01953125 0.028125
0 0.528125 0.26640625 0.01484375 0.0203125
0 0.53984375 0.27421875 0.0203125 0.025
0 0.54375 0.29140625 0.01328125 0.02109375
0 0.5515625 0.30390625 0.0140625 0.02421875
0 0.56015625 0.315625 0.01875 0.02578125
0 0.5890625 0.37421875 0.02421875 0.03671875
0 0.29921875 0.37578125 0.02421875 0.0296875
0 0.28671875 0.3953125 0.02734375 0.04453125
0 0.45859375 0.459375 0.02578125 0.0515625
0 0.6890625 0.5296875 0.04609375 0.05859375
3 0.7703125 0.478125 0.04140625 0.07890625
1 0.43046875 0.6328125 0.05625 0.1421875
0 0.30625 0.85 0.06484375 0.11484375
