0 0.2171875 0.80390625 0.08828125 0.153125
0 0.39375 0.6 0.04921875 0.10390625
0 0.3546875 0.49453125 0.0453125 0.07578125
0 0.5609375 0.48828125 0.04140625 0.0671875
0 0.4046875 0.38828125 0.0296875 0.0421875
0 0.45625 0.36796875 0.02578125 0.03359375
0 0.4296875 0.33515625 0.0234375 0.03046875
0 0.4703125 0.32734375 0.0203125 0.03046875
0 0.55 0.346875 0.0203125 0.02890625
1 0.52265625 0.353125 0.0171875 0.06328125
0 0.45078125 0.3 0.0171875 0.0265625
0 0.5171875 0.2875 0.01484375 0.02265625
0 0.48046875 0.3015625 0.015625 0.025
0 0.4890625 0.2875 0.0140625 0.01953125
3 0.5421875 0.2765625 0.0171875 0.03515625
0 0.46171875 0.28828125 0.0140625 0.01796875
0 0.46875 0.27265625 0.0125 0.01875
0 0.1890625 0.34140625 0.071875 0.053125
