0 0.359375 0.8890625 0.03515625 0.071875
0 0.30703125 0.7171875 0.02578125 0.05703125
0 0.29140625 0.6625 0.0265625 0.0484375
0 0.22109375 0.65078125 0.0234375 0.0390625
0 0.31171875 0.51328125 0.01796875 0.03046875
0 0.3390625 0.49453125 0.0171875 0.02734375
0 0.27578125 0.41015625 0.0140625 0.021875
0 0.2796875 0.36171875 0.01484375 0.01953125
0 0.3265625 0.375 0.0140625 0.0203125
0 0.3640625 0.334375 0.01484375 0.01796875
0 0.38125 0.3359375 0.0109375 0.0171875
0 0.3203125 0.303125 0.0125 0.0140625
