0 0.0140625 0.7296875 0.02734375 0.05078125
0 0.01328125 0.69296875 0.0265625 0.0453125
2 0.03984375 0.63515625 0.0796875 0.10859375
0 0.4015625 0.64921875 0.03203125 0.0421875
0 0.4515625 0.646875 0.02734375 0.03984375
0 0.40859375 0.6359375 0.02421875 0.0359375
0 0.4171875 0.6296875 0.0203125 0.03203125
0 0.45390625 0.621875 0.02265625 0.015625
0 0.5078125 0.61328125 0.02421875 0.02578125
0 0.421875 0.62109375 0.01875 0.0296875
0 0.42890625 0.61328125 0.0203125 0.02890625
0 0.434375 0.60234375 0.01875 0.02890625
0 0.43828125 0.59375 0.015625 0.02578125
3 0.45859375 0.5984375 0.025 0.05078125
0 0.50234375 0.603125 0.0203125 0.021875
0 0.50390625 0.559375 0.0171875 0.03125
0 0.5109375 0.57421875 0.0140625 0.03125
0 0.49296875 0.59375 0.0125 0.0171875
0 0.503125 0.5890625 0.0140625 0.00703125
0 0.471875 0.59921875 0.00546875 0.0203125
0 0.490625 0.54140625 0.00625 0.01328125
0 0.47421875 0.55703125 0.01015625 0.0125
