0 0.17421875 0.45078125 0.06875 0.0546875
0 0.396875 0.38671875 0.02578125 0.03515625
0 0.5203125 0.2921875 0.0171875 0.0265625
0 0.475 0.325 0.0234375 0.034375
3 0.64453125 0.31640625 0.0265625 0.06015625
3 0.67890625 0.32734375 0.02578125 0.06171875
3 0.89921875 0.36171875 0.04296875 0.04375
0 0.60625 0.62734375 0.04609375 0.06484375
0 0.490625 0.51015625 0.04765625 0.096875
0 0.46640625 0.471875 0.0359375 0.04921875
0 0.42265625 0.53984375 0.04296875 0.071875
0 0.4328125 0.63671875 0.0640625 0.09609375
0 0.37578125 0.61640625 0.0625 0.0984375
0 0.37890625 0.76328125 0.08046875 0.1234375
0 0.4796875 0.39140625 0.03046875 0.0390625
1 0.090625 0.871875 0.02734375 0.08203125
0 0.25859375 0.690625 0.084375 0.11953125
0 0.3078125 0.74609375 0.0828125 0.12578125
0 0.28046875 0.9265625 0.115625 0.146875
0 0.1859375 0.9171875 0.125 0.165625
0 0.05 0.9640625 0.1 0.071875
