0 0.14140625 0.8890625 0.0953125 0.10859375
0 0.17890625 0.971875 0.09296875 0.05625
0 0.3046875 0.9625 0.07890625 0.075
0 0.26171875 0.890625 0.08828125 0.11640625
0 0.2375 0.8078125 0.0796875 0.08515625
0 0.3578125 0.90625 0.08125 0.1140625
0 0.3453125 0.80703125 0.0734375 0.1046875
0 0.421875 0.82421875 0.06875 0.096875
0 0.39453125 0.73984375 0.0625 0.08671875
0 0.46875 0.7421875 0.07265625 0.103125
0 0.375 0.6671875 0.0578125 0.0859375
0 0.44453125 0.68203125 0.0578125 0.07734375
0 0.51484375 0.69296875 0.05 0.08125
0 0.4421875 0.59453125 0.04453125 0.06875
0 0.83125 0.459375 0.0234375 0.04375
0 0.65078125 0.484375 0.0390625 0.05546875
0 0.48984375 0.63828125 0.0484375 0.0671875
0 0.54609375 0.64921875 0.04765625 0.075
0 0.5140625 0.57890625 0.04921875 0.07265625
0 0.5796875 0.59140625 0.0484375 0.06328125
0 0.6140625 0.5484375 0.03515625 0.05703125
0 0.196875 0.596875 0.08984375 0.065625
0 0.08984375 0.66015625 0.07890625 0.078125
0 0.01875 0.671875 0.0375 0.06015625
0 0.04453125 0.75078125 0.0890625 0.09296875
0 0.23125 0.45390625 0.084375 0.0546875
0 0.3125 0.4046875 0.059375 0.0375
0 0.2609375 0.434375 0.03984375 0.03203125
0 0.35078125 0.38203125 0.0625 0.034375
