0 0.59140625 0.48671875 0.021875 0.0234375
0 0.03515625 0.70859375 0.0703125 0.0765625
0 0.08125 0.68125 0.125 0.075
0 0.14375 0.6515625 0.05546875 0.07890625
0 0.29296875 0.53046875 0.0140625 0.02734375
2 0.3765625 0.53984375 0.059375 0.096875
0 0.328125 0.67578125 0.05390625 0.07578125
0 0.34375 0.628125 0.03828125 0.05625
0 0.36328125 0.596875 0.03671875 0.04921875
0 0.43984375 0.45 0.0265625 0.01796875
0 0.46015625 0.41328125 0.00546875 0.01015625
0 0.465625 0.42265625 0.00625 0.00859375
0 0.47734375 0.41875 0.00625 0.00859375
0 0.49609375 0.40859375 0.00546875 0.0078125
0 0.46796875 0.41875 0.00703125 0.00703125
0 0.46953125 0.41328125 0.00546875 0.00625
0 0.4234375 0.49453125 0.00546875 0.03359375
0 0.453125 0.4765625 0.01171875 0.015625
0 0.44296875 0.47734375 0.0171875 0.0125
0 0.43828125 0.5171875 0.0234375 0.0265625
0 0.415625 0.49296875 0.01171875 0.05859375
0 0.43359375 0.53671875 0.02421875 0.03671875
0 0.409375 0.525 0.00859375 0.0140625
0 0.40859375 0.53671875 0.00625 0.0328125
0 0.42734375 0.55234375 0.0265625 0.03359375
0 0.42265625 0.58828125 0.034375 0.0515625
0 0.40859375 0.62109375 0.040625 0.05234375
0 0.3984375 0.66484375 0.04921875 0.0859375
0 0.4640625 0.61484375 0.03828125 0.05390625
0 0.459375 0.66328125 0.0453125 0.07109375
