0 0.55 0.30078125 0.0296875 0.0421875
0 0.55 0.27734375 0.03046875 0.02734375
0 0.528125 0.26875 0.0203125 0.03125
0 0.50078125 0.2703125 0.02421875 0.01875
0 0.50625 0.28203125 0.04765625 0.0234375
0 0.471875 0.275 0.0171875 0.02578125
0 0.7109375 0.903125 0.1484375 0.18203125
0 0.45234375 0.94765625 0.08828125 0.1046875
0 0.5203125 0.82109375 0.0953125 0.1765625
0 0.3 0.81171875 0.071875 0.14375
0 0.1078125 0.80859375 0.09375 0.17890625
0 0.3625 0.6734375 0.06328125 0.115625
0 0.26953125 0.60859375 0.0546875 0.10234375
0 0.1765625 0.55546875 0.0421875 0.08828125
0 0.178125 0.6578125 0.05546875 0.115625
0 0.67421875 0.46953125 0.06484375 0.06640625
0 0.4390625 0.50625 0.05859375 0.0859375
0 0.37109375 0.50078125 0.0453125 0.078125
0 0.24140625 0.46875 0.040625 0.08046875
0 0.29453125 0.45859375 0.03828125 0.0609375
0 0.390625 0.42421875 0.04375 0.07265625
0 0.33203125 0.4046875 0.03515625 0.05234375
0 0.2296875 0.38984375 0.03359375 0.06796875
0 0.26953125 0.37890625 0.0296875 0.04453125
0 0.35546875 0.37109375 0.034375 0.04375
0 0.3 0.3484375 0.02890625 0.03984375
0 0.3296875 0.328125 0.02578125 0.04296875
0 0.14609375 0.31796875 0.04140625 0.0328125
0 0.2453125 0.30703125 0.0234375 0.03125
0 0.28671875 0.315625 0.0234375 0.03359375
0 0.315625 0.31171875 0.02109375 0.0328125
0 0.30625 0.29453125 0.0203125 0.03046875
0 0.2734375 0.29375 0.021875 0.0328125
0 0.2953125 0.275 0.021875 0.02890625
0 0.28203125 0.26015625 0.01875 0.028125
0 0.2359375 0.2875 0.01953125 0.03125
0 0.26015625 0.26953125 0.01953125 0.02890625
0 0.25546875 0.23828125 0.01796875 0.021875
0 0.17109375 0.29609375 0.02109375 0.03203125
0 0.325 0.23125 0.015625 0.0203125
0 0.33671875 0.225 0.01328125 0.015625
0 0.22109375 0.25234375 0.0140625 0.03046875
0 0.21640625 0.23359375 0.01484375 0.0171875
0 0.23203125 0.22421875 0.01484375 0.02578125
0 0.1890625 0.2296875 0.0125 0.02109375
0 0.221875 0.21875 0.00859375 0.01484375
0 0.1671875 0.23046875 0.01171875 0.0203125
0 0.26640625 0.2125 0.0140625 0.01953125
0 0.21171875 0.2125 0.01015625 0.0109375
0 0.259375 0.21015625 0.00859375 0.015625
0 0.2515625 0.20859375 0.00703125 0.0109375
0 0.24375 0.21015625 0.0078125 0.0125
0 0.20546875 0.2109375 0.0078125 0.0109375
0 0.22265625 0.2078125 0.0078125 0.00625
