0 0.1734375 0.453125 0.06484375 0.05
0 0.39609375 0.38828125 0.02734375 0.0375
0 0.50078125 0.26015625 0.0203125 0.021875
0 0.51796875 0.26171875 0.0125 0.01875
0 0.53046875 0.25078125 0.01484375 0.01953125
0 0.08203125 0.925 0.1265625 0.15
0 0.15859375 0.9578125 0.1109375 0.084375
0 0.284375 0.7875 0.08828125 0.128125
0 0.20546875 0.7640625 0.0953125 0.121875
0 0.30390625 0.63828125 0.06796875 0.0875
3 0.35546875 0.6515625 0.07265625 0.12109375
1 0.403125 0.67578125 0.02578125 0.08046875
0 0.43671875 0.5328125 0.0390625 0.06015625
0 0.68828125 0.70625 0.05 0.0875
0 0.6234375 0.55546875 0.040625 0.0640625
3 0.56640625 0.50625 0.04296875 0.07734375
0 0.42265625 0.3671875 0.02734375 0.034375
0 0.63359375 0.42890625 0.0265625 0.03984375
0 0.6765625 0.46484375 0.0265625 0.04375
0 0.52109375 0.290625 0.01640625 0.0296875
0 0.56015625 0.32421875 0.015625 0.02578125
0 0.6109375 0.3515625 0.01875 0.02578125
0 0.64296875 0.35546875 0.021875 0.03046875
0 0.678125 0.315625 0.01328125 0.021875
0 0.62890625 0.28984375 0.015625 0.01796875
0 0.6484375 0.30625 0.01875 0.02734375
