0 0.55625 0.9515625 0.06484375 0.07265625
0 0.34765625 0.8640625 0.04140625 0.08203125
0 0.2921875 0.8546875 0.0390625 0.07421875
0 0.23984375 0.84921875 0.03515625 0.0796875
0 0.190625 0.8703125 0.0359375 0.07421875
0 0.2765625 0.76640625 0.03203125 0.06796875
0 0.23046875 0.77578125 0.02734375 0.06328125
0 0.18828125 0.77578125 0.02890625 0.06015625
0 0.1828125 0.7203125 0.02890625 0.0546875
0 0.22265625 0.70078125 0.0265625 0.05234375
0 0.21953125 0.65 0.021875 0.028125
0 0.371875 0.5546875 0.021875 0.0234375
0 0.30859375 0.24140625 0.015625 0.0109375
