3 0.359375 0.6375 0.021875 0.06328125
0 0.91953125 0.665625 0.04765625 0.04609375
3 0.1265625 0.96640625 0.14609375 0.06640625
0 0.63359375 0.5796875 0.021875 0.0234375
0 0.54375 0.79453125 0.01796875 0.02421875
0 0.54296875 0.68203125 0.01953125 0.0296875
0 0.4734375 0.61953125 0.01015625 0.028125
0 0.45625 0.5796875 0.01328125 0.025
3 0.53984375 0.6140625 0.0296875 0.05859375
0 0.5015625 0.596875 0.01640625 0.028125
0 0.44140625 0.5375 0.0125 0.02265625
0 0.43515625 0.51484375 0.0109375 0.01953125
0 0.45546875 0.509375 0.01015625 0.01328125
0 0.425 0.4984375 0.009375 0.01484375
3 0.47109375 0.5015625 0.00859375 0.02109375
0 0.43984375 0.47890625 0.00859375 0.0125
0 0.41796875 0.48203125 0.0078125 0.01484375
3 0.4140625 0.46953125 0.00859375 0.0203125
3 0.24453125 0.85 0.0984375 0.1609375
