3 0.58125 0.515625 0.0140625 0.0234375
0 0.0828125 0.6859375 0.040625 0.03828125
0 0.578125 0.5875 0.046875 0.025
0 0.04453125 0.6828125 0.0359375 0.03984375
0 0.43046875 0.490625 0.01171875 0.0140625
0 0.409375 0.51171875 0.015625 0.01484375
0 0.37421875 0.521875 0.01484375 0.01640625
0 0.38828125 0.53515625 0.01484375 0.015625
0 0.3703125 0.55078125 0.01953125 0.01875
0 0.3359375 0.56328125 0.01953125 0.01875
0 0.353125 0.60703125 0.025 0.02578125
3 0.29296875 0.596875 0.0390625 0.05703125
0 0.23203125 0.67421875 0.03828125 0.03671875
0 0.26796875 0.71640625 0.03984375 0.0484375
0 0.16875 0.7484375 0.04921875 0.0453125
0 0.16640625 0.7859375 0.04765625 0.0484375
0 0.1921875 0.8234375 0.05390625 0.06015625
0 0.0453125 0.8 0.08359375 0.06015625
0 0.03984375 0.9109375 0.0625 0.0671875
3 0.0890625 0.9265625 0.0859375 0.12421875
