2 0.15625 0.8640625 0.18828125 0.23125
0 0.1390625 0.978125 0.07109375 0.04296875
3 0.24921875 0.8640625 0.0921875 0.14140625
3 0.25234375 0.92265625 0.22890625 0.1546875
0 0.39921875 0.94921875 0.0671875 0.1015625
0 0.32734375 0.82578125 0.06484375 0.05390625
0 0.39140625 0.84140625 0.06484375 0.096875
0 0.459375 0.865625 0.07109375 0.08515625
0 0.33984375 0.753125 0.053125 0.06953125
0 0.40625 0.75546875 0.06953125 0.0890625
0 0.45546875 0.79140625 0.06640625 0.075
0 0.515625 0.78984375 0.05390625 0.10234375
0 0.46015625 0.721875 0.04140625 0.06640625
0 0.49765625 0.74296875 0.06171875 0.0890625
0 0.56328125 0.7546875 0.04765625 0.0734375
0 0.596875 0.70859375 0.04375 0.06640625
0 0.3421875 0.59453125 0.06640625 0.0515625
0 0.35859375 0.4875 0.03359375 0.040625
3 0.49765625 0.6484375 0.0578125 0.096875
2 0.578125 0.625 0.1 0.16171875
0 0.55234375 0.58515625 0.04453125 0.06875
0 0.6421875 0.55078125 0.03203125 0.05390625
0 0.60703125 0.47421875 0.0265625 0.03828125
0 0.65 0.490625 0.0390625 0.04609375
0 0.66953125 0.5171875 0.03671875 0.04375
0 0.70703125 0.52734375 0.0390625 0.03984375
0 0.790625 0.46953125 0.03203125 0.04609375
