0 0.1890625 0.3484375 0.05234375 0.0296875
2 0.12734375 0.82890625 0.25390625 0.34140625
0 0.29921875 0.896875 0.103125 0.20625
0 0.35390625 0.6890625 0.06171875 0.1265625
0 0.57734375 0.703125 0.05859375 0.11015625
0 0.46875 0.6484375 0.05546875 0.09375
0 0.328125 0.56328125 0.06015625 0.0875
0 0.3453125 0.496875 0.0484375 0.065625
0 0.38671875 0.43359375 0.03203125 0.05859375
0 0.42578125 0.47734375 0.03984375 0.06953125
0 0.55390625 0.45390625 0.03515625 0.046875
0 0.4453125 0.43125 0.0296875 0.05234375
0 0.40390625 0.4015625 0.03203125 0.0453125
0 0.45234375 0.3953125 0.0265625 0.0421875
3 0.415625 0.33125 0.04921875 0.10078125
0 0.46015625 0.36015625 0.025 0.04140625
3 0.50390625 0.37421875 0.0265625 0.0625
0 0.5515625 0.38984375 0.02890625 0.04296875
0 0.51015625 0.3484375 0.0234375 0.03515625
0 0.55 0.34453125 0.0234375 0.02734375
0 0.471875 0.3296875 0.02109375 0.0296875
0 0.446875 0.31015625 0.0125 0.04375
0 0.51484375 0.309375 0.0203125 0.02734375
0 0.47734375 0.3109375 0.01875 0.02578125
0 0.45546875 0.29765625 0.015625 0.02734375
0 0.46171875 0.28359375 0.0125 0.025
0 0.484375 0.29609375 0.01484375 0.025
0 0.51875 0.271875 0.0109375 0.0171875
0 0.5328125 0.278125 0.0125 0.0203125
