0 0.55 0.30078125 0.0296875 0.0421875
0 0.55 0.27734375 0.03046875 0.02734375
0 0.528125 0.26875 0.0203125 0.03125
0 0.50078125 0.2703125 0.02421875 0.01875
0 0.840625 0.62734375 0.1265625 0.10390625
0 0.271875 0.684375 0.05703125 0.10859375
0 0.371875 0.696875 0.06875 0.121875
0 0.51875 0.63671875 0.07890625 0.12109375
0 0.428125 0.646875 0.0625 0.1
0 0.33515625 0.5859375 0.04765625 0.084375
0 0.39609375 0.5671875 0.05390625 0.0859375
0 0.41953125 0.47578125 0.04921875 0.0828125
0 0.58984375 0.5 0.06875 0.059375
0 0.240625 0.471875 0.0625 0.16875
0 0.2265625 0.3828125 0.02265625 0.01171875
0 0.31015625 0.4984375 0.04921875 0.08984375
1 0.17109375 0.46328125 0.0234375 0.07734375
0 0.271875 0.36796875 0.03046875 0.05
0 0.35625 0.3734375 0.03359375 0.0453125
0 0.39921875 0.31875 0.03125 0.04609375
0 0.46484375 0.34296875 0.034375 0.0359375
0 0.5375 0.36015625 0.03984375 0.0375
0 0.17578125 0.359375 0.02890625 0.0484375
0 0.1953125 0.3203125 0.0265625 0.04453125
0 0.20703125 0.2875 0.02109375 0.03203125
0 0.27578125 0.28984375 0.02265625 0.03046875
3 0.28125 0.24921875 0.021875 0.0453125
0 0.1640625 0.28515625 0.01875 0.0125
0 0.221875 0.23828125 0.01640625 0.021875
0 0.1640625 0.225 0.01484375 0.0109375
0 0.2296875 0.21875 0.01484375 0.0359375
0 0.18515625 0.2109375 0.0078125 0.01015625
0 0.2203125 0.21875 0.00546875 0.01640625
0 0.1984375 0.21171875 0.01015625 0.01875
0 0.16171875 0.21953125 0.0109375 0.0140625
0 0.17109375 0.2125 0.009375 0.01171875
0 0.2078125 0.21171875 0.01015625 0.01171875
0 0.215625 0.209375 0.0078125 0.0109375
0 0.24921875 0.209375 0.01171875 0.0125
0 0.2390625 0.20859375 0.00625 0.01171875
2 0.23984375 0.196875 0.0109375 0.01796875
0 0.190625 0.203125 0.00625 0.009375
0 0.16953125 0.20078125 0.00703125 0.015625
0 0.17734375 0.2 0.00625 0.009375
0 0.18203125 0.19609375 0.0046875 0.00859375
0 0.1734375 0.19296875 0.0046875 0.009375
