0 0.82109375 0.7375 0.0515625 0.0546875
3 0.64296875 0.6640625 0.046875 0.05625
0 0.596875 0.740625 0.0546875 0.06640625
0 0.5859375 0.9125 0.06875 0.11015625
0 0.45546875 0.846875 0.05 0.0734375
0 0.51484375 0.80859375 0.05625 0.0625
2 0.36015625 0.77890625 0.09140625 0.190625
0 0.5765625 0.4578125 0.01171875 0.028125
0 0.128125 0.71328125 0.01640625 0.06484375
0 0.38125 0.61640625 0.034375 0.03359375
0 0.22421875 0.484375 0.02421875 0.03046875
2 0.26015625 0.50234375 0.0375 0.08984375
0 0.28515625 0.46875 0.0171875 0.02890625
0 0.14140625 0.4078125 0.0203125 0.03203125
0 0.24140625 0.42734375 0.02109375 0.03125
3 0.20859375 0.3734375 0.025 0.053125
0 0.3734375 0.415625 0.01953125 0.01953125
0 0.3625 0.38046875 0.01875 0.028125
0 0.3140625 0.38359375 0.0171875 0.0234375
0 0.4109375 0.42734375 0.021875 0.02265625
0 0.36796875 0.33828125 0.01640625 0.0234375
0 0.40703125 0.31640625 0.015625 0.01796875
0 0.37734375 0.4859375 0.01796875 0.01328125
