3 0.359375 0.6375 0.021875 0.06328125
0 0.91953125 0.665625 0.04765625 0.04609375
3 0.10390625 0.97421875 0.10078125 0.0515625
0 0.490625 0.796875 0.04609375 0.02890625
0 0.4765625 0.76875 0.04296875 0.0765625
0 0.46171875 0.70625 0.0359375 0.06640625
0 0.44765625 0.6703125 0.03125 0.05625
0 0.5 0.6921875 0.02421875 0.053125
0 0.46875 0.61171875 0.01796875 0.028125
0 0.446875 0.55234375 0.0125 0.01875
0 0.43203125 0.515625 0.0109375 0.01875
0 0.42109375 0.490625 0.00859375 0.01796875
0 0.41484375 0.4734375 0.009375 0.01484375
0 0.4046875 0.45234375 0.0078125 0.01875
0 0.41015625 0.4671875 0.00859375 0.0109375
