0 0.18984375 0.34765625 0.05234375 0.025
2 0.05859375 0.96015625 0.1171875 0.07890625
0 0.33046875 0.79453125 0.09140625 0.18515625
0 0.3453125 0.50546875 0.04765625 0.078125
0 0.428125 0.45546875 0.0375 0.05859375
0 0.415625 0.3578125 0.02578125 0.03671875
0 0.4515625 0.37421875 0.028125 0.04375
0 0.546875 0.3484375 0.021875 0.03671875
0 0.4484375 0.31171875 0.021875 0.0375
0 0.4703125 0.32734375 0.01796875 0.02578125
0 0.48125 0.29921875 0.0171875 0.028125
0 0.5390625 0.2828125 0.0140625 0.02734375
0 0.4578125 0.28671875 0.0171875 0.02890625
0 0.4953125 0.2765625 0.01171875 0.0203125
0 0.5203125 0.26015625 0.01015625 0.01171875
0 0.48828125 0.29140625 0.01484375 0.02265625
0 0.46640625 0.27265625 0.0109375 0.0234375
0 0.4765625 0.26875 0.01015625 0.01953125
3 0.49296875 0.23671875 0.01171875 0.02734375
