0 0.59609375 0.3078125 0.01875 0.0140625
0 0.5921875 0.30078125 0.01875 0.0140625
0 0.58671875 0.25 0.0046875 0.01328125
0 0.421875 0.2640625 0.0234375 0.01640625
0 0.43984375 0.25625 0.01484375 0.01484375
0 0.6046875 0.3140625 0.02890625 0.01796875
0 0.30078125 0.89375 0.07578125 0.13125
0 0.68203125 0.97265625 0.084375 0.05390625
0 0.421875 0.7328125 0.05859375 0.12109375
3 0.434375 0.62109375 0.046875 0.13046875
0 0.78515625 0.8171875 0.08515625 0.0921875
0 0.6796875 0.6546875 0.0484375 0.06640625
0 0.62734375 0.5265625 0.03515625 0.04609375
3 0.5984375 0.44453125 0.02890625 0.04609375
3 0.56796875 0.36796875 0.02109375 0.0421875
1 0.48203125 0.3296875 0.01171875 0.0328125
0 0.54921875 0.32890625 0.0140625 0.0171875
0 0.48359375 0.2359375 0.0078125 0.0109375
0 0.4734375 0.23671875 0.00703125 0.0109375
0 0.49140625 0.20703125 0.00546875 0.00703125
0 0.5296875 0.25390625 0.00703125 0.0109375
0 0.503125 0.2078125 0.0046875 0.00625
