3 0.58359375 0.51171875 0.0171875 0.0265625
3 0.0828125 0.6859375 0.040625 0.03828125
0 0.578125 0.5875 0.046875 0.025
0 0.04453125 0.6828125 0.0359375 0.03984375
0 0.096875 0.91171875 0.07890625 0.09921875
0 0.18984375 0.7515625 0.0515625 0.065625
0 0.28984375 0.65390625 0.03125 0.0328125
0 0.35 0.57890625 0.0203125 0.0203125
0 0.4046875 0.5078125 0.01484375 0.015625
0 0.4125 0.49765625 0.01171875 0.01328125
0 0.4875 0.4796875 0.00859375 0.0109375
0 0.41953125 0.48828125 0.009375 0.01171875
2 0.4453125 0.46640625 0.021875 0.0171875
