3 0.359375 0.6375 0.021875 0.06328125
0 0.91953125 0.665625 0.04765625 0.04609375
3 0.1265625 0.96640625 0.14609375 0.06640625
3 0.615625 0.8046875 0.05078125 0.0875
0 0.5171875 0.7390625 0.02421875 0.04140625
0 0.52734375 0.65625 0.02265625 0.02734375
0 0.46875 0.61484375 0.01953125 0.03203125
0 0.49453125 0.58671875 0.0171875 0.021875
3 0.4890625 0.53125 0.02265625 0.0375
0 0.43828125 0.52890625 0.0109375 0.01796875
0 0.45703125 0.51171875 0.0125 0.015625
0 0.4421875 0.484375 0.00859375 0.0140625
0 0.4296875 0.51015625 0.01015625 0.0140625
3 0.30546875 0.8765625 0.06640625 0.19140625
