0 0.59140625 0.48671875 0.021875 0.0234375
0 0.03515625 0.70859375 0.0703125 0.0765625
0 0.08125 0.68125 0.125 0.075
0 0.14375 0.6515625 0.05546875 0.07890625
0 0.45625 0.41015625 0.00703125 0.00703125
0 0.47734375 0.42265625 0.00703125 0.009375
0 0.4640625 0.428125 0.00703125 0.01171875
0 0.46875 0.428125 0.00234375 0.00859375
0 0.453125 0.4265625 0.0078125 0.01015625
0 0.43203125 0.46484375 0.01328125 0.02265625
0 0.4515625 0.47109375 0.01484375 0.021875
0 0.4734375 0.5125 0.02109375 0.0328125
0 0.44765625 0.5125 0.01015625 0.02265625
3 0.43203125 0.525 0.02421875 0.04296875
0 0.425 0.55 0.02578125 0.0328125
0 0.41875 0.56328125 0.03359375 0.03515625
0 0.3765625 0.5578125 0.03125 0.04453125
0 0.41640625 0.59609375 0.03984375 0.06328125
0 0.3609375 0.5875 0.0359375 0.04609375
0 0.4 0.64765625 0.03984375 0.06484375
0 0.3515625 0.6140625 0.03984375 0.05546875
0 0.33671875 0.653125 0.046875 0.06640625
0 0.29296875 0.53125 0.01328125 0.028125
