3 0.2265625 0.978125 0.0671875 0.04375
0 0.55546875 0.87578125 0.0609375 0.07734375
0 0.9203125 0.953125 0.084375 0.09375
0 0.4890625 0.7765625 0.0515625 0.06328125
0 0.3765625 0.725 0.0390625 0.05390625
0 0.29609375 0.67421875 0.03828125 0.05
0 0.18671875 0.6359375 0.0296875 0.04921875
0 0.384375 0.615625 0.03828125 0.04140625
2 0.24375 0.5125 0.04609375 0.10703125
0 0.278125 0.47578125 0.01875 0.0296875
0 0.2859375 0.4453125 0.01953125 0.028125
0 0.2453125 0.4375 0.01875 0.03359375
0 0.2265625 0.409375 0.015625 0.01953125
0 0.2484375 0.39609375 0.01953125 0.0203125
0 0.2109375 0.38828125 0.01875 0.02578125
0 0.21875 0.365625 0.01640625 0.02421875
0 0.1890625 0.36640625 0.0171875 0.0234375
0 0.64296875 0.62421875 0.0421875 0.040625
0 0.50859375 0.63359375 0.040625 0.028125
0 0.5765625 0.45625 0.01171875 0.02890625
0 0.30625 0.3484375 0.0109375 0.01953125
