0 0.6515625 0.4171875 0.025 0.03359375
0 0.503125 0.5046875 0.04375 0.053125
0 0.4375 0.50390625 0.03671875 0.0484375
0 0.3546875 0.49375 0.028125 0.04453125
0 0.84921875 0.29375 0.0109375 0.021875
0 0.88515625 0.2671875 0.0140625 0.01796875
0 0.9 0.2875 0.01171875 0.01796875
0 0.9015625 0.2484375 0.009375 0.01875
2 0.91640625 0.24140625 0.0140625 0.0328125
0 0.91875 0.33515625 0.015625 0.025
0 0.88203125 0.31875 0.0140625 0.02265625
0 0.83125 0.35546875 0.01640625 0.021875
0 0.87890625 0.45234375 0.0234375 0.03828125
0 0.8875 0.3796875 0.01953125 0.0265625
0 0.88125 0.38984375 0.02109375 0.0296875
0 0.87734375 0.4015625 0.01640625 0.0296875
0 0.7171875 0.73203125 0.046875 0.0625
0 0.58984375 0.659375 0.0421875 0.0625
0 0.559375 0.6859375 0.05078125 0.0609375
0 0.46875 0.70703125 0.05625 0.07421875
0 0.51875 0.73359375 0.05625 0.07109375
0 0.559375 0.75625 0.05625 0.07890625
0 0.515625 0.81015625 0.0625 0.08046875
0 0.465625 0.78203125 0.06171875 0.08046875
0 0.459375 0.86640625 0.0625 0.10390625
0 0.390625 0.7765625 0.06953125 0.096875
0 0.3875 0.8609375 0.06328125 0.09453125
0 0.38515625 0.95390625 0.0796875 0.0921875
0 0.32265625 0.9875 0.0703125 0.025
0 0.31875 0.821875 0.071875 0.04765625
3 0.30625 0.9109375 0.10078125 0.17734375
3 0.15859375 0.96953125 0.1484375 0.06015625
0 0.13125 0.9265625 0.10546875 0.11953125
0 0.2171875 0.9328125 0.09296875 0.0796875
0 0.228125 0.86640625 0.06875 0.0828125
0 0.03828125 0.98984375 0.0765625 0.0203125
