0 0.6515625 0.4171875 0.025 0.03359375
0 0.503125 0.5046875 0.04375 0.053125
0 0.4375 0.50390625 0.03671875 0.0484375
0 0.3546875 0.49375 0.028125 0.04453125
0 0.7828125 0.55234375 0.03203125 0.04375
0 0.74921875 0.68203125 0.05390625 0.07734375
0 0.6421875 0.653125 0.046875 0.07265625
0 0.5625 0.8625 0.05625 0.08125
0 0.4109375 0.771875 0.05625 0.07734375
0 0.309375 0.84765625 0.08046875 0.10546875
0 0.315625 0.934375 0.0875 0.10234375
0 0.22421875 0.92734375 0.0984375 0.12109375
0 0.23984375 0.97734375 0.0734375 0.0453125
0 0.365625 0.96328125 0.08125 0.0734375
3 0.13125 0.9734375 0.11328125 0.053125
