0 0.04453125 0.89609375 0.0890625 0.08515625
3 0.35703125 0.6359375 0.0203125 0.06953125
0 0.9171875 0.66875 0.04609375 0.04296875
3 0.20390625 0.88515625 0.1390625 0.12578125
0 0.59375 0.7859375 0.03125 0.03828125
0 0.546875 0.70625 0.02734375 0.03046875
3 0.49765625 0.5875 0.02578125 0.0609375
3 0.5421875 0.6296875 0.0203125 0.0359375
0 0.51953125 0.64453125 0.01875 0.03359375
0 0.46484375 0.615625 0.01875 0.0296875
3 0.49375 0.54296875 0.01484375 0.03515625
0 0.39921875 0.5421875 0.01953125 0.02109375
0 0.3859375 0.5015625 0.01328125 0.0171875
0 0.4421875 0.5515625 0.0140625 0.025
0 0.47734375 0.56640625 0.0125 0.01953125
0 0.40859375 0.471875 0.009375 0.0140625
0 0.4203125 0.49453125 0.009375 0.0140625
3 0.4640625 0.52109375 0.0171875 0.03984375
3 0.4515625 0.50703125 0.0140625 0.025
3 0.3203125 0.81796875 0.071875 0.15859375
