0 0.2328125 0.5578125 0.1078125 0.08515625
0 0.43984375 0.64765625 0.15703125 0.12421875
0 0.45703125 0.55546875 0.1296875 0.0796875
0 0.6 0.45078125 0.07265625 0.0484375
0 0.76484375 0.375 0.04140625 0.028125
0 0.80703125 0.403125 0.04140625 0.0328125
0 0.85078125 0.35703125 0.028125 0.025
0 0.8984375 0.359375 0.03359375 0.02734375
0 0.884375 0.3328125 0.0234375 0.02109375
0 0.94296875 0.33984375 0.02421875 0.01953125
0 0.971875 0.34140625 0.0203125 0.02265625
0 0.91484375 0.321875 0.02421875 0.02265625
