3 0.25390625 0.528125 0.0796875 0.109375
0 0.29140625 0.76796875 0.084375 0.1203125
0 0.55546875 0.984375 0.0671875 0.03046875
0 0.52890625 0.76796875 0.07109375 0.109375
0 0.44296875 0.61796875 0.06171875 0.103125
0 0.54453125 0.59296875 0.0484375 0.0765625
0 0.4015625 0.4984375 0.04921875 0.06328125
0 0.39609375 0.3859375 0.02578125 0.0359375
0 0.41875 0.42265625 0.03046875 0.040625
0 0.4828125 0.39375 0.02890625 0.0390625
0 0.52109375 0.4390625 0.03515625 0.0578125
0 0.58359375 0.46875 0.0328125 0.04140625
0 0.6890625 0.615625 0.040625 0.0640625
0 0.67578125 0.440625 0.01953125 0.03671875
0 0.6734375 0.375 0.015625 0.02890625
0 0.646875 0.31875 0.015625 0.03125
0 0.53515625 0.365625 0.0265625 0.040625
0 0.51953125 0.33984375 0.01484375 0.021875
0 0.5765625 0.33359375 0.01953125 0.03203125
0 0.57734375 0.29375 0.01328125 0.02265625
0 0.6390625 0.25546875 0.0109375 0.01640625
