0 0.59140625 0.48671875 0.021875 0.0234375
0 0.03515625 0.70859375 0.0703125 0.0765625
0 0.08125 0.68125 0.125 0.075
0 0.14375 0.6515625 0.05546875 0.07890625
3 0.50546875 0.79921875 0.1109375 0.14921875
0 0.56640625 0.68515625 0.04765625 0.065625
0 0.334375 0.66953125 0.05078125 0.07421875
0 0.3015625 0.5390625 0.03984375 0.03125
0 0.4015625 0.66015625 0.04765625 0.0859375
0 0.46015625 0.665625 0.046875 0.071875
0 0.3453125 0.6171875 0.04453125 0.059375
0 0.52734375 0.61953125 0.03828125 0.05
0 0.478125 0.4125 0.00625 0.01015625
0 0.4609375 0.40859375 0.01015625 0.009375
0 0.478125 0.4296875 0.0078125 0.01328125
0 0.4609375 0.4421875 0.0078125 0.01328125
0 0.46171875 0.43046875 0.00625 0.01015625
0 0.44453125 0.44296875 0.01015625 0.01640625
0 0.4953125 0.46171875 0.0125 0.01640625
0 0.51328125 0.4640625 0.0125 0.01640625
2 0.53046875 0.4796875 0.02421875 0.03984375
3 0.54140625 0.515625 0.0234375 0.03828125
0 0.5078125 0.5296875 0.02421875 0.02890625
0 0.4484375 0.43828125 0.00703125 0.01015625
0 0.41328125 0.49921875 0.009375 0.05625
0 0.39765625 0.5265625 0.021875 0.03359375
0 0.43359375 0.5203125 0.02265625 0.034375
0 0.428125 0.53671875 0.028125 0.0375
3 0.39296875 0.54140625 0.0265625 0.04453125
0 0.42265625 0.5609375 0.03046875 0.03515625
3 0.37734375 0.5578125 0.034375 0.05
0 0.41953125 0.590625 0.034375 0.046875
0 0.37109375 0.590625 0.02890625 0.0546875
0 0.40703125 0.6140625 0.03828125 0.04921875
3 0.46875 0.55859375 0.03671875 0.0609375
0 0.46640625 0.6125 0.04296875 0.05546875
