0 0.55 0.30078125 0.0296875 0.0421875
0 0.55 0.27734375 0.03046875 0.02734375
0 0.528125 0.26875 0.0203125 0.03125
0 0.50078125 0.2703125 0.02421875 0.01875
0 0.50625 0.28203125 0.04765625 0.0234375
0 0.453125 0.28671875 0.028125 0.0328125
0 0.76484375 0.9078125 0.08984375 0.1625
0 0.7375 0.646875 0.0890625 0.0875
0 0.7953125 0.59140625 0.090625 0.075
0 0.55078125 0.71328125 0.08671875 0.125
0 0.28515625 0.70546875 0.06171875 0.11796875
0 0.3703125 0.67734375 0.0578125 0.125
0 0.4640625 0.7109375 0.0765625 0.11953125
0 0.578125 0.6 0.06796875 0.08046875
0 0.4984375 0.5953125 0.0734375 0.121875
0 0.415625 0.60390625 0.06484375 0.0859375
0 0.34140625 0.58671875 0.0578125 0.0984375
0 0.259375 0.57109375 0.04921875 0.0875
0 0.2375 0.46875 0.04140625 0.0765625
0 0.309375 0.52734375 0.046875 0.0734375
3 0.38515625 0.528125 0.05625 0.0890625
0 0.4453125 0.5359375 0.053125 0.08203125
3 0.29296875 0.45390625 0.040625 0.06640625
0 0.35 0.45390625 0.04296875 0.06328125
3 0.41640625 0.4515625 0.0515625 0.10859375
0 0.45390625 0.43828125 0.03984375 0.05
0 0.48359375 0.4140625 0.04453125 0.04765625
0 0.52578125 0.40625 0.04609375 0.0421875
0 0.27734375 0.39765625 0.03125 0.05234375
0 0.32890625 0.40390625 0.03046875 0.0484375
0 0.378125 0.4171875 0.03203125 0.0515625
0 0.365625 0.38125 0.03359375 0.053125
0 0.31875 0.37578125 0.03125 0.0421875
0 0.34765625 0.35390625 0.03125 0.04765625
0 0.2640625 0.36796875 0.02890625 0.0421875
0 0.259375 0.33828125 0.02734375 0.0421875
0 0.24765625 0.30625 0.02578125 0.03359375
0 0.32578125 0.32890625 0.02578125 0.03671875
0 0.30859375 0.29453125 0.01953125 0.03203125
0 0.29765625 0.28046875 0.0203125 0.0265625
0 0.3828125 0.29140625 0.02421875 0.028125
0 0.440625 0.33203125 0.034375 0.04140625
0 0.31484375 0.25859375 0.01953125 0.0203125
0 0.1546875 0.21953125 0.009375 0.01953125
0 0.303125 0.22734375 0.015625 0.01796875
0 0.2421875 0.215625 0.01328125 0.01328125
0 0.3015625 0.21015625 0.0109375 0.01171875
0 0.28359375 0.21171875 0.01171875 0.0140625
0 0.18125 0.20703125 0.00703125 0.0109375
0 0.19296875 0.20703125 0.00703125 0.01015625
0 0.159375 0.209375 0.00625 0.0109375
0 0.16953125 0.2078125 0.00625 0.009375
0 0.171875 0.20625 0.00546875 0.01015625
2 0.26015625 0.19765625 0.01484375 0.01796875
0 0.25859375 0.2109375 0.0109375 0.0125
0 0.23359375 0.209375 0.00859375 0.009375
