0 0.503125 0.5046875 0.04375 0.053125
0 0.4375 0.50390625 0.03671875 0.0484375
0 0.35703125 0.4921875 0.03359375 0.04609375
0 0.8875 0.31171875 0.0125 0.0234375
0 0.88359375 0.29296875 0.01328125 0.01875
0 0.87421875 0.284375 0.0109375 0.01953125
0 0.84609375 0.3625 0.0140625 0.02578125
0 0.8203125 0.3671875 0.01875 0.02265625
0 0.80703125 0.35078125 0.0171875 0.028125
0 0.78828125 0.36640625 0.01953125 0.028125
0 0.77734375 0.38203125 0.0203125 0.02578125
0 0.784375 0.40859375 0.02109375 0.02734375
0 0.80390625 0.41875 0.02265625 0.0265625
0 0.7328125 0.36171875 0.0203125 0.01796875
0 0.740625 0.346875 0.01875 0.0171875
2 0.76484375 0.45234375 0.03671875 0.07109375
0 0.7375 0.45078125 0.021875 0.03984375
0 0.71015625 0.47734375 0.0296875 0.04375
0 0.721875 0.5125 0.03125 0.04140625
0 0.75546875 0.7984375 0.0515625 0.0703125
0 0.66953125 0.52734375 0.0296875 0.03984375
3 0.55625 0.6296875 0.046875 0.06484375
0 0.3 0.93984375 0.0875 0.103125
0 0.0859375 0.96328125 0.1 0.07265625
