0 0.5546875 0.80078125 0.078125 0.11953125
3 0.13828125 0.95390625 0.13359375 0.09140625
3 0.25 0.971875 0.121875 0.05625
0 0.29140625 0.7625 0.0765625 0.13046875
0 0.35078125 0.81484375 0.0859375 0.1453125
0 0.3546875 0.66875 0.07109375 0.096875
0 0.02265625 0.74765625 0.04453125 0.09609375
0 0.17890625 0.45078125 0.05859375 0.05390625
0 0.396875 0.3875 0.028125 0.03828125
0 0.4265625 0.53203125 0.0546875 0.0890625
0 0.48125 0.43984375 0.034375 0.05390625
0 0.5203125 0.2921875 0.01875 0.028125
3 0.56171875 0.3109375 0.01953125 0.04296875
3 0.66640625 0.325 0.028125 0.06484375
0 0.59453125 0.29921875 0.01640625 0.025
3 0.559375 0.275 0.01484375 0.03359375
0 0.58125 0.2875 0.01328125 0.01796875
