0 0.1375 0.3703125 0.05234375 0.05234375
3 0.2140625 0.2671875 0.04765625 0.03046875
0 0.25 0.25 0.0296875 0.015625
0 0.2359375 0.25625 0.04140625 0.02734375
3 0.2640625 0.29453125 0.05625 0.0375
2 0.2984375 0.23203125 0.0375 0.05625
0 0.33359375 0.26171875 0.03203125 0.0203125
0 0.359375 0.25390625 0.021875 0.02421875
0 0.32890625 0.20390625 0.0390625 0.0203125
3 0.4078125 0.21640625 0.0171875 0.0359375
0 0.42421875 0.20546875 0.0171875 0.0203125
0 0.4484375 0.18203125 0.0171875 0.015625
3 0.42265625 0.178125 0.025 0.028125
0 0.421875 0.21640625 0.0125 0.01796875
3 0.14765625 0.278125 0.04453125 0.03515625
0 0.51015625 0.1734375 0.0125 0.01328125
0 0.55 0.15625 0.01328125 0.0140625
0 0.57109375 0.1546875 0.01328125 0.01328125
0 0.57890625 0.140625 0.0109375 0.01171875
0 0.60078125 0.13828125 0.01015625 0.0109375
0 0.64453125 0.1375 0.0109375 0.0109375
0 0.68828125 0.140625 0.0109375 0.01875
0 0.66875 0.12734375 0.009375 0.01796875
0 0.4828125 0.196875 0.01484375 0.01796875
3 0.525 0.26015625 0.0203125 0.0296875
0 0.45546875 0.22265625 0.02109375 0.021875
0 0.49609375 0.21328125 0.0140625 0.01953125
0 0.49296875 0.221875 0.01015625 0.021875
3 0.48046875 0.2234375 0.01796875 0.034375
0 0.47421875 0.24140625 0.01640625 0.02734375
0 0.4609375 0.25546875 0.02109375 0.02265625
0 0.44765625 0.271875 0.025 0.02734375
3 0.39453125 0.2796875 0.02734375 0.04296875
0 0.303125 0.36171875 0.0390625 0.0375
0 0.371875 0.60390625 0.065625 0.075
