0 0.98984375 0.55234375 0.0203125 0.03359375
0 0.73125 0.57890625 0.05234375 0.02734375
0 0.71640625 0.465625 0.01640625 0.0265625
0 0.70078125 0.43203125 0.0359375 0.02265625
0 0.6953125 0.4265625 0.034375 0.01953125
0 0.68203125 0.415625 0.01640625 0.02265625
1 0.66875 0.9296875 0.0359375 0.08125
2 0.54609375 0.37890625 0.0203125 0.040625
0 0.53671875 0.33828125 0.01484375 0.01875
0 0.51484375 0.36796875 0.0171875 0.01953125
0 0.578125 0.3734375 0.0125 0.0203125
0 0.60078125 0.3796875 0.0140625 0.01796875
0 0.571875 0.3921875 0.015625 0.02109375
0 0.59609375 0.4 0.0171875 0.02109375
0 0.64375 0.48203125 0.021875 0.03515625
0 0.53515625 0.409375 0.0171875 0.02265625
0 0.53203125 0.42109375 0.0171875 0.021875
0 0.52265625 0.43515625 0.0203125 0.0234375
0 0.5140625 0.45 0.021875 0.025
0 0.5 0.48046875 0.02421875 0.03125
3 0.4421875 0.41796875 0.021875 0.04140625
3 0.440625 0.46640625 0.021875 0.0328125
0 0.45625 0.496875 0.021875 0.03125
0 0.4765625 0.52421875 0.028125 0.03125
3 0.41171875 0.48984375 0.0390625 0.06328125
0 0.61640625 0.4125 0.01640625 0.021875
2 0.60234375 0.47265625 0.0296875 0.07109375
0 0.72578125 0.55234375 0.0640625 0.0328125
0 0.63046875 0.54375 0.02421875 0.02890625
0 0.36484375 0.50390625 0.0296875 0.0328125
0 0.3296875 0.4796875 0.02890625 0.02890625
0 0.30859375 0.509375 0.0296875 0.03203125
0 0.45234375 0.56953125 0.0328125 0.0390625
0 0.41484375 0.5640625 0.03203125 0.03515625
0 0.375 0.5625 0.03359375 0.04296875
0 0.33046875 0.5671875 0.03671875 0.03671875
0 0.34609375 0.60234375 0.03515625 0.0390625
0 0.37734375 0.61796875 0.0359375 0.0453125
0 0.421875 0.625 0.0375 0.04921875
0 0.3828125 0.6859375 0.03515625 0.0484375
0 0.35078125 0.66171875 0.0453125 0.0546875
0 0.31640625 0.63828125 0.0390625 0.04296875
0 0.32421875 0.7078125 0.04921875 0.0515625
0 0.28359375 0.68359375 0.0453125 0.05078125
0 0.27421875 0.784375 0.0515625 0.06484375
0 0.2328125 0.75625 0.05546875 0.0625
0 0.1828125 0.815625 0.05625 0.06875
0 0.22890625 0.85234375 0.06640625 0.075
0 0.30390625 0.84296875 0.0609375 0.0734375
0 0.0875 0.775 0.078125 0.09140625
0 0.10390625 0.909375 0.08359375 0.1015625
0 0.1578125 0.95546875 0.078125 0.08515625
0 0.21484375 0.971875 0.08203125 0.05546875
0 0.540625 0.803125 0.04453125 0.05390625
0 0.496875 0.9828125 0.05625 0.034375
0 0.6984375 0.4015625 0.03984375 0.02265625
