0 0.18984375 0.346875 0.05390625 0.02890625
0 0.19765625 0.8484375 0.09609375 0.16875
0 0.58046875 0.9875 0.078125 0.025
0 0.35859375 0.4875 0.04453125 0.0609375
0 0.56015625 0.48046875 0.034375 0.05
0 0.446875 0.41953125 0.03359375 0.0515625
0 0.40625 0.3953125 0.0296875 0.04921875
3 0.43046875 0.340625 0.0265625 0.03671875
0 0.55 0.34609375 0.02421875 0.02890625
0 0.440625 0.3140625 0.01875 0.03359375
0 0.47734375 0.31484375 0.02109375 0.03359375
0 0.45546875 0.29609375 0.01640625 0.0328125
2 0.4671875 0.26953125 0.0234375 0.053125
0 0.4890625 0.28828125 0.0140625 0.02265625
0 0.49609375 0.2734375 0.0125 0.021875
2 0.51875 0.259375 0.0140625 0.03984375
0 0.54296875 0.29921875 0.0140625 0.01796875
0 0.50234375 0.2578125 0.01015625 0.015625
