0 0.1375 0.3703125 0.05234375 0.05234375
3 0.2140625 0.2671875 0.04765625 0.03046875
0 0.25 0.25 0.0296875 0.015625
3 0.2359375 0.25625 0.04140625 0.02734375
3 0.2640625 0.29453125 0.05625 0.0375
2 0.2984375 0.23203125 0.0375 0.05625
0 0.33359375 0.26171875 0.03203125 0.0203125
0 0.359375 0.25390625 0.021875 0.02421875
0 0.3296875 0.20390625 0.03984375 0.02109375
3 0.4078125 0.21640625 0.0171875 0.0359375
0 0.42421875 0.20546875 0.0171875 0.0203125
0 0.44921875 0.18046875 0.0203125 0.02109375
3 0.42265625 0.178125 0.025 0.028125
0 0.421875 0.21640625 0.0125 0.01796875
0 0.58515625 0.165625 0.01328125 0.0171875
0 0.7890625 0.3203125 0.03515625 0.03125
0 0.78203125 0.275 0.025 0.02734375
0 0.71796875 0.23671875 0.0234375 0.02265625
0 0.68984375 0.1875 0.0125 0.01484375
0 0.64609375 0.13828125 0.00859375 0.0125
0 0.63515625 0.13515625 0.009375 0.0109375
0 0.675 0.15390625 0.01171875 0.01328125
0 0.62109375 0.15078125 0.0109375 0.01640625
0 0.62421875 0.23515625 0.0203125 0.02109375
3 0.653125 0.23671875 0.01796875 0.03984375
3 0.65 0.28671875 0.02265625 0.03203125
0 0.58359375 0.41484375 0.0359375 0.04140625
0 0.61953125 0.49140625 0.03984375 0.0484375
0 0.55078125 0.7125 0.06171875 0.0859375
0 0.384375 0.89140625 0.096875 0.128125
0 0.5890625 0.153125 0.01171875 0.0140625
0 0.565625 0.2234375 0.01875 0.03046875
3 0.53515625 0.23046875 0.01796875 0.02578125
0 0.5203125 0.1796875 0.0125 0.0125
0 0.52109375 0.16171875 0.0140625 0.015625
0 0.503125 0.178125 0.01640625 0.0171875
2 0.51171875 0.28125 0.02890625 0.05234375
0 0.415625 0.53125 0.05078125 0.06015625
0 0.46875 0.2046875 0.01640625 0.0203125
0 0.43671875 0.2484375 0.0234375 0.02578125
0 0.421875 0.3 0.03125 0.03359375
0 0.39296875 0.29140625 0.02578125 0.03359375
0 0.31875 0.390625 0.0453125 0.0421875
0 0.04921875 0.5984375 0.09765625 0.08359375
0 0.05078125 0.921875 0.1015625 0.153125
