0 0.1359375 0.9484375 0.03046875 0.078125
0 0.1875 0.8703125 0.0296875 0.06640625
0 0.24375 0.8828125 0.03359375 0.08828125
0 0.29453125 0.86171875 0.03671875 0.07578125
0 0.18515625 0.7828125 0.03046875 0.06484375
0 0.23125 0.79453125 0.03046875 0.06640625
0 0.2765625 0.76171875 0.03046875 0.06328125
0 0.18203125 0.7265625 0.028125 0.0578125
0 0.2234375 0.73515625 0.0296875 0.05390625
0 0.26171875 0.696875 0.02734375 0.053125
0 0.253125 0.6453125 0.021875 0.04296875
0 0.3640625 0.371875 0.01171875 0.0203125
