3 0.58359375 0.51171875 0.0171875 0.0265625
0 0.0828125 0.6859375 0.040625 0.03828125
0 0.4078125 0.496875 0.0125 0.01015625
0 0.465625 0.5046875 0.0125 0.01640625
0 0.484375 0.50546875 0.01484375 0.0125
0 0.47109375 0.565625 0.01953125 0.01953125
0 0.4078125 0.6203125 0.021875 0.02578125
2 0.49375 0.64609375 0.0359375 0.065625
3 0.2953125 0.66796875 0.04140625 0.0734375
0 0.31796875 0.52109375 0.021875 0.01328125
0 0.33828125 0.88671875 0.05859375 0.071875
0 0.2609375 0.6796875 0.02890625 0.034375
0 0.2671875 0.71875 0.03828125 0.0375
0 0.234375 0.70703125 0.03125 0.03671875
0 0.24453125 0.7515625 0.0421875 0.0453125
0 0.20390625 0.74140625 0.03984375 0.03984375
0 0.15 0.74375 0.05 0.05546875
0 0.2078125 0.790625 0.0390625 0.05546875
0 0.16328125 0.78828125 0.0515625 0.05
0 0.1109375 0.784375 0.04140625 0.04609375
0 0.05703125 0.82734375 0.0671875 0.0671875
0 0.1 0.846875 0.059375 0.06015625
0 0.1671875 0.846875 0.05703125 0.05859375
0 0.16796875 0.93125 0.0734375 0.09375
0 0.1140625 0.91328125 0.071875 0.075
0 0.03828125 0.9109375 0.0765625 0.08359375
0 0.0078125 0.8875 0.015625 0.05078125
0 0.046875 0.97109375 0.0828125 0.0578125
0 0.1125 0.99140625 0.05625 0.0171875
