0 0.17890625 0.45078125 0.05859375 0.05390625
0 0.396875 0.3875 0.028125 0.03828125
0 0.4796875 0.32421875 0.02578125 0.0375
0 0.51953125 0.29296875 0.01484375 0.02734375
0 0.08125 0.9125 0.11953125 0.175
3 0.1578125 0.896875 0.1484375 0.20625
0 0.27421875 0.94375 0.11484375 0.1125
0 0.31328125 0.7265625 0.084375 0.13203125
0 0.38671875 0.746875 0.07578125 0.13203125
3 0.36875 0.628125 0.07421875 0.1
3 0.42109375 0.52890625 0.0890625 0.1421875
0 0.4734375 0.55625 0.04921875 0.071875
0 0.47578125 0.45859375 0.03046875 0.04921875
3 0.50390625 0.475 0.04375 0.1125
0 0.5359375 0.434375 0.02578125 0.05
0 0.534375 0.3609375 0.0265625 0.040625
0 0.559375 0.37890625 0.02578125 0.0375
0 0.54375 0.30390625 0.01875 0.03515625
0 0.5875 0.31640625 0.0203125 0.0265625
0 0.6046875 0.28125 0.015625 0.01953125
0 0.559375 0.32265625 0.01875 0.02734375
0 0.56328125 0.28046875 0.01484375 0.02265625
0 0.6703125 0.328125 0.015625 0.021875
3 0.90546875 0.3625 0.02890625 0.04296875
