0 0.98984375 0.55234375 0.0203125 0.03359375
0 0.73125 0.57890625 0.05234375 0.02734375
0 0.70078125 0.43203125 0.0359375 0.02265625
0 0.6953125 0.4265625 0.034375 0.01953125
0 0.68203125 0.415625 0.01640625 0.02265625
0 0.57890625 0.29921875 0.01171875 0.01484375
0 0.5390625 0.309375 0.01484375 0.0140625
0 0.565625 0.32109375 0.0125 0.01328125
0 0.5703125 0.34296875 0.01484375 0.01953125
0 0.60390625 0.359375 0.01328125 0.0203125
0 0.6984375 0.4 0.04140625 0.02265625
0 0.5234375 0.35234375 0.015625 0.0203125
0 0.50703125 0.34765625 0.01484375 0.0171875
0 0.49453125 0.3671875 0.0140625 0.01796875
0 0.5765625 0.37421875 0.015625 0.0203125
0 0.59609375 0.3953125 0.0171875 0.01953125
0 0.5375 0.37890625 0.015625 0.02421875
0 0.4703125 0.3921875 0.01484375 0.01640625
0 0.58671875 0.41953125 0.01484375 0.02265625
0 0.628125 0.35546875 0.01328125 0.01796875
0 0.60859375 0.45 0.02421875 0.03359375
0 0.603125 0.48359375 0.02421875 0.03046875
0 0.53515625 0.48984375 0.0265625 0.02578125
0 0.46328125 0.484375 0.0234375 0.02734375
0 0.515625 0.5328125 0.0296875 0.03203125
0 0.5703125 0.54296875 0.025 0.03125
0 0.528125 0.60703125 0.03125 0.03984375
0 0.53125 0.7734375 0.046875 0.0578125
0 0.44921875 0.5671875 0.0328125 0.04296875
0 0.43203125 0.6015625 0.0359375 0.0390625
0 0.41484375 0.63203125 0.0359375 0.04375
0 0.39453125 0.678125 0.0390625 0.046875
0 0.36953125 0.7234375 0.0515625 0.059375
0 0.33046875 0.4796875 0.02890625 0.028125
0 0.1859375 0.6265625 0.04375 0.04453125
0 0.4734375 0.95546875 0.0625 0.0890625
0 0.34140625 0.7828125 0.0515625 0.065625
0 0.309375 0.72421875 0.053125 0.0578125
0 0.27421875 0.690625 0.0484375 0.059375
0 0.21328125 0.703125 0.0484375 0.05234375
0 0.2390625 0.74296875 0.053125 0.0578125
0 0.278125 0.78359375 0.05625 0.0671875
0 0.16328125 0.76171875 0.0671875 0.0765625
0 0.0734375 0.75703125 0.0625 0.06640625
0 0.2296875 0.84375 0.071875 0.090625
0 0.19765625 0.80859375 0.0640625 0.071875
0 0.30390625 0.85234375 0.05859375 0.07421875
0 0.08671875 0.8453125 0.0765625 0.08984375
0 0.134375 0.86796875 0.07578125 0.08984375
0 0.17578125 0.934375 0.07734375 0.10390625
0 0.25703125 0.9234375 0.08359375 0.12265625
0 0.01875 0.94921875 0.0375 0.0734375
0 0.0625 0.95078125 0.090625 0.08125
