0 0.18671875 0.8671875 0.03359375 0.0765625
0 0.234375 0.8453125 0.03359375 0.071875
0 0.2921875 0.86015625 0.0375 0.0734375
0 0.4265625 0.79765625 0.0328125 0.0484375
0 0.32109375 0.77109375 0.034375 0.06640625
0 0.2703125 0.77578125 0.03515625 0.0671875
0 0.2265625 0.7765625 0.03125 0.06171875
3 0.18515625 0.7859375 0.0265625 0.0703125
0 0.18203125 0.7359375 0.0203125 0.04140625
0 0.2234375 0.69609375 0.02578125 0.0609375
0 0.259375 0.70390625 0.02890625 0.053125
0 0.25390625 0.6515625 0.0234375 0.0375
0 0.41015625 0.5375 0.02734375 0.028125
