0 0.1375 0.3703125 0.05234375 0.05234375
3 0.2140625 0.2671875 0.04765625 0.03046875
0 0.25 0.25 0.0296875 0.015625
0 0.2359375 0.25625 0.04140625 0.02734375
3 0.2640625 0.29453125 0.05625 0.0375
2 0.2984375 0.23203125 0.0375 0.05625
0 0.33359375 0.26171875 0.03203125 0.0203125
0 0.359375 0.25390625 0.021875 0.02421875
0 0.3296875 0.20390625 0.03984375 0.02109375
3 0.4078125 0.21640625 0.0171875 0.0359375
0 0.42421875 0.20546875 0.0171875 0.0203125
0 0.44921875 0.18046875 0.0203125 0.02109375
3 0.42265625 0.178125 0.025 0.028125
0 0.421875 0.21640625 0.0125 0.01796875
0 0.6234375 0.18125 0.01171875 0.0140625
0 0.6421875 0.1734375 0.0125 0.015625
0 0.68203125 0.17109375 0.0140625 0.015625
0 0.6875 0.15390625 0.009375 0.015625
0 0.61875 0.16484375 0.01171875 0.01484375
0 0.63984375 0.15078125 0.0109375 0.0140625
0 0.7234375 0.19296875 0.015625 0.0203125
0 0.696875 0.19296875 0.01796875 0.01640625
0 0.703125 0.21015625 0.01953125 0.021875
0 0.79921875 0.30078125 0.03515625 0.0296875
0 0.646875 0.196875 0.01328125 0.01875
0 0.6546875 0.22265625 0.01796875 0.025
0 0.653125 0.30859375 0.025 0.0328125
0 0.60078125 0.36484375 0.0265625 0.03359375
0 0.63359375 0.4578125 0.03359375 0.0453125
0 0.54609375 0.52109375 0.04296875 0.04921875
0 0.5859375 0.59453125 0.04296875 0.05234375
0 0.53203125 0.790625 0.05703125 0.0875
0 0.44140625 0.9703125 0.0859375 0.059375
0 0.55234375 0.19609375 0.01484375 0.01953125
0 0.5625 0.165625 0.01328125 0.015625
0 0.58203125 0.16875 0.0171875 0.02734375
0 0.590625 0.15078125 0.01171875 0.01484375
0 0.57890625 0.19609375 0.015625 0.0203125
2 0.56640625 0.2171875 0.02578125 0.04765625
0 0.5125 0.16875 0.01484375 0.01640625
0 0.5625 0.2578125 0.01796875 0.02578125
0 0.525 0.26328125 0.02109375 0.025
0 0.546875 0.30703125 0.025 0.03203125
0 0.47109375 0.3625 0.03359375 0.03828125
0 0.503125 0.390625 0.03359375 0.03984375
0 0.49296875 0.215625 0.0171875 0.021875
0 0.4640625 0.25390625 0.02578125 0.025
0 0.45078125 0.271875 0.025 0.02421875
0 0.39765625 0.2796875 0.02734375 0.0265625
0 0.41875 0.296875 0.03125 0.0296875
0 0.3921875 0.325 0.0359375 0.03671875
0 0.35859375 0.35625 0.0421875 0.03671875
0 0.2890625 0.3703125 0.03671875 0.0390625
0 0.31015625 0.390625 0.04921875 0.05078125
0 0.25 0.44296875 0.0609375 0.04921875
0 0.17421875 0.50234375 0.0765625 0.06328125
0 0.07265625 0.52734375 0.0859375 0.06640625
0 0.04609375 0.6 0.0921875 0.08125
0 0.00703125 0.575 0.01328125 0.04453125
3 0.3296875 0.653125 0.07734375 0.09375
3 0.259375 0.60546875 0.1171875 0.1734375
