0 0.12421875 0.73125 0.040625 0.0625
0 0.41484375 0.66953125 0.0390625 0.0484375
0 0.4546875 0.72890625 0.04453125 0.059375
0 0.72734375 0.85859375 0.046875 0.065625
0 0.90546875 0.8953125 0.0765625 0.06015625
0 0.56640625 0.68359375 0.04140625 0.05234375
0 0.55390625 0.63984375 0.03671875 0.03515625
0 0.61015625 0.60390625 0.01015625 0.0140625
0 0.57421875 0.53359375 0.0203125 0.01328125
0 0.1859375 0.42890625 0.02265625 0.0234375
0 0.2 0.44921875 0.02265625 0.03359375
0 0.32890625 0.425 0.01953125 0.02578125
0 0.18671875 0.3484375 0.015625 0.01875
0 0.16875 0.3375 0.01796875 0.02109375
0 0.20625 0.3828125 0.0171875 0.0234375
0 0.25 0.35546875 0.01328125 0.01796875
0 0.3625 0.46953125 0.0234375 0.03515625
0 0.3765625 0.4859375 0.01796875 0.0203125
3 0.40703125 0.47421875 0.02578125 0.03125
0 0.40234375 0.38828125 0.01796875 0.0234375
0 0.471875 0.4546875 0.01640625 0.01484375
0 0.57734375 0.45703125 0.01171875 0.0265625
0 0.3828125 0.35234375 0.01484375 0.015625
0 0.36171875 0.334375 0.01328125 0.01171875
