3 0.24765625 0.765625 0.05078125 0.07890625
0 0.6046875 0.95234375 0.0625 0.08125
0 0.9859375 0.9828125 0.028125 0.034375
0 0.9359375 0.8640625 0.075 0.07109375
0 0.7765625 0.7046875 0.0484375 0.04296875
0 0.64453125 0.72109375 0.05234375 0.06953125
2 0.26484375 0.4859375 0.03203125 0.0734375
0 0.16875 0.44375 0.02109375 0.03125
0 0.2078125 0.453125 0.02109375 0.0296875
0 0.38046875 0.4890625 0.01796875 0.0140625
0 0.37734375 0.44765625 0.02109375 0.02890625
0 0.42109375 0.40625 0.01796875 0.0203125
0 0.55 0.47578125 0.0203125 0.04140625
0 0.57578125 0.45546875 0.01171875 0.02578125
0 0.45390625 0.440625 0.0171875 0.01875
0 0.5671875 0.59609375 0.01484375 0.03671875
0 0.40625 0.31640625 0.01484375 0.0171875
0 0.2625 0.3046875 0.0140625 0.02265625
