0 0.55 0.30078125 0.0296875 0.0421875
0 0.55 0.27734375 0.03046875 0.02734375
0 0.528125 0.26875 0.0203125 0.03125
0 0.475 0.271875 0.025 0.03046875
0 0.50078125 0.271875 0.02421875 0.02265625
0 0.58515625 0.39765625 0.0359375 0.0421875
0 0.5375 0.36015625 0.0390625 0.03515625
0 0.440625 0.93671875 0.1 0.1265625
0 0.64453125 0.840625 0.1171875 0.16328125
0 0.49375 0.784375 0.0921875 0.14453125
0 0.29296875 0.78125 0.06796875 0.15390625
0 0.12109375 0.77265625 0.06796875 0.1359375
3 0.1703125 0.6390625 0.05703125 0.09609375
0 0.18203125 0.5609375 0.046875 0.07890625
0 0.33828125 0.60546875 0.05546875 0.0890625
0 0.38828125 0.54765625 0.0453125 0.078125
0 0.48828125 0.5953125 0.07109375 0.11328125
0 0.6421875 0.4390625 0.06015625 0.06796875
0 0.546875 0.43203125 0.05234375 0.05390625
0 0.45390625 0.28984375 0.0203125 0.0234375
0 0.43125 0.49140625 0.05390625 0.08359375
0 0.37890625 0.409375 0.03984375 0.05859375
0 0.24375 0.5125 0.04140625 0.071875
0 0.1796875 0.4953125 0.040625 0.07109375
0 0.17890625 0.45234375 0.0359375 0.05390625
0 0.31484375 0.37109375 0.03125 0.04453125
3 0.1765625 0.3859375 0.03046875 0.0546875
0 0.1671875 0.3421875 0.025 0.03828125
0 0.16953125 0.30078125 0.021875 0.03046875
3 0.21875 0.3375 0.0296875 0.0703125
0 0.253125 0.334375 0.0265625 0.040625
0 0.28125 0.31015625 0.025 0.0421875
0 0.2390625 0.290625 0.02265625 0.034375
2 0.20234375 0.284375 0.02421875 0.03359375
0 0.2609375 0.253125 0.01953125 0.02578125
0 0.22578125 0.26015625 0.01796875 0.03046875
0 0.24296875 0.24140625 0.0140625 0.02265625
0 0.23203125 0.22890625 0.01484375 0.0234375
0 0.2171875 0.2421875 0.0109375 0.0203125
0 0.16171875 0.221875 0.01015625 0.0171875
0 0.22265625 0.22109375 0.009375 0.01640625
0 0.18203125 0.2203125 0.0109375 0.0171875
0 0.20703125 0.2234375 0.01328125 0.02109375
0 0.2578125 0.2109375 0.0109375 0.01484375
0 0.2 0.215625 0.0125 0.015625
0 0.17109375 0.21484375 0.009375 0.0125
0 0.190625 0.21328125 0.00703125 0.009375
0 0.22578125 0.209375 0.01015625 0.0109375
0 0.2375 0.209375 0.00703125 0.0125
0 0.24375 0.21015625 0.0078125 0.0109375
0 0.25234375 0.20390625 0.00859375 0.01953125
0 0.2921875 0.2125 0.0046875 0.0171875
0 0.16875 0.284375 0.01796875 0.0140625
