0 0.96640625 0.428125 0.0328125 0.02265625
0 0.93359375 0.4265625 0.0296875 0.0234375
0 0.2859375 0.3625 0.01953125 0.01796875
0 0.33125 0.3 0.009375 0.01484375
3 0.11484375 0.946875 0.18125 0.10625
0 0.24453125 0.87734375 0.078125 0.09296875
0 0.28515625 0.94453125 0.08203125 0.1109375
3 0.37421875 0.92890625 0.0859375 0.11484375
0 0.35234375 0.8359375 0.06953125 0.0890625
0 0.425 0.83984375 0.06328125 0.084375
0 0.3328125 0.75390625 0.06328125 0.071875
0 0.41171875 0.7390625 0.05703125 0.06640625
0 0.4640625 0.753125 0.05390625 0.0734375
0 0.3875 0.67734375 0.053125 0.0625
0 0.49609375 0.68671875 0.0453125 0.06640625
0 0.46328125 0.646875 0.0453125 0.05859375
3 0.51875 0.63828125 0.0375 0.053125
0 0.49453125 0.5921875 0.0375 0.05390625
0 0.54140625 0.59296875 0.0359375 0.0515625
0 0.49375 0.4859375 0.02578125 0.02890625
0 0.565625 0.54453125 0.03125 0.0375
0 0.7015625 0.55 0.02734375 0.03671875
3 0.58046875 0.49921875 0.0296875 0.05078125
0 0.5921875 0.48203125 0.01796875 0.02890625
0 0.59921875 0.46328125 0.0171875 0.025
0 0.60234375 0.4328125 0.0296875 0.021875
0 0.60703125 0.44765625 0.01640625 0.02578125
2 0.53125 0.2796875 0.0125 0.01953125
0 0.34453125 0.42578125 0.04453125 0.01875
0 0.98125 0.5828125 0.03671875 0.0359375
