0 0.1375 0.3703125 0.05234375 0.05234375
3 0.2140625 0.2671875 0.04765625 0.03046875
0 0.25 0.25 0.0296875 0.015625
3 0.2359375 0.25625 0.04140625 0.02734375
3 0.2640625 0.29453125 0.05625 0.0375
2 0.3046875 0.2265625 0.03671875 0.05
0 0.33359375 0.26171875 0.03203125 0.0203125
0 0.359375 0.25390625 0.021875 0.02421875
0 0.3296875 0.20390625 0.03984375 0.02109375
3 0.4078125 0.21640625 0.0171875 0.0359375
0 0.42421875 0.20546875 0.0171875 0.0203125
0 0.44921875 0.18046875 0.0203125 0.02109375
3 0.42265625 0.178125 0.025 0.028125
0 0.421875 0.21640625 0.0125 0.01796875
0 0.10625 0.32265625 0.02265625 0.0296875
0 0.1484375 0.2875 0.05234375 0.0328125
0 0.57265625 0.1359375 0.0109375 0.01171875
0 0.56171875 0.1296875 0.0109375 0.009375
0 0.4875 0.22578125 0.0203125 0.021875
0 0.44921875 0.26953125 0.02421875 0.02890625
0 0.4015625 0.3171875 0.03203125 0.03125
0 0.190625 0.484375 0.07109375 0.05625
