3 0.58125 0.51328125 0.0125 0.0234375
0 0.0828125 0.6859375 0.040625 0.03828125
0 0.31953125 0.52265625 0.0140625 0.01171875
0 0.50546875 0.50625 0.0140625 0.0140625
0 0.46171875 0.51171875 0.0109375 0.01484375
0 0.48203125 0.5125 0.01171875 0.01953125
0 0.49921875 0.5234375 0.0109375 0.0140625
0 0.46875 0.54609375 0.0125 0.01640625
0 0.44375 0.54296875 0.015625 0.01953125
0 0.40234375 0.540625 0.0140625 0.01484375
0 0.39453125 0.5484375 0.0171875 0.01875
0 0.37265625 0.54609375 0.0171875 0.01796875
0 0.38046875 0.56015625 0.0171875 0.01953125
0 0.3578125 0.55859375 0.01796875 0.0171875
0 0.375 0.5796875 0.0125 0.02265625
0 0.35 0.57109375 0.01875 0.01953125
0 0.3625 0.59140625 0.02265625 0.028125
0 0.340625 0.58828125 0.01796875 0.021875
0 0.32578125 0.603125 0.0203125 0.02265625
0 0.3453125 0.6171875 0.025 0.02578125
0 0.309375 0.62578125 0.025 0.025
0 0.33515625 0.63515625 0.02421875 0.0265625
0 0.31796875 0.65703125 0.02734375 0.0296875
0 0.2703125 0.63046875 0.025 0.0234375
0 0.2953125 0.640625 0.02421875 0.02734375
0 0.240625 0.6609375 0.03125 0.03125
0 0.2765625 0.66484375 0.021875 0.0296875
0 0.30078125 0.6765625 0.02890625 0.03125
0 0.25859375 0.68515625 0.0296875 0.03203125
0 0.2828125 0.696875 0.028125 0.03515625
0 0.2140625 0.69375 0.03515625 0.0328125
0 0.22578125 0.7109375 0.03828125 0.03515625
0 0.26015625 0.73046875 0.0359375 0.03515625
0 0.15703125 0.7234375 0.0359375 0.0359375
0 0.21015625 0.7421875 0.0390625 0.03828125
0 0.23359375 0.76171875 0.0421875 0.04296875
0 0.19609375 0.80078125 0.0515625 0.06015625
3 0.1375 0.76328125 0.04921875 0.0484375
0 0.1734375 0.778125 0.04609375 0.046875
0 0.13046875 0.8234375 0.0609375 0.059375
0 0.0953125 0.809375 0.05390625 0.05234375
0 0.140625 0.87890625 0.06875 0.06484375
0 0.07265625 0.875 0.0671875 0.0703125
0 0.01328125 0.95078125 0.0265625 0.0640625
0 0.08046875 0.94765625 0.08125 0.0859375
0 0.128125 0.971875 0.078125 0.05625
2 0.034375 0.84375 0.06875 0.1421875
2 0.4375 0.6296875 0.04375 0.07578125
0 0.42734375 0.5828125 0.01875 0.01875
0 0.4828125 0.60546875 0.01875 0.02734375
0 0.403125 0.63125 0.02421875 0.03046875
0 0.4734375 0.65234375 0.021875 0.028125
0 0.46484375 0.69921875 0.02265625 0.03046875
0 0.3546875 0.7359375 0.0359375 0.0375
0 0.38125 0.796875 0.03984375 0.04453125
0 0.43046875 0.828125 0.0390625 0.053125
0 0.28359375 0.86875 0.0578125 0.06328125
