3 0.9921875 0.5046875 0.015625 0.0421875
0 0.96640625 0.428125 0.0328125 0.02265625
0 0.93359375 0.4265625 0.0296875 0.0234375
0 0.2859375 0.3625 0.01953125 0.01796875
0 0.33125 0.3 0.009375 0.01484375
0 0.9828125 0.5828125 0.034375 0.0390625
0 0.99765625 0.42265625 0.0046875 0.01640625
0 0.121875 0.99375 0.04609375 0.0125
0 0.35078125 0.72578125 0.0578125 0.065625
0 0.375 0.91875 0.0609375 0.09375
0 0.67734375 0.89453125 0.059375 0.10546875
3 0.5078125 0.62578125 0.07265625 0.1296875
0 0.61953125 0.63828125 0.03125 0.03984375
0 0.48828125 0.5390625 0.03359375 0.040625
3 0.57421875 0.51328125 0.0296875 0.0375
0 0.55390625 0.48046875 0.02578125 0.02890625
0 0.5484375 0.43125 0.01875 0.0265625
3 0.60703125 0.42109375 0.02109375 0.03828125
0 0.521875 0.36875 0.0125 0.021875
0 0.603125 0.38828125 0.01953125 0.02421875
0 0.58125 0.346875 0.01484375 0.01640625
0 0.59375 0.3625 0.01328125 0.01796875
3 0.571875 0.32578125 0.01171875 0.02421875
