1 0.3546875 0.49921875 0.01640625 0.0578125
0 0.178125 0.44765625 0.059375 0.05234375
0 0.396875 0.3859375 0.02734375 0.03671875
3 0.621875 0.4578125 0.0546875 0.18984375
3 0.60234375 0.721875 0.05546875 0.15625
0 0.5078125 0.4875 0.0390625 0.05703125
0 0.31953125 0.7234375 0.084375 0.11796875
0 0.2765625 0.9234375 0.1125 0.153125
0 0.17109375 0.91328125 0.1375 0.17265625
0 0.03984375 0.9609375 0.0796875 0.078125
0 0.678125 0.40390625 0.0203125 0.03125
0 0.6421875 0.3359375 0.01875 0.03046875
0 0.5203125 0.29375 0.0171875 0.02421875
0 0.58359375 0.27734375 0.0140625 0.0234375
0 0.628125 0.28359375 0.0140625 0.021875
0 0.634375 0.26953125 0.0109375 0.0171875
0 0.63984375 0.2453125 0.0109375 0.015625
3 0.678125 0.30390625 0.0203125 0.04921875
