0 0.18984375 0.34765625 0.053125 0.028125
0 0.25390625 0.9640625 0.0953125 0.071875
0 0.22734375 0.753125 0.09453125 0.1703125
0 0.4765625 0.6359375 0.05390625 0.0859375
0 0.33359375 0.53671875 0.05234375 0.078125
0 0.42578125 0.4859375 0.03984375 0.065625
0 0.3703125 0.44765625 0.040625 0.05859375
0 0.55078125 0.46015625 0.03125 0.046875
0 0.4125 0.36796875 0.0265625 0.03828125
3 0.53828125 0.35546875 0.0234375 0.05390625
0 0.46875 0.34453125 0.02421875 0.03828125
0 0.4390625 0.3171875 0.02265625 0.03046875
0 0.48203125 0.3046875 0.01484375 0.025
0 0.45625 0.28984375 0.015625 0.02421875
0 0.46640625 0.2828125 0.00546875 0.01484375
0 0.490625 0.28515625 0.0140625 0.01640625
