0 0.18984375 0.3484375 0.0515625 0.0265625
0 0.11015625 0.97421875 0.09296875 0.0515625
0 0.27265625 0.95625 0.1015625 0.0875
0 0.20234375 0.759375 0.10625 0.24921875
0 0.353125 0.7640625 0.07734375 0.14453125
0 0.5859375 0.84453125 0.075 0.1390625
0 0.29609375 0.634375 0.06875 0.10625
0 0.33125 0.53828125 0.04765625 0.0765625
2 0.35078125 0.45078125 0.0703125 0.14375
0 0.39375 0.41875 0.015625 0.05703125
2 0.42578125 0.453125 0.065625 0.15546875
3 0.40859375 0.3453125 0.05390625 0.1171875
0 0.4578125 0.3890625 0.021875 0.03984375
0 0.4421875 0.3265625 0.0140625 0.03359375
0 0.471875 0.32109375 0.021875 0.053125
0 0.4890625 0.2859375 0.0140625 0.02421875
0 0.5 0.26484375 0.01171875 0.01640625
0 0.4453125 0.31328125 0.01484375 0.02890625
0 0.4484375 0.30625 0.01484375 0.0296875
0 0.45390625 0.296875 0.01484375 0.02421875
0 0.4609375 0.2859375 0.0109375 0.01640625
0 0.4671875 0.28125 0.0125 0.0203125
0 0.471875 0.2734375 0.01015625 0.0171875
0 0.47578125 0.265625 0.00859375 0.01328125
0 0.5234375 0.2515625 0.00859375 0.0109375
0 0.5359375 0.2453125 0.009375 0.01171875
