0 0.009375 0.7234375 0.01875 0.046875
0 0.028125 0.69453125 0.05625 0.06796875
0 0.39765625 0.65 0.03515625 0.04375
0 0.41015625 0.6375 0.02734375 0.04609375
0 0.44453125 0.6421875 0.03671875 0.06015625
0 0.46171875 0.6328125 0.00703125 0.0390625
0 0.459375 0.61953125 0.01953125 0.03671875
0 0.46171875 0.60703125 0.01875 0.028125
0 0.46640625 0.6015625 0.0171875 0.0328125
0 0.4890625 0.5734375 0.01171875 0.01484375
0 0.55234375 0.625 0.028125 0.0328125
0 0.5296875 0.58515625 0.0234375 0.0203125
0 0.50078125 0.56875 0.0109375 0.01484375
0 0.4734375 0.55625 0.00859375 0.01171875
0 0.4625 0.5546875 0.0078125 0.0109375
2 0.48984375 0.53671875 0.00625 0.01796875
0 0.48671875 0.56640625 0.0109375 0.021875
0 0.503125 0.55546875 0.009375 0.0109375
