0 0.04453125 0.89609375 0.0890625 0.08515625
3 0.35703125 0.6359375 0.0203125 0.06953125
0 0.9171875 0.66875 0.04609375 0.04296875
3 0.22421875 0.88671875 0.13671875 0.14296875
0 0.54609375 0.79765625 0.025 0.01484375
3 0.40625 0.61875 0.021875 0.0421875
0 0.4890625 0.6796875 0.021875 0.04140625
3 0.38828125 0.55546875 0.01484375 0.02890625
0 0.4671875 0.62578125 0.01875 0.0265625
0 0.4546875 0.578125 0.01328125 0.02578125
0 0.43828125 0.5390625 0.01328125 0.01953125
0 0.39453125 0.51875 0.01171875 0.02265625
0 0.42890625 0.515625 0.01015625 0.0171875
0 0.42265625 0.49765625 0.00859375 0.01484375
0 0.4171875 0.48515625 0.00859375 0.0140625
0 0.3859375 0.49765625 0.01328125 0.02734375
3 0.4109375 0.4671875 0.01328125 0.025
