3 0.9921875 0.5046875 0.015625 0.0421875
0 0.96640625 0.428125 0.0328125 0.02265625
0 0.93359375 0.4265625 0.0296875 0.0234375
0 0.2859375 0.3625 0.01953125 0.01796875
0 0.33125 0.3 0.009375 0.01484375
0 0.34765625 0.978125 0.06015625 0.04375
3 0.4015625 0.85859375 0.07890625 0.1328125
0 0.46640625 0.74453125 0.059375 0.08984375
0 0.4953125 0.68828125 0.04609375 0.0578125
0 0.5265625 0.628125 0.0375 0.04765625
0 0.475 0.6203125 0.04375 0.06015625
3 0.36796875 0.6109375 0.053125 0.065625
0 0.5515625 0.58984375 0.03359375 0.04140625
0 0.5328125 0.53125 0.028125 0.03359375
0 0.4609375 0.52421875 0.03125 0.03125
0 0.56640625 0.55 0.03046875 0.0375
0 0.5765625 0.521875 0.02890625 0.0359375
0 0.5875 0.49375 0.02578125 0.03359375
0 0.59375 0.478125 0.021875 0.034375
0 0.546875 0.34921875 0.0140625 0.015625
3 0.53359375 0.315625 0.0140625 0.025
0 0.54140625 0.278125 0.00859375 0.015625
0 0.98203125 0.58203125 0.0359375 0.03515625
