0 0.175 0.4515625 0.06640625 0.05625
0 0.396875 0.38671875 0.02578125 0.03515625
0 0.5203125 0.2921875 0.0171875 0.0265625
0 0.2859375 0.76953125 0.0953125 0.14140625
0 0.440625 0.52109375 0.04765625 0.0640625
0 0.51640625 0.46484375 0.0375 0.05390625
0 0.47109375 0.4046875 0.03203125 0.034375
0 0.5078125 0.4171875 0.03046875 0.040625
0 0.5625 0.375 0.021875 0.0328125
0 0.53984375 0.3578125 0.02578125 0.03359375
0 0.534375 0.3234375 0.01953125 0.02734375
0 0.56015625 0.32421875 0.01796875 0.02578125
0 0.5921875 0.309375 0.01953125 0.02109375
0 0.5765625 0.29609375 0.0171875 0.02265625
0 0.5515625 0.296875 0.0171875 0.021875
0 0.56953125 0.27109375 0.0140625 0.021875
0 0.58984375 0.265625 0.0125 0.01953125
0 0.59765625 0.2546875 0.01015625 0.01484375
0 0.60859375 0.2734375 0.01328125 0.01875
3 0.9515625 0.37890625 0.06796875 0.0484375
3 0.475 0.32421875 0.0390625 0.065625
