0 0.58359375 0.51171875 0.0171875 0.0265625
0 0.0828125 0.6859375 0.040625 0.03828125
0 0.578125 0.5875 0.046875 0.025
2 0.38984375 0.4921875 0.02734375 0.025
0 0.503125 0.52421875 0.015625 0.021875
0 0.45703125 0.5828125 0.01875 0.021875
0 0.3578125 0.56328125 0.015625 0.0203125
0 0.37265625 0.5796875 0.01875 0.021875
0 0.34609375 0.58125 0.0203125 0.0203125
0 0.3609375 0.596875 0.021875 0.0234375
0 0.334375 0.59609375 0.01953125 0.02578125
0 0.346875 0.62265625 0.025 0.02578125
0 0.321875 0.60625 0.021875 0.03671875
0 0.30390625 0.6234375 0.0296875 0.0484375
0 0.3296875 0.63828125 0.0296875 0.03046875
0 0.2828125 0.65546875 0.02578125 0.028125
0 0.3140625 0.665625 0.03046875 0.0328125
0 0.29140625 0.69453125 0.03359375 0.0328125
0 0.2609375 0.67265625 0.03359375 0.03828125
0 0.2375 0.69921875 0.0359375 0.03515625
0 0.265625 0.728125 0.040625 0.03984375
0 0.23515625 0.765625 0.0453125 0.04609375
0 0.21015625 0.73359375 0.05234375 0.05
0 0.1625 0.77265625 0.065625 0.09375
0 0.19140625 0.81640625 0.0546875 0.053125
0 0.08984375 0.865625 0.065625 0.06484375
0 0.1375 0.878125 0.075 0.084375
0 0.3125 0.94609375 0.0671875 0.07890625
0 0.059375 0.965625 0.08125 0.06875
3 0.0328125 0.9046875 0.06484375 0.18671875
