0 0.72890625 0.31796875 0.01875 0.0171875
0 0.7 0.41484375 0.059375 0.03359375
0 0.69921875 0.39609375 0.0546875 0.0359375
0 0.76875 0.39453125 0.06484375 0.03515625
0 0.7328125 0.390625 0.01015625 0.0265625
0 0.83984375 0.38671875 0.04375 0.03359375
0 0.91328125 0.3671875 0.02734375 0.034375
0 0.97890625 0.57265625 0.0421875 0.1
2 0.6046875 0.3671875 0.02109375 0.04140625
0 0.5859375 0.37578125 0.0140625 0.021875
0 0.56875 0.43671875 0.02109375 0.0359375
0 0.5546875 0.4546875 0.0375 0.053125
0 0.546875 0.48515625 0.03125 0.0515625
0 0.53203125 0.50703125 0.04296875 0.0578125
0 0.51328125 0.55078125 0.05625 0.078125
