1 0.340625 0.4890625 0.02734375 0.053125
0 0.42109375 0.4703125 0.04921875 0.05390625
0 0.24765625 0.62109375 0.03984375 0.06875
0 0.53046875 0.36015625 0.03046875 0.04375
0 0.6015625 0.30390625 0.02421875 0.0296875
0 0.78984375 0.3890625 0.028125 0.03984375
3 0.8296875 0.38046875 0.02578125 0.06171875
3 0.80703125 0.31875 0.03359375 0.07109375
0 0.83984375 0.309375 0.01796875 0.025
0 0.8265625 0.2734375 0.01640625 0.01875
0 0.8265625 0.25546875 0.01171875 0.01640625
0 0.8515625 0.246875 0.01328125 0.0171875
0 0.828125 0.2359375 0.0125 0.01796875
0 0.8328125 0.21796875 0.0125 0.01640625
0 0.62421875 0.26171875 0.01875 0.02421875
0 0.66875 0.24140625 0.01484375 0.02265625
