3 0.359375 0.6375 0.021875 0.06328125
0 0.91953125 0.665625 0.04765625 0.04609375
3 0.10390625 0.97421875 0.10078125 0.0515625
0 0.97265625 0.69140625 0.05390625 0.05625
2 0.409375 0.55546875 0.0265625 0.059375
2 0.9203125 0.725 0.1453125 0.13828125
0 0.48125 0.64609375 0.01875 0.03125
0 0.50546875 0.56953125 0.015625 0.01953125
0 0.478125 0.5171875 0.0109375 0.01796875
0 0.46640625 0.5 0.00859375 0.01484375
3 0.4390625 0.53046875 0.01796875 0.04140625
0 0.4578125 0.5140625 0.009375 0.0171875
0 0.54375 0.51484375 0.01796875 0.02265625
0 0.42578125 0.50234375 0.009375 0.0140625
0 0.42109375 0.48828125 0.01015625 0.0125
0 0.43125 0.47109375 0.00703125 0.009375
3 0.2421875 0.84453125 0.096875 0.1890625
