0 0.95625 0.5140625 0.0578125 0.03125
0 0.946875 0.50234375 0.065625 0.034375
0 0.9453125 0.49453125 0.075 0.0359375
0 0.6734375 0.43359375 0.01953125 0.02265625
0 0.71796875 0.46640625 0.01953125 0.02265625
0 0.81484375 0.525 0.0390625 0.03828125
0 0.759375 0.4078125 0.0203125 0.0125
0 0.703125 0.41640625 0.0171875 0.01875
0 0.6734375 0.40546875 0.015625 0.01484375
2 0.6734375 0.39375 0.02109375 0.025
0 0.63359375 0.44296875 0.02109375 0.02109375
0 0.63828125 0.459375 0.0265625 0.02890625
0 0.60625 0.43828125 0.028125 0.0265625
0 0.575 0.4578125 0.025 0.0234375
3 0.60546875 0.46484375 0.0328125 0.05078125
0 0.55078125 0.4859375 0.034375 0.02734375
0 0.5640625 0.5 0.034375 0.03515625
0 0.6 0.5109375 0.02734375 0.03125
0 0.57734375 0.4765625 0.0203125 0.01953125
0 0.51875 0.5078125 0.02421875 0.03046875
0 0.53828125 0.52265625 0.03828125 0.040625
0 0.55078125 0.5484375 0.0390625 0.03828125
0 0.57265625 0.53046875 0.03359375 0.03828125
0 0.6109375 0.540625 0.03671875 0.0390625
0 0.4796875 0.52109375 0.034375 0.0390625
0 0.49296875 0.55390625 0.0359375 0.04140625
0 0.5171875 0.57734375 0.05390625 0.0421875
0 0.44609375 0.54921875 0.04765625 0.03671875
0 0.39140625 0.58828125 0.053125 0.046875
0 0.4359375 0.59296875 0.05078125 0.04453125
3 0.47578125 0.60390625 0.059375 0.0546875
0 0.36953125 0.69296875 0.07265625 0.07265625
3 0.403125 0.7328125 0.08046875 0.090625
0 0.26171875 0.7734375 0.1 0.1140625
0 0.10078125 0.90546875 0.1234375 0.1328125
0 0.11953125 0.9625 0.14296875 0.075
2 0.115625 0.803125 0.23046875 0.29296875
