0 0.18984375 0.353125 0.05390625 0.0359375
0 0.41953125 0.946875 0.0890625 0.10625
0 0.20625 0.81484375 0.09765625 0.16484375
0 0.365625 0.66796875 0.071875 0.14140625
0 0.4796875 0.60703125 0.05 0.08046875
0 0.5578125 0.565625 0.046875 0.071875
0 0.3203125 0.57734375 0.06171875 0.0890625
0 0.36640625 0.45625 0.03828125 0.05703125
0 0.4328125 0.43671875 0.03515625 0.05625
0 0.40390625 0.39140625 0.0328125 0.0453125
0 0.559375 0.42734375 0.03203125 0.040625
0 0.503125 0.378125 0.028125 0.03984375
0 0.465625 0.35703125 0.02578125 0.0359375
3 0.415625 0.3515625 0.02890625 0.05
0 0.4375 0.328125 0.021875 0.02734375
3 0.546875 0.321875 0.02109375 0.046875
3 0.48046875 0.3140625 0.01875 0.03671875
3 0.45 0.3015625 0.01953125 0.03359375
0 0.5140625 0.29609375 0.015625 0.0265625
0 0.54140625 0.2953125 0.01484375 0.0296875
0 0.484375 0.30078125 0.01484375 0.02734375
0 0.490625 0.28671875 0.01328125 0.02578125
0 0.4546875 0.2890625 0.01171875 0.0234375
0 0.4671875 0.28125 0.01171875 0.0265625
0 0.51875 0.26953125 0.01015625 0.01640625
0 0.52578125 0.25234375 0.00859375 0.01484375
2 0.525 0.23828125 0.0109375 0.0265625
