0 0.98984375 0.55234375 0.0203125 0.03359375
0 0.73125 0.57890625 0.05234375 0.02734375
0 0.71640625 0.465625 0.01640625 0.0265625
0 0.68671875 0.46484375 0.0203125 0.02578125
0 0.70078125 0.43203125 0.0359375 0.02265625
0 0.6953125 0.4265625 0.034375 0.01953125
0 0.68203125 0.415625 0.01640625 0.02265625
0 0.6828125 0.37265625 0.015625 0.0203125
0 0.14453125 0.66015625 0.0515625 0.05234375
0 0.18671875 0.62578125 0.0484375 0.0453125
0 0.22421875 0.58828125 0.0421875 0.04296875
0 0.58046875 0.371875 0.0140625 0.01875
0 0.6015625 0.38125 0.015625 0.0171875
0 0.50859375 0.34609375 0.0140625 0.01640625
0 0.52890625 0.34375 0.0171875 0.01953125
0 0.54921875 0.3453125 0.0140625 0.01875
0 0.3921875 0.46171875 0.025 0.03203125
0 0.45703125 0.49375 0.0265625 0.0328125
0 0.44609375 0.51171875 0.0265625 0.0296875
0 0.434375 0.53203125 0.02734375 0.03203125
0 0.45 0.5796875 0.034375 0.03828125
0 0.41796875 0.54921875 0.0328125 0.04140625
0 0.3765625 0.51171875 0.03671875 0.0375
0 0.3953125 0.53125 0.02734375 0.0328125
0 0.40703125 0.578125 0.0328125 0.03984375
0 0.37578125 0.55078125 0.0328125 0.03515625
0 0.33984375 0.54921875 0.03125 0.03515625
0 0.32265625 0.5296875 0.025 0.03125
0 0.28671875 0.52421875 0.03359375 0.03671875
0 0.35234375 0.58046875 0.0390625 0.0484375
0 0.3859375 0.60859375 0.0375 0.040625
0 0.2546875 0.55859375 0.03828125 0.0359375
0 0.30625 0.59296875 0.040625 0.040625
0 0.3671875 0.63125 0.040625 0.05
0 0.3359375 0.6125 0.03671875 0.040625
0 0.30703125 0.64453125 0.0375 0.04765625
0 0.3421875 0.67421875 0.0453125 0.04921875
0 0.27421875 0.62734375 0.0421875 0.040625
0 0.23671875 0.6609375 0.0453125 0.04375
0 0.31015625 0.740625 0.040625 0.06015625
0 0.2 0.7125 0.05 0.06640625
3 0.2578125 0.78203125 0.0625 0.11171875
0 0.309375 0.83125 0.06171875 0.075
0 0.21640625 0.8703125 0.0671875 0.07734375
0 0.24375 0.93359375 0.08515625 0.13046875
0 0.21484375 0.771875 0.0515625 0.06953125
0 0.15546875 0.7734375 0.06484375 0.0640625
0 0.1671875 0.84375 0.07109375 0.0734375
0 0.078125 0.8546875 0.07734375 0.0890625
0 0.10234375 0.91875 0.090625 0.10625
0 0.1515625 0.9578125 0.08203125 0.08125
2 0.2546875 0.6921875 0.078125 0.0890625
3 0.0203125 0.921875 0.040625 0.15625
