0 0.95625 0.5140625 0.0578125 0.03125
0 0.946875 0.50234375 0.065625 0.034375
0 0.9453125 0.49453125 0.075 0.0359375
0 0.4953125 0.44453125 0.034375 0.02109375
0 0.49140625 0.4578125 0.02890625 0.02421875
0 0.7765625 0.353125 0.0125 0.00859375
0 0.75625 0.3609375 0.01171875 0.01015625
0 0.75703125 0.371875 0.0140625 0.01015625
0 0.7453125 0.37578125 0.01328125 0.00859375
0 0.753125 0.38359375 0.01171875 0.01328125
0 0.6859375 0.37109375 0.0125 0.009375
0 0.7015625 0.38515625 0.0125 0.0109375
0 0.7359375 0.38515625 0.0140625 0.01015625
0 0.72265625 0.39375 0.01328125 0.01328125
0 0.72421875 0.4078125 0.01484375 0.0109375
0 0.73828125 0.4 0.01328125 0.01640625
0 0.709375 0.40234375 0.0125 0.0109375
0 0.70703125 0.39140625 0.01171875 0.0140625
0 0.696875 0.43515625 0.0234375 0.02265625
0 0.634375 0.43359375 0.01796875 0.01953125
0 0.68359375 0.45 0.02265625 0.01796875
0 0.596875 0.446875 0.02421875 0.02265625
0 0.64375 0.47265625 0.02421875 0.0265625
0 0.615625 0.4703125 0.028125 0.03046875
0 0.58359375 0.4890625 0.0328125 0.03203125
0 0.63515625 0.5046875 0.02578125 0.03046875
0 0.6203125 0.52265625 0.034375 0.04296875
0 0.5984375 0.49921875 0.03515625 0.03046875
3 0.55234375 0.4625 0.04609375 0.0453125
0 0.5484375 0.50625 0.03984375 0.04296875
0 0.4953125 0.5015625 0.0390625 0.03046875
0 0.49296875 0.5515625 0.04140625 0.03984375
0 0.3734375 0.56015625 0.04921875 0.04453125
2 0.3984375 0.63125 0.15234375 0.15546875
2 0.55703125 0.56640625 0.09296875 0.10390625
0 0.5 0.63359375 0.06328125 0.07890625
2 0.18671875 0.63984375 0.19140625 0.16328125
0 0.25078125 0.7125 0.08515625 0.05
0 0.096875 0.76875 0.090625 0.07734375
0 0.0140625 0.8390625 0.028125 0.078125
0 0.009375 0.92734375 0.01796875 0.05859375
0 0.1359375 0.8703125 0.1453125 0.1359375
0 0.10234375 0.834375 0.12890625 0.1015625
0 0.0953125 0.96015625 0.15 0.0796875
0 0.303125 0.8390625 0.115625 0.1203125
0 0.31640625 0.66171875 0.03125 0.06640625
0 0.44765625 0.7 0.0640625 0.078125
0 0.77109375 0.45390625 0.01875 0.025
0 0.8296875 0.45234375 0.02109375 0.025
