0 0.1375 0.3703125 0.05234375 0.05234375
3 0.2140625 0.2671875 0.04765625 0.03046875
0 0.25 0.25 0.0296875 0.015625
3 0.2359375 0.25625 0.04140625 0.02734375
3 0.2640625 0.29453125 0.05625 0.0375
2 0.2984375 0.23203125 0.0375 0.05625
0 0.33359375 0.26171875 0.03203125 0.0203125
0 0.359375 0.25390625 0.021875 0.02421875
0 0.3296875 0.20390625 0.03984375 0.02109375
3 0.4078125 0.21640625 0.0171875 0.0359375
0 0.42421875 0.20546875 0.0171875 0.0203125
0 0.44921875 0.18046875 0.0203125 0.02109375
3 0.42265625 0.178125 0.025 0.028125
0 0.421875 0.21640625 0.0125 0.01796875
3 0.515625 0.56328125 0.09296875 0.171875
0 0.61796875 0.5125 0.040625 0.0515625
0 0.86953125 0.39375 0.05546875 0.0421875
3 0.85703125 0.33359375 0.046875 0.04765625
0 0.78203125 0.27265625 0.0265625 0.0234375
0 0.72578125 0.253125 0.0234375 0.02265625
0 0.74140625 0.22109375 0.01875 0.02109375
0 0.709375 0.2203125 0.01875 0.02265625
0 0.68671875 0.18671875 0.0140625 0.01953125
0 0.67734375 0.16953125 0.01015625 0.01171875
0 0.653125 0.20546875 0.0140625 0.01875
3 0.64609375 0.16953125 0.01953125 0.034375
0 0.65703125 0.27578125 0.01953125 0.02421875
0 0.6140625 0.29921875 0.021875 0.03125
0 0.59765625 0.375 0.028125 0.03359375
0 0.48984375 0.85390625 0.0796875 0.10703125
2 0.62109375 0.18515625 0.0203125 0.0375
3 0.51875 0.265625 0.034375 0.04921875
0 0.56171875 0.165625 0.0109375 0.01875
0 0.58828125 0.15703125 0.01171875 0.0140625
0 0.59765625 0.14296875 0.0109375 0.01484375
0 0.5703125 0.15546875 0.009375 0.01328125
3 0.50078125 0.2 0.0171875 0.02265625
0 0.18515625 0.75078125 0.090625 0.1015625
0 0.36796875 0.3453125 0.0359375 0.03984375
0 0.30390625 0.3625 0.040625 0.040625
