0 0.18984375 0.3484375 0.053125 0.0265625
0 0.2578125 0.95078125 0.1 0.0984375
0 0.42421875 0.95859375 0.0953125 0.0828125
0 0.35390625 0.740625 0.084375 0.1828125
0 0.29921875 0.59453125 0.059375 0.0984375
3 0.5796875 0.7390625 0.0609375 0.159375
0 0.41484375 0.521875 0.05078125 0.1015625
0 0.559375 0.509375 0.0390625 0.06015625
0 0.37578125 0.44140625 0.03359375 0.0515625
0 0.4359375 0.45 0.0359375 0.0625
0 0.41796875 0.359375 0.028125 0.03671875
0 0.46171875 0.35859375 0.025 0.028125
0 0.50390625 0.38828125 0.02734375 0.0375
0 0.55078125 0.3734375 0.02890625 0.046875
0 0.50703125 0.34140625 0.0234375 0.03359375
3 0.54765625 0.32421875 0.02421875 0.05234375
0 0.440625 0.3234375 0.02265625 0.03125
0 0.48125 0.3078125 0.01640625 0.02109375
0 0.45 0.30234375 0.01640625 0.0234375
3 0.459375 0.2828125 0.01484375 0.03515625
2 0.48515625 0.278125 0.02578125 0.05546875
0 0.5453125 0.278125 0.01328125 0.01953125
3 0.47421875 0.2546875 0.01640625 0.02734375
0 0.4703125 0.28515625 0.00546875 0.025
2 0.53828125 0.24453125 0.0109375 0.02265625
