0 0.3984375 0.834375 0.06875 0.096875
0 0.47421875 0.9109375 0.065625 0.0984375
0 0.40703125 0.62265625 0.06015625 0.06796875
0 0.5140625 0.8328125 0.06171875 0.09765625
0 0.56015625 0.7609375 0.04609375 0.0984375
0 0.57890625 0.7265625 0.05390625 0.07734375
0 0.60546875 0.671875 0.0453125 0.06953125
0 0.628125 0.62421875 0.03359375 0.05546875
0 0.1953125 0.596875 0.096875 0.06171875
0 0.03046875 0.72109375 0.06015625 0.0484375
0 0.04453125 0.68125 0.0890625 0.0734375
0 0.0890625 0.66171875 0.0765625 0.0859375
0 0.60703125 0.5546875 0.0453125 0.05703125
0 0.70625 0.63828125 0.040625 0.06328125
0 0.78046875 0.628125 0.0375 0.0578125
0 0.73984375 0.5578125 0.03359375 0.04765625
0 0.8375 0.425 0.02734375 0.0375
