0 0.59609375 0.3078125 0.01875 0.0140625
0 0.5921875 0.30078125 0.01875 0.0140625
0 0.58671875 0.25 0.0046875 0.01328125
0 0.421875 0.2640625 0.0234375 0.01640625
0 0.43984375 0.25625 0.01484375 0.01484375
0 0.6046875 0.3140625 0.02890625 0.01796875
0 0.5890625 0.27578125 0.0078125 0.0171875
0 0.359375 0.7109375 0.06328125 0.0875
0 0.41796875 0.7640625 0.05546875 0.1078125
0 0.5046875 0.746875 0.053125 0.09375
0 0.56796875 0.66953125 0.05234375 0.1
3 0.38984375 0.45859375 0.05703125 0.05546875
0 0.49921875 0.51796875 0.03125 0.04921875
0 0.4625 0.46953125 0.028125 0.04453125
0 0.50546875 0.46796875 0.03125 0.0515625
0 0.5046875 0.41015625 0.021875 0.03359375
0 0.475 0.35703125 0.015625 0.02421875
0 0.50234375 0.35859375 0.01796875 0.0265625
0 0.478125 0.3296875 0.015625 0.021875
0 0.6390625 0.44140625 0.0328125 0.04375
0 0.51640625 0.246875 0.0078125 0.01171875
3 0.51015625 0.23984375 0.0203125 0.0203125
3 0.5625 0.24375 0.0203125 0.01640625
3 0.50234375 0.20625 0.00625 0.0140625
