0 0.503125 0.81640625 0.0515625 0.07421875
0 0.30625 0.9 0.0390625 0.0796875
0 0.24453125 0.8875 0.03125 0.090625
0 0.1890625 0.9015625 0.03671875 0.0828125
0 0.28515625 0.8265625 0.034375 0.0796875
3 0.27421875 0.753125 0.03515625 0.0859375
0 0.18515625 0.79453125 0.02890625 0.07109375
0 0.2234375 0.74296875 0.02890625 0.08125
0 0.184375 0.72109375 0.03046875 0.06953125
0 0.22109375 0.68125 0.02578125 0.04609375
0 0.2640625 0.696875 0.0171875 0.0375
0 0.17734375 0.671875 0.0234375 0.04765625
0 0.25703125 0.6546875 0.025 0.0515625
0 0.21875 0.6421875 0.0234375 0.02421875
0 0.234375 0.45546875 0.01640625 0.0265625
0 0.33828125 0.39453125 0.01171875 0.01953125
0 0.36171875 0.396875 0.01015625 0.02109375
