0 0.98984375 0.55234375 0.0203125 0.03359375
0 0.73125 0.57890625 0.05234375 0.02734375
0 0.71640625 0.465625 0.01640625 0.0265625
0 0.68671875 0.46484375 0.0203125 0.02578125
0 0.70078125 0.43203125 0.0359375 0.02265625
0 0.6953125 0.4265625 0.034375 0.01953125
0 0.68203125 0.415625 0.01640625 0.02265625
0 0.6828125 0.37265625 0.015625 0.0203125
0 0.14453125 0.66015625 0.0515625 0.05234375
0 0.18671875 0.62578125 0.0484375 0.0453125
0 0.22421875 0.58828125 0.0421875 0.04296875
0 0.675 0.403125 0.01640625 0.01953125
0 0.59296875 0.5390625 0.0234375 0.02734375
0 0.58828125 0.42109375 0.01796875 0.0203125
0 0.6015625 0.37109375 0.015625 0.01796875
0 0.5328125 0.3734375 0.0140625 0.01875
0 0.56796875 0.3484375 0.0140625 0.0203125
0 0.57265625 0.3390625 0.0109375 0.01640625
0 0.5328125 0.34296875 0.0125 0.01484375
3 0.48359375 0.50234375 0.0296875 0.05859375
0 0.453125 0.571875 0.03125 0.0390625
0 0.43203125 0.60546875 0.0359375 0.04296875
3 0.40078125 0.66171875 0.04453125 0.05234375
0 0.3125 0.646875 0.0421875 0.0453125
0 0.578125 0.32734375 0.009375 0.01484375
0 0.25859375 0.55625 0.0390625 0.0375
0 0.3640625 0.7375 0.04921875 0.06640625
0 0.3140625 0.7203125 0.04609375 0.0515625
0 0.271875 0.69921875 0.05 0.053125
0 0.28203125 0.77109375 0.04609375 0.059375
0 0.32265625 0.8125 0.0578125 0.07109375
0 0.2765625 0.88515625 0.0625 0.07890625
0 0.2203125 0.7734375 0.059375 0.06484375
0 0.16875 0.76171875 0.0625 0.0640625
0 0.2375 0.8390625 0.0625 0.06875
0 0.09921875 0.82578125 0.0796875 0.08984375
0 0.1546875 0.84921875 0.07265625 0.0765625
0 0.2046875 0.8921875 0.0625 0.08125
0 0.23515625 0.9578125 0.08125 0.084375
0 0.13125 0.9625 0.08359375 0.07109375
0 0.1015625 0.928125 0.0890625 0.09375
0 0.0328125 0.92734375 0.06484375 0.1078125
