0 0.13125 0.790625 0.046875 0.06484375
0 0.21796875 0.9265625 0.0625 0.090625
0 0.24375 0.609375 0.02890625 0.04453125
0 0.30078125 0.65625 0.0359375 0.05078125
0 0.41015625 0.68671875 0.04296875 0.0625
0 0.86328125 0.8234375 0.05859375 0.053125
3 0.771875 0.725 0.0546875 0.0671875
0 0.7578125 0.63671875 0.071875 0.04921875
0 0.53828125 0.63125 0.0359375 0.0171875
0 0.5765625 0.45546875 0.0109375 0.02578125
0 0.184375 0.4671875 0.02265625 0.034375
0 0.2609375 0.47421875 0.0171875 0.02734375
0 0.303125 0.47578125 0.01953125 0.0265625
0 0.375 0.41171875 0.0203125 0.0203125
0 0.23125 0.39609375 0.015625 0.02578125
0 0.20703125 0.3859375 0.0171875 0.02421875
2 0.178125 0.34375 0.03125 0.05234375
0 0.26328125 0.29140625 0.01328125 0.015625
0 0.3265625 0.32421875 0.009375 0.015625
