3 0.37421875 0.4765625 0.03203125 0.04921875
0 0.375 0.44140625 0.02578125 0.0328125
3 0.25234375 0.52265625 0.040625 0.0546875
3 0.08046875 0.90234375 0.0875 0.13125
0 0.60546875 0.3140625 0.02890625 0.01953125
0 0.59609375 0.3078125 0.01875 0.0140625
0 0.5921875 0.30078125 0.01875 0.0140625
0 0.44609375 0.24453125 0.0078125 0.01328125
0 0.58671875 0.25 0.0046875 0.01328125
0 0.421875 0.2640625 0.0234375 0.01640625
0 0.43984375 0.25625 0.01484375 0.01484375
0 0.6234375 0.96796875 0.08359375 0.06328125
0 0.41484375 0.76875 0.0578125 0.12109375
0 0.5015625 0.76328125 0.0546875 0.0984375
0 0.56640625 0.71484375 0.04765625 0.0828125
0 0.4390625 0.6296875 0.04453125 0.07109375
0 0.5546875 0.61171875 0.04140625 0.06484375
3 0.4984375 0.5953125 0.04140625 0.0921875
0 0.50078125 0.5453125 0.03046875 0.02890625
0 0.5453125 0.55546875 0.03671875 0.05390625
0 0.44765625 0.553125 0.034375 0.05234375
0 0.45703125 0.5140625 0.028125 0.04296875
0 0.46328125 0.484375 0.0265625 0.04296875
2 0.50234375 0.4828125 0.04765625 0.11796875
3 0.51328125 0.42890625 0.0375 0.09765625
0 0.49375 0.40234375 0.00390625 0.0359375
0 0.503125 0.36328125 0.01796875 0.02578125
0 0.49375 0.32109375 0.015625 0.02109375
0 0.49765625 0.309375 0.0125 0.0203125
0 0.5375 0.28359375 0.0109375 0.01640625
0 0.47890625 0.27421875 0.0109375 0.01328125
0 0.48046875 0.26171875 0.01015625 0.0125
0 0.48125 0.24921875 0.00859375 0.0125
0 0.4828125 0.23671875 0.0078125 0.009375
0 0.49453125 0.26484375 0.009375 0.0125
0 0.49375 0.2546875 0.00859375 0.009375
0 0.4921875 0.24453125 0.0078125 0.009375
0 0.49296875 0.23515625 0.00703125 0.0078125
0 0.49296875 0.2140625 0.0046875 0.00546875
0 0.49296875 0.22734375 0.0046875 0.0078125
