3 0.359375 0.6375 0.021875 0.06328125
0 0.92109375 0.665625 0.05 0.04609375
3 0.1265625 0.96640625 0.14609375 0.06640625
0 0.97734375 0.6984375 0.04453125 0.05546875
3 0.03359375 0.90625 0.0671875 0.06796875
3 0.64765625 0.7828125 0.06015625 0.09765625
0 0.81015625 0.70234375 0.05078125 0.0421875
3 0.68125 0.59375 0.06953125 0.09609375
3 0.5015625 0.59765625 0.0171875 0.03671875
0 0.4265625 0.45546875 0.00546875 0.01328125
0 0.41875 0.4515625 0.00703125 0.0078125
0 0.41484375 0.4453125 0.00625 0.009375
0 0.41640625 0.43515625 0.00625 0.0125
3 0.26875 0.88515625 0.10625 0.1765625
