0 0.0078125 0.7 0.015625 0.0375
0 0.1078125 0.6625 0.09609375 0.0484375
0 0.496875 0.9703125 0.1203125 0.05859375
2 0.7578125 0.93125 0.290625 0.1375
0 0.90390625 0.92890625 0.1703125 0.1421875
0 0.9703125 0.7953125 0.059375 0.078125
0 0.50625 0.7578125 0.06015625 0.0828125
0 0.4046875 0.63984375 0.03984375 0.04296875
0 0.50078125 0.67109375 0.0390625 0.046875
0 0.53828125 0.6296875 0.02734375 0.0328125
0 0.4375 0.5953125 0.02109375 0.03125
0 0.46484375 0.5875 0.01484375 0.0171875
0 0.4875 0.56640625 0.0109375 0.01796875
0 0.4703125 0.57109375 0.0109375 0.01953125
0 0.46953125 0.55625 0.0109375 0.01015625
0 0.503125 0.55703125 0.009375 0.01171875
0 0.48046875 0.54375 0.00625 0.00859375
0 0.46640625 0.5484375 0.0109375 0.01015625
