0 0.29609375 0.85625 0.0265625 0.07109375
0 0.24375 0.89140625 0.0296875 0.071875
0 0.19296875 0.85703125 0.03046875 0.075
0 0.184375 0.79921875 0.03046875 0.065625
3 0.23359375 0.77890625 0.03125 0.1015625
0 0.27109375 0.7453125 0.0296875 0.06171875
0 0.228125 0.71953125 0.03046875 0.05703125
3 0.2578125 0.6828125 0.02890625 0.06640625
0 0.37734375 0.71328125 0.0546875 0.05
0 0.3609375 0.47734375 0.0171875 0.02734375
0 0.3890625 0.415625 0.01484375 0.01953125
0 0.25703125 0.3984375 0.0171875 0.02578125
0 0.30859375 0.34140625 0.01328125 0.01796875
0 0.3546875 0.2671875 0.0125 0.0203125
