0 0.91875 0.66875 0.04921875 0.04296875
0 0.490625 0.678125 0.01796875 0.034375
0 0.48828125 0.58046875 0.015625 0.0203125
0 0.45546875 0.58046875 0.0140625 0.02421875
0 0.43828125 0.5328125 0.0109375 0.01796875
0 0.4234375 0.4984375 0.01015625 0.01484375
0 0.4546875 0.48203125 0.01015625 0.01171875
0 0.4375 0.48125 0.00859375 0.0109375
3 0.4453125 0.46328125 0.0140625 0.0265625
0 0.428125 0.46328125 0.0078125 0.01015625
0 0.41328125 0.475 0.0078125 0.01875
3 0.35703125 0.63671875 0.0234375 0.06875
3 0.33203125 0.78671875 0.07890625 0.20390625
