3 0.9921875 0.5046875 0.015625 0.0421875
0 0.96640625 0.428125 0.0328125 0.02265625
0 0.93359375 0.4265625 0.0296875 0.0234375
0 0.2859375 0.3625 0.01953125 0.01796875
0 0.33125 0.3 0.009375 0.01484375
0 0.20625 0.98125 0.075 0.03671875
0 0.21171875 0.91171875 0.08828125 0.10859375
0 0.3171875 0.8828125 0.0734375 0.0890625
0 0.37890625 0.9234375 0.0734375 0.10390625
0 0.32578125 0.77109375 0.06484375 0.084375
0 0.4203125 0.83828125 0.0625 0.0828125
0 0.46953125 0.7421875 0.05234375 0.0734375
0 0.50859375 0.6734375 0.03828125 0.04921875
3 0.63984375 0.64921875 0.04296875 0.07109375
3 0.53671875 0.60546875 0.0640625 0.0828125
0 0.6015625 0.58515625 0.03515625 0.0375
0 0.56171875 0.5515625 0.03359375 0.03828125
0 0.6609375 0.5125 0.025 0.03046875
0 0.5765625 0.515625 0.02890625 0.03671875
0 0.5875 0.49296875 0.025 0.0328125
0 0.5953125 0.471875 0.02265625 0.028125
0 0.60625 0.45234375 0.0203125 0.02578125
3 0.6953125 0.38125 0.03359375 0.04765625
0 0.51953125 0.3765625 0.01328125 0.02109375
0 0.98359375 0.5828125 0.0328125 0.0375
0 0.57578125 0.37265625 0.01640625 0.021875
0 0.6171875 0.3671875 0.01484375 0.01640625
0 0.59375 0.37109375 0.01328125 0.02109375
0 0.5875 0.359375 0.0125 0.01875
2 0.54375 0.34375 0.0203125 0.0328125
3 0.55 0.3671875 0.021875 0.0359375
0 0.571875 0.33359375 0.01171875 0.01796875
0 0.56015625 0.3109375 0.0109375 0.0125
0 0.5390625 0.325 0.0109375 0.00546875
0 0.52265625 0.3625 0.01484375 0.01796875
0 0.51484375 0.33359375 0.009375 0.01484375
0 0.51875 0.346875 0.0125 0.01875
0 0.55390625 0.28515625 0.00859375 0.01328125
3 0.5671875 0.25859375 0.01171875 0.01875
0 0.5640625 0.27421875 0.009375 0.009375
