3 0.58203125 0.5140625 0.0140625 0.0234375
0 0.0828125 0.6859375 0.040625 0.03828125
0 0.47421875 0.51640625 0.0140625 0.01640625
0 0.31640625 0.521875 0.0203125 0.0109375
0 0.49296875 0.559375 0.0140625 0.01796875
0 0.4734375 0.62421875 0.021875 0.02421875
0 0.31875 0.615625 0.025 0.0265625
0 0.29921875 0.64140625 0.0265625 0.028125
0 0.3140625 0.665625 0.02890625 0.03515625
0 0.27421875 0.6671875 0.0296875 0.0296875
0 0.28828125 0.69375 0.0359375 0.04140625
0 0.25546875 0.68828125 0.03046875 0.034375
0 0.20546875 0.6953125 0.0359375 0.0375
0 0.2328125 0.709375 0.03125 0.02734375
0 0.26953125 0.7265625 0.0265625 0.0390625
3 0.2359375 0.7484375 0.046875 0.0765625
0 0.19921875 0.74765625 0.0390625 0.040625
0 0.1328125 0.75703125 0.05 0.0484375
0 0.1515625 0.79609375 0.05234375 0.0515625
0 0.19921875 0.8046875 0.0453125 0.06015625
0 0.0875 0.80078125 0.0625 0.0640625
0 0.103125 0.85078125 0.0625 0.06328125
0 0.14296875 0.87421875 0.0671875 0.06953125
0 0.034375 0.8609375 0.06875 0.06796875
0 0.02421875 0.93984375 0.0484375 0.07421875
0 0.02265625 0.98828125 0.0453125 0.02265625
0 0.0703125 0.9578125 0.07109375 0.0828125
0 0.13203125 0.97265625 0.0796875 0.0546875
