0 0.17265625 0.4515625 0.065625 0.046875
0 0.39609375 0.390625 0.02734375 0.0375
0 0.51875 0.29453125 0.01640625 0.0234375
3 0.4078125 0.67109375 0.075 0.16875
0 0.14375 0.96796875 0.09609375 0.06328125
0 0.4125 0.56875 0.04296875 0.065625
0 0.39375 0.50859375 0.04453125 0.059375
0 0.4953125 0.43125 0.028125 0.04140625
0 0.540625 0.428125 0.0296875 0.03984375
0 0.52109375 0.38828125 0.02734375 0.034375
0 0.60546875 0.36015625 0.0203125 0.0265625
0 0.5484375 0.34375 0.02109375 0.03203125
0 0.56875 0.30703125 0.01796875 0.02421875
0 0.54453125 0.30234375 0.0140625 0.01875
0 0.646875 0.33828125 0.01953125 0.0296875
0 0.56953125 0.27109375 0.0125 0.01796875
0 0.596875 0.253125 0.01015625 0.01640625
0 0.5875 0.246875 0.01015625 0.01328125
0 0.61875 0.240625 0.01015625 0.01328125
