0 0.98984375 0.55234375 0.0203125 0.03359375
0 0.73125 0.57890625 0.05234375 0.02734375
0 0.71640625 0.465625 0.01640625 0.0265625
0 0.70078125 0.43203125 0.0359375 0.02265625
0 0.6953125 0.4265625 0.034375 0.01953125
0 0.68203125 0.415625 0.01640625 0.02265625
0 0.6828125 0.37265625 0.015625 0.0203125
0 0.70234375 0.40390625 0.03359375 0.01875
0 0.61796875 0.40078125 0.0140625 0.021875
0 0.5984375 0.3875 0.015625 0.0203125
0 0.6015625 0.38125 0.01484375 0.0203125
0 0.57734375 0.3734375 0.01796875 0.0171875
0 0.5734375 0.38046875 0.015625 0.01875
0 0.57109375 0.3921875 0.015625 0.0171875
0 0.5078125 0.34609375 0.01484375 0.01796875
2 0.5109375 0.3328125 0.021875 0.0296875
0 0.5296875 0.35 0.01171875 0.01640625
0 0.54765625 0.34765625 0.0140625 0.0203125
3 0.571875 0.3359375 0.01484375 0.0296875
3 0.34921875 0.46328125 0.0265625 0.0359375
0 0.3890625 0.4921875 0.02890625 0.034375
0 0.4328125 0.48359375 0.025 0.02578125
0 0.41875 0.50078125 0.02734375 0.03515625
0 0.44765625 0.509375 0.0296875 0.0359375
3 0.46484375 0.53515625 0.0328125 0.05390625
0 0.43203125 0.53203125 0.0296875 0.03828125
0 0.39140625 0.5390625 0.0328125 0.03671875
0 0.375 0.515625 0.028125 0.03125
0 0.353125 0.540625 0.03125 0.03515625
0 0.37421875 0.56484375 0.0328125 0.0375
0 0.415625 0.565625 0.03125 0.03515625
0 0.44375 0.5875 0.03359375 0.0421875
0 0.45625 0.5625 0.0296875 0.0328125
0 0.3203125 0.57265625 0.03515625 0.0375
0 0.35546875 0.59140625 0.03515625 0.0421875
0 0.396875 0.5875 0.03203125 0.04296875
0 0.38046875 0.61640625 0.03203125 0.03984375
0 0.43125 0.6109375 0.0328125 0.04140625
0 0.4109375 0.64921875 0.03828125 0.04765625
0 0.28671875 0.6125 0.03671875 0.03828125
0 0.325 0.6296875 0.04140625 0.04609375
0 0.3609375 0.64296875 0.040625 0.05078125
0 0.390625 0.68671875 0.04375 0.04765625
3 0.26015625 0.64375 0.0484375 0.05078125
0 0.28203125 0.67578125 0.04296875 0.04921875
0 0.33828125 0.68125 0.0484375 0.06171875
0 0.36640625 0.72890625 0.05078125 0.0578125
0 0.18984375 0.61953125 0.0484375 0.0484375
0 0.14921875 0.65859375 0.05234375 0.0515625
0 0.21640625 0.69453125 0.04140625 0.05703125
0 0.3015625 0.74296875 0.053125 0.05859375
0 0.34140625 0.7890625 0.0515625 0.06484375
0 0.25390625 0.7234375 0.0484375 0.0546875
0 0.265625 0.79765625 0.05625 0.06640625
0 0.20859375 0.7671875 0.06484375 0.08359375
0 0.1765625 0.7484375 0.05234375 0.05546875
0 0.128125 0.78984375 0.065625 0.07265625
0 0.1703125 0.82890625 0.06015625 0.07890625
0 0.22578125 0.84921875 0.07109375 0.08515625
0 0.28828125 0.86875 0.065625 0.090625
0 0.253125 0.9484375 0.06875 0.0890625
0 0.1703125 0.9390625 0.084375 0.0953125
0 0.06953125 0.865625 0.07734375 0.0765625
0 0.09140625 0.93671875 0.090625 0.109375
0 0.01875 0.94140625 0.0375 0.0828125
