3 0.359375 0.6375 0.021875 0.06328125
0 0.91953125 0.665625 0.04765625 0.04609375
3 0.10390625 0.97421875 0.10078125 0.0515625
0 0.97265625 0.69140625 0.05390625 0.05625
0 0.47578125 0.784375 0.040625 0.05625
0 0.4640625 0.7390625 0.0375 0.05078125
0 0.45 0.690625 0.03046875 0.0515625
0 0.65625 0.82265625 0.0359375 0.04296875
0 0.54375 0.634375 0.02109375 0.02265625
0 0.4828125 0.65703125 0.0203125 0.034375
3 0.4265625 0.61328125 0.02421875 0.0390625
2 0.39375 0.51953125 0.01875 0.0484375
3 0.53046875 0.7671875 0.04921875 0.08359375
0 0.45703125 0.58203125 0.01171875 0.02578125
3 0.47421875 0.53671875 0.0140625 0.02421875
0 0.43828125 0.52578125 0.0109375 0.0234375
0 0.42578125 0.50390625 0.0078125 0.01484375
0 0.4203125 0.48984375 0.0078125 0.01484375
0 0.4546875 0.48203125 0.009375 0.0109375
0 0.38203125 0.48046875 0.0109375 0.01171875
3 0.4140625 0.46953125 0.00625 0.01796875
3 0.24296875 0.853125 0.10078125 0.1765625
