0 0.98984375 0.55234375 0.0203125 0.03359375
0 0.73125 0.57890625 0.05234375 0.02734375
0 0.71640625 0.465625 0.01640625 0.0265625
0 0.68671875 0.46484375 0.0203125 0.02578125
0 0.70078125 0.43203125 0.0359375 0.02265625
0 0.6953125 0.4265625 0.034375 0.01953125
0 0.68203125 0.415625 0.01640625 0.02265625
0 0.6828125 0.37265625 0.015625 0.0203125
0 0.14453125 0.66015625 0.0515625 0.05234375
0 0.18671875 0.62578125 0.0484375 0.0453125
0 0.22421875 0.58828125 0.0421875 0.04296875
2 0.528125 0.31484375 0.01875 0.03046875
2 0.48828125 0.45234375 0.0328125 0.0671875
0 0.56875 0.3984375 0.015625 0.01875
0 0.596875 0.39453125 0.01875 0.02109375
0 0.484375 0.36953125 0.01875 0.01875
0 0.4953125 0.359375 0.01484375 0.01484375
0 0.50703125 0.35 0.01484375 0.0171875
0 0.54765625 0.34921875 0.0140625 0.01875
0 0.5703125 0.34296875 0.0125 0.015625
0 0.55625 0.33515625 0.0125 0.0171875
0 0.54609375 0.325 0.0109375 0.01640625
0 0.53125 0.34375 0.0140625 0.01953125
0 0.57421875 0.334375 0.01171875 0.0140625
0 0.54921875 0.31640625 0.01171875 0.01640625
0 0.5640625 0.32421875 0.0125 0.01328125
0 0.6265625 0.36171875 0.015625 0.0171875
0 0.428125 0.4875 0.02578125 0.03046875
0 0.4703125 0.53203125 0.02734375 0.03203125
0 0.41328125 0.50625 0.02734375 0.0328125
0 0.40078125 0.5234375 0.0265625 0.03359375
0 0.38125 0.5546875 0.03125 0.0375
0 0.52109375 0.690625 0.0390625 0.04765625
0 0.3828125 0.43359375 0.034375 0.025
0 0.35 0.59453125 0.03984375 0.04765625
0 0.31953125 0.634375 0.03671875 0.0421875
3 0.4625 0.94140625 0.06171875 0.1171875
0 0.2234375 0.640625 0.04453125 0.04375
0 0.2890625 0.66953125 0.0359375 0.04296875
0 0.328125 0.7015625 0.04765625 0.0515625
0 0.36796875 0.73046875 0.05 0.06328125
0 0.3328125 0.78203125 0.05546875 0.07890625
0 0.28125 0.76328125 0.0546875 0.0640625
0 0.26015625 0.71640625 0.053125 0.05234375
0 0.18828125 0.734375 0.05625 0.05703125
0 0.228125 0.7609375 0.0546875 0.05859375
0 0.1265625 0.72890625 0.06328125 0.06015625
0 0.12578125 0.79921875 0.0671875 0.0796875
0 0.17578125 0.815625 0.06640625 0.07734375
0 0.23203125 0.84140625 0.06875 0.07578125
0 0.3046875 0.85 0.053125 0.065625
0 0.26328125 0.92578125 0.078125 0.103125
0 0.159375 0.9546875 0.0875 0.090625
0 0.1125 0.9109375 0.078125 0.084375
0 0.0359375 0.909375 0.071875 0.1125
1 0.6484375 0.5234375 0.02578125 0.053125
