0 0.95625 0.5140625 0.0578125 0.03125
0 0.946875 0.50234375 0.065625 0.034375
0 0.9453125 0.49453125 0.075 0.0359375
0 0.4953125 0.44453125 0.034375 0.02109375
0 0.49140625 0.4578125 0.02890625 0.02421875
0 0.684375 0.40703125 0.01640625 0.01484375
0 0.7078125 0.4328125 0.01953125 0.01796875
0 0.6828125 0.44765625 0.01796875 0.01875
0 0.7875 0.528125 0.02421875 0.0296875
0 0.653125 0.44765625 0.02421875 0.02109375
0 0.64609375 0.434375 0.0203125 0.0171875
3 0.6515625 0.4703125 0.02734375 0.02890625
0 0.62578125 0.4609375 0.028125 0.02265625
0 0.6203125 0.4921875 0.034375 0.040625
0 0.58125 0.49140625 0.0375 0.03515625
0 0.54140625 0.49296875 0.0328125 0.034375
0 0.575 0.52890625 0.03671875 0.0375
0 0.5140625 0.54296875 0.03984375 0.0328125
0 0.4390625 0.55390625 0.046875 0.0421875
0 0.4734375 0.60390625 0.05390625 0.05390625
3 0.3828125 0.62734375 0.06953125 0.0578125
0 0.690625 0.73515625 0.0984375 0.0703125
0 0.31015625 0.86640625 0.09921875 0.11875
0 0.0515625 0.9625 0.103125 0.075
3 0.24921875 0.6859375 0.09921875 0.09765625
2 0.2078125 0.67109375 0.115625 0.121875
0 0.5203125 0.4359375 0.0328125 0.02421875
