0 0.55 0.30078125 0.0296875 0.0421875
0 0.55 0.27734375 0.03046875 0.02734375
0 0.528125 0.26875 0.0203125 0.03125
0 0.47578125 0.27109375 0.028125 0.03828125
0 0.49453125 0.28125 0.034375 0.02109375
0 0.50078125 0.2703125 0.02421875 0.01875
0 0.553125 0.26015625 0.01953125 0.00703125
0 0.01484375 0.93984375 0.02890625 0.10390625
0 0.26875 0.690625 0.05390625 0.11875
0 0.35546875 0.665625 0.07109375 0.1515625
0 0.44921875 0.6859375 0.06484375 0.12578125
0 0.47890625 0.57734375 0.06953125 0.11015625
0 0.4125 0.58828125 0.059375 0.0984375
0 0.32109375 0.5359375 0.05078125 0.08046875
0 0.36484375 0.4796875 0.046875 0.0796875
0 0.2359375 0.44765625 0.03828125 0.0578125
0 0.2828125 0.421875 0.0390625 0.0765625
0 0.2984375 0.3578125 0.03046875 0.04140625
0 0.1765625 0.365625 0.02890625 0.04140625
0 0.22421875 0.359375 0.0296875 0.0453125
0 0.20546875 0.29921875 0.025 0.0359375
0 0.234375 0.2796875 0.021875 0.0359375
3 0.27421875 0.284375 0.02421875 0.0359375
0 0.296875 0.278125 0.021875 0.0296875
2 0.25703125 0.23203125 0.02265625 0.040625
0 0.91171875 0.68203125 0.09921875 0.09375
0 0.6328125 0.44296875 0.059375 0.0515625
0 0.515625 0.4296875 0.04765625 0.05078125
0 0.48515625 0.37890625 0.034375 0.040625
3 0.35625 0.35625 0.03515625 0.0796875
0 0.3890625 0.2765625 0.025 0.02734375
0 0.21640625 0.240625 0.015625 0.021875
0 0.15703125 0.2125 0.01015625 0.0171875
0 0.22578125 0.22109375 0.0125 0.01875
0 0.265625 0.209375 0.0109375 0.01640625
0 0.2171875 0.2140625 0.0109375 0.01953125
2 0.18984375 0.20078125 0.01484375 0.01953125
0 0.178125 0.2 0.00625 0.01015625
0 0.23828125 0.209375 0.01015625 0.0109375
0 0.209375 0.2109375 0.00546875 0.0125
