3 0.58359375 0.51171875 0.0171875 0.0265625
0 0.0828125 0.6859375 0.040625 0.03828125
0 0.578125 0.5875 0.046875 0.025
0 0.04453125 0.6828125 0.0359375 0.03984375
0 0.43359375 0.4984375 0.0109375 0.01484375
0 0.3171875 0.61328125 0.02265625 0.02734375
0 0.38515625 0.684375 0.03125 0.03671875
0 0.3046875 0.634375 0.0265625 0.02734375
0 0.284375 0.65234375 0.02890625 0.0296875
3 0.2609375 0.678125 0.04609375 0.0375
0 0.22734375 0.71640625 0.0421875 0.03828125
0 0.25234375 0.73828125 0.0421875 0.040625
0 0.196875 0.753125 0.04609375 0.04296875
0 0.26953125 0.7796875 0.03984375 0.04296875
0 0.2390625 0.82890625 0.0515625 0.065625
0 0.12265625 0.76953125 0.04375 0.0515625
0 0.1515625 0.7953125 0.05703125 0.06328125
0 0.16953125 0.83984375 0.05625 0.065625
0 0.18125 0.9 0.06640625 0.08203125
0 0.10859375 0.84375 0.05546875 0.0609375
0 0.1234375 0.89296875 0.06953125 0.0796875
0 0.0359375 0.921875 0.071875 0.07421875
0 0.05234375 0.96953125 0.0859375 0.0609375
0 0.13046875 0.9703125 0.0703125 0.059375
