0 0.1375 0.3703125 0.05234375 0.05234375
3 0.2140625 0.2671875 0.04765625 0.03046875
0 0.25 0.25 0.0296875 0.015625
3 0.2359375 0.25625 0.04140625 0.02734375
3 0.25859375 0.29453125 0.0671875 0.0375
2 0.2984375 0.23203125 0.0375 0.05625
0 0.33359375 0.26171875 0.03203125 0.0203125
0 0.359375 0.25390625 0.021875 0.02421875
0 0.3296875 0.20390625 0.03984375 0.02109375
3 0.4078125 0.21640625 0.0171875 0.0359375
0 0.42421875 0.20546875 0.0171875 0.0203125
0 0.44921875 0.18046875 0.0203125 0.02109375
3 0.42265625 0.178125 0.025 0.028125
0 0.421875 0.21640625 0.0125 0.01796875
0 0.60390625 0.1359375 0.0109375 0.0140625
0 0.58359375 0.13828125 0.0109375 0.01328125
0 0.571875 0.15 0.0125 0.01328125
0 0.55859375 0.171875 0.0140625 0.01875
0 0.56875 0.125 0.0078125 0.01171875
2 0.55703125 0.128125 0.01484375 0.0234375
0 0.640625 0.15078125 0.01171875 0.015625
0 0.6421875 0.1671875 0.01171875 0.01328125
0 0.64765625 0.18671875 0.0140625 0.021875
0 0.65390625 0.20546875 0.01328125 0.01796875
3 0.63203125 0.20625 0.01953125 0.025
0 0.77890625 0.27109375 0.03046875 0.02578125
0 0.88203125 0.35234375 0.04453125 0.03046875
0 0.54296875 0.2265625 0.0171875 0.021875
0 0.49453125 0.1875 0.0125 0.015625
3 0.5078125 0.19453125 0.01328125 0.0203125
0 0.49140625 0.22109375 0.0171875 0.021875
0 0.48203125 0.23046875 0.02109375 0.02265625
3 0.53984375 0.3015625 0.0265625 0.053125
0 0.521875 0.27578125 0.01796875 0.03515625
0 0.4765625 0.2453125 0.0171875 0.02109375
0 0.46484375 0.2578125 0.02109375 0.02578125
0 0.4234375 0.2640625 0.02578125 0.025
0 0.440625 0.27890625 0.02890625 0.02890625
0 0.4171875 0.303125 0.03203125 0.0328125
0 0.38125 0.3015625 0.03046875 0.02890625
0 0.459375 0.38671875 0.03671875 0.040625
3 0.40859375 0.54921875 0.05859375 0.0671875
0 0.265625 0.65625 0.06953125 0.07734375
0 0.34140625 0.328125 0.0359375 0.03984375
0 0.365625 0.35078125 0.03828125 0.0375
0 0.30546875 0.40078125 0.05 0.04609375
0 0.1328125 0.52734375 0.084375 0.06953125
0 0.1015625 0.5 0.0796875 0.06171875
