0 0.06875 0.3390625 0.015625 0.0234375
0 0.1 0.35703125 0.01953125 0.025
0 0.103125 0.38046875 0.01796875 0.0234375
0 0.07890625 0.39296875 0.025 0.0296875
0 0.20078125 0.40078125 0.02421875 0.0265625
0 0.09453125 0.5078125 0.028125 0.0484375
0 0.253125 0.48125 0.02265625 0.04140625
0 0.21640625 0.5703125 0.03984375 0.0546875
0 0.24765625 0.61171875 0.040625 0.05078125
0 0.30703125 0.5734375 0.04375 0.0546875
0 0.67890625 0.95 0.08125 0.09921875
0 0.76875 0.9671875 0.075 0.065625
0 0.79921875 0.65703125 0.04375 0.06796875
0 0.86171875 0.67890625 0.0421875 0.06796875
0 0.7609375 0.590625 0.03828125 0.0546875
0 0.7234375 0.55625 0.0359375 0.05546875
0 0.7421875 0.5171875 0.03515625 0.05078125
0 0.77734375 0.534375 0.0359375 0.05
0 0.84140625 0.49921875 0.03203125 0.04140625
0 0.884375 0.5234375 0.02890625 0.0421875
0 0.859375 0.4421875 0.021875 0.0328125
0 0.9 0.42109375 0.01796875 0.03515625
0 0.8734375 0.390625 0.02109375 0.02734375
