0 0.0625 0.97265625 0.090625 0.0546875
0 0.159375 0.95625 0.1015625 0.0875
0 0.17109375 0.89140625 0.0921875 0.1046875
0 0.24453125 0.90859375 0.090625 0.1390625
0 0.3140625 0.93203125 0.07109375 0.0984375
0 0.3625 0.965625 0.08515625 0.06875
0 0.375 0.8640625 0.07734375 0.10390625
0 0.42421875 0.91484375 0.07421875 0.10234375
0 0.321875 0.84765625 0.06953125 0.08671875
0 0.25234375 0.8328125 0.07265625 0.0765625
0 0.3125 0.796875 0.07265625 0.0890625
0 0.38203125 0.790625 0.06171875 0.08125
0 0.43828125 0.80625 0.06796875 0.0953125
0 0.490625 0.8359375 0.06953125 0.0875
0 0.37265625 0.73515625 0.06171875 0.06953125
0 0.43828125 0.74375 0.0609375 0.0765625
0 0.49296875 0.753125 0.059375 0.078125
0 0.53359375 0.7875 0.05703125 0.08046875
0 0.421875 0.7 0.05625 0.065625
0 0.45234375 0.65859375 0.01875 0.0515625
3 0.4828125 0.67578125 0.06015625 0.109375
0 0.5296875 0.71640625 0.0484375 0.06015625
0 0.5671875 0.73984375 0.0546875 0.08671875
0 0.50859375 0.61875 0.0453125 0.0328125
0 0.528125 0.659375 0.0328125 0.0625
3 0.60546875 0.67421875 0.03984375 0.11875
0 0.565625 0.6640625 0.03984375 0.06640625
0 0.5390625 0.603125 0.0375 0.04921875
0 0.63828125 0.6734375 0.02578125 0.0640625
0 0.56796875 0.61640625 0.04453125 0.05546875
3 0.5671875 0.5671875 0.05 0.04921875
0 0.59453125 0.5890625 0.034375 0.0546875
0 0.5953125 0.55234375 0.03828125 0.0390625
0 0.61640625 0.57578125 0.02890625 0.04921875
0 0.6390625 0.60390625 0.03671875 0.04375
0 0.64921875 0.64375 0.03828125 0.05546875
0 0.67890625 0.6171875 0.034375 0.05234375
0 0.66171875 0.578125 0.0359375 0.05078125
0 0.646875 0.55078125 0.03203125 0.046875
0 0.528125 0.51796875 0.06328125 0.04140625
0 0.35859375 0.4875 0.0328125 0.04296875
0 0.734375 0.49453125 0.03203125 0.0375
0 0.66328125 0.52421875 0.0265625 0.040625
0 0.6828125 0.50625 0.0265625 0.0421875
0 0.7015625 0.4890625 0.0234375 0.04296875
0 0.72734375 0.45546875 0.028125 0.03359375
0 0.7421875 0.41171875 0.0328125 0.040625
0 0.7703125 0.4109375 0.034375 0.034375
0 0.66484375 0.95703125 0.0640625 0.0859375
