3 0.359375 0.6375 0.021875 0.06328125
0 0.91953125 0.665625 0.04765625 0.04609375
3 0.10390625 0.97421875 0.10078125 0.0515625
0 0.97265625 0.69140625 0.05390625 0.05625
0 0.40625 0.56640625 0.01875 0.02421875
0 0.63671875 0.78671875 0.0375 0.046875
0 0.56328125 0.721875 0.0265625 0.03359375
3 0.48984375 0.5265625 0.02734375 0.05859375
3 0.54296875 0.62265625 0.0203125 0.034375
0 0.50859375 0.6171875 0.01953125 0.028125
0 0.45390625 0.50546875 0.00859375 0.0125
3 0.24375 0.8546875 0.09140625 0.18203125
