0 0.18359375 0.83046875 0.03125 0.07578125
0 0.23828125 0.83125 0.03359375 0.071875
0 0.28671875 0.78984375 0.034375 0.0625
0 0.184375 0.75234375 0.0328125 0.07109375
0 0.22578125 0.7515625 0.02890625 0.06484375
0 0.21875 0.69375 0.02421875 0.05078125
0 0.2953125 0.6875 0.025 0.05625
0 0.4 0.66796875 0.05234375 0.0515625
0 0.2078125 0.446875 0.015625 0.03359375
0 0.24375 0.42890625 0.01796875 0.02578125
0 0.2859375 0.31796875 0.0140625 0.015625
0 0.3578125 0.309375 0.01171875 0.0171875
0 0.35390625 0.27265625 0.01171875 0.0125
