0 0.59140625 0.48671875 0.021875 0.0234375
0 0.03515625 0.70859375 0.0703125 0.0765625
0 0.08125 0.68125 0.125 0.075
0 0.14375 0.6515625 0.05546875 0.07890625
3 0.54921875 0.8875 0.19375 0.225
3 0.03828125 0.91640625 0.07578125 0.1671875
0 0.4828125 0.4078125 0.00546875 0.009375
0 0.4953125 0.41640625 0.0078125 0.00859375
0 0.50078125 0.4296875 0.009375 0.00859375
0 0.48046875 0.42890625 0.0078125 0.01015625
3 0.4625 0.40703125 0.01484375 0.01171875
0 0.50234375 0.4390625 0.00703125 0.0125
0 0.50546875 0.44453125 0.00859375 0.01328125
0 0.4765625 0.425 0.00625 0.00859375
3 0.51640625 0.465625 0.015625 0.02734375
0 0.471875 0.434375 0.00703125 0.0078125
0 0.46484375 0.43515625 0.00546875 0.01015625
0 0.4609375 0.4375 0.00859375 0.009375
0 0.46015625 0.44375 0.01015625 0.0109375
0 0.4765625 0.44140625 0.01015625 0.01875
2 0.4453125 0.43359375 0.0171875 0.034375
0 0.490625 0.44453125 0.01015625 0.01328125
0 0.49453125 0.46171875 0.0125 0.015625
0 0.49609375 0.471875 0.0140625 0.0171875
0 0.49765625 0.4875 0.01640625 0.02734375
0 0.50546875 0.51171875 0.01953125 0.028125
0 0.50859375 0.53984375 0.025 0.03515625
0 0.51328125 0.565625 0.02890625 0.03984375
0 0.446875 0.47890625 0.015625 0.00859375
0 0.4375 0.51640625 0.021875 0.0296875
0 0.35234375 0.5390625 0.053125 0.03515625
0 0.428125 0.55 0.025 0.03828125
0 0.578125 0.634375 0.04140625 0.05859375
0 0.4109375 0.5984375 0.0375 0.05078125
0 0.4046875 0.65546875 0.05 0.08203125
0 0.40859375 0.62421875 0.03203125 0.03359375
0 0.42890625 0.7515625 0.0578125 0.109375
0 0.33046875 0.74453125 0.059375 0.10390625
0 0.18046875 0.84375 0.1359375 0.15703125
0 0.29296875 0.5296875 0.0140625 0.02421875
