0 0.29609375 0.95859375 0.13046875 0.08203125
0 0.20703125 0.83984375 0.14140625 0.20703125
0 0.94453125 0.81171875 0.1109375 0.0890625
0 0.42109375 0.68515625 0.05234375 0.07734375
0 0.44375 0.64375 0.0359375 0.04453125
0 0.56484375 0.63828125 0.05 0.0359375
0 0.50859375 0.61328125 0.02734375 0.0359375
0 0.4921875 0.60390625 0.01796875 0.02421875
0 0.51875 0.5921875 0.01796875 0.01796875
0 0.5 0.59140625 0.01875 0.01328125
0 0.49140625 0.58828125 0.01640625 0.0203125
0 0.50625 0.58125 0.01875 0.025
0 0.4671875 0.58125 0.0140625 0.01796875
0 0.4640625 0.56953125 0.01171875 0.01640625
2 0.49609375 0.56171875 0.01796875 0.03046875
2 0.48984375 0.55546875 0.0125 0.0296875
2 0.46171875 0.5484375 0.01328125 0.0265625
0 0.47265625 0.5609375 0.0078125 0.0125
