0 0.04296875 0.89609375 0.0859375 0.08515625
3 0.35703125 0.6359375 0.0203125 0.06953125
0 0.42265625 0.6140625 0.0234375 0.04375
3 0.59296875 0.76875 0.053125 0.096875
0 0.52578125 0.76328125 0.0265625 0.0515625
0 0.4859375 0.67109375 0.02109375 0.03203125
0 0.51953125 0.65546875 0.02109375 0.0265625
3 0.44765625 0.57578125 0.028125 0.03828125
3 0.43984375 0.53828125 0.01171875 0.028125
0 0.4546875 0.51875 0.0125 0.01484375
0 0.428125 0.51875 0.0125 0.01640625
0 0.45859375 0.49453125 0.01171875 0.01484375
0 0.4140625 0.48203125 0.009375 0.01484375
3 0.18359375 0.9140625 0.14453125 0.171875
