0 0.37421875 0.4765625 0.03203125 0.04921875
0 0.375 0.44140625 0.02578125 0.0328125
3 0.25234375 0.52265625 0.040625 0.0546875
3 0.08046875 0.90234375 0.0875 0.13125
0 0.60546875 0.3140625 0.02890625 0.01953125
0 0.59609375 0.3078125 0.01875 0.0140625
0 0.5921875 0.30078125 0.01875 0.0140625
0 0.44609375 0.24453125 0.0078125 0.01328125
0 0.58671875 0.25 0.0046875 0.01328125
0 0.421875 0.2640625 0.0234375 0.01640625
0 0.43984375 0.25625 0.01484375 0.01484375
0 0.44375 0.63515625 0.05234375 0.0875
0 0.5046875 0.4890625 0.0296875 0.0484375
0 0.46953125 0.42109375 0.02265625 0.034375
0 0.4234375 0.31796875 0.02265625 0.02265625
0 0.4796875 0.32265625 0.0203125 0.01953125
0 0.4828125 0.23671875 0.00859375 0.01015625
0 0.49375 0.23203125 0.00703125 0.0203125
0 0.52109375 0.23203125 0.00703125 0.01171875
0 0.503125 0.21328125 0.0046875 0.00625
