0 0.1375 0.3703125 0.05234375 0.05234375
3 0.2140625 0.2671875 0.04765625 0.03046875
0 0.25 0.25 0.0296875 0.015625
0 0.2359375 0.25625 0.04140625 0.02734375
3 0.2640625 0.29453125 0.05625 0.0375
2 0.30390625 0.22578125 0.0359375 0.04765625
0 0.3328125 0.26015625 0.03359375 0.02265625
0 0.359375 0.25390625 0.021875 0.02421875
3 0.4078125 0.21640625 0.0171875 0.0359375
0 0.42421875 0.20546875 0.0171875 0.0203125
0 0.44921875 0.18046875 0.0203125 0.02109375
3 0.42265625 0.178125 0.025 0.028125
0 0.421875 0.21640625 0.0125 0.01796875
0 0.10625 0.32265625 0.02265625 0.0296875
0 0.3734375 0.2 0.02109375 0.02109375
0 0.3328125 0.20390625 0.03671875 0.02265625
3 0.70546875 0.71328125 0.071875 0.15625
0 0.59921875 0.571875 0.04921875 0.059375
0 0.23125 0.69140625 0.0859375 0.1015625
3 0.38359375 0.46796875 0.0796875 0.11640625
0 0.50546875 0.390625 0.03203125 0.04453125
0 0.4875 0.346875 0.0296875 0.03671875
0 0.6453125 0.37734375 0.03203125 0.0453125
3 0.65546875 0.22890625 0.02734375 0.04765625
0 0.65078125 0.1875 0.015625 0.01484375
2 0.5609375 0.1625 0.01875 0.03125
0 0.58515625 0.17109375 0.0140625 0.01953125
0 0.54453125 0.1859375 0.0171875 0.021875
0 0.54375 0.20703125 0.01796875 0.02109375
0 0.5703125 0.21875 0.01640625 0.02265625
0 0.5625 0.25234375 0.02109375 0.02890625
0 0.52734375 0.25625 0.02109375 0.02890625
0 0.5453125 0.1546875 0.01171875 0.01484375
0 0.51328125 0.15859375 0.0109375 0.0140625
0 0.5109375 0.190625 0.015625 0.01953125
0 0.503125 0.2015625 0.01640625 0.0171875
3 0.48125 0.19921875 0.01875 0.02734375
0 0.49296875 0.21640625 0.0171875 0.021875
0 0.4828125 0.22890625 0.01953125 0.02265625
0 0.4734375 0.24453125 0.02109375 0.02578125
0 0.465625 0.2171875 0.01875 0.02109375
0 0.45390625 0.23125 0.02265625 0.0265625
0 0.45390625 0.26640625 0.0265625 0.028125
0 0.4359375 0.25078125 0.021875 0.02265625
0 0.40546875 0.28203125 0.0296875 0.0296875
0 0.3921875 0.328125 0.03515625 0.03671875
0 0.359375 0.31484375 0.03515625 0.03203125
3 0.27578125 0.36875 0.05390625 0.06875
3 0.1515625 0.4671875 0.0765625 0.05859375
3 0.18828125 0.48671875 0.078125 0.06171875
0 0.65078125 0.3 0.0375 0.05859375
