3 0.76953125 0.48046875 0.04140625 0.08359375
0 0.37421875 0.25546875 0.01640625 0.02265625
0 0.39375 0.25390625 0.01328125 0.025
2 0.4125 0.24375 0.0234375 0.0390625
2 0.503125 0.25390625 0.021875 0.05078125
2 0.3390625 0.32578125 0.053125 0.0734375
2 0.58828125 0.415625 0.0484375 0.08359375
2 0.6296875 0.48125 0.06015625 0.13828125
2 0.6890625 0.55390625 0.08125 0.13515625
2 0.77265625 0.696875 0.115625 0.215625
0 0.50625 0.3171875 0.01796875 0.0296875
0 0.51484375 0.28984375 0.01796875 0.02734375
0 0.528125 0.2625 0.01640625 0.021875
0 0.5328125 0.275 0.01484375 0.01953125
0 0.53984375 0.28359375 0.015625 0.0203125
0 0.54453125 0.29609375 0.01875 0.0265625
3 0.59140625 0.3359375 0.021875 0.053125
0 0.59921875 0.36171875 0.0203125 0.021875
0 0.62109375 0.3734375 0.04375 0.0359375
0 0.553125 0.3609375 0.02109375 0.03203125
0 0.56796875 0.3828125 0.02265625 0.03125
0 0.92578125 0.76484375 0.0671875 0.1015625
0 0.30625 0.36484375 0.01875 0.03046875
0 0.29765625 0.3734375 0.021875 0.0328125
0 0.29140625 0.39453125 0.021875 0.0390625
0 0.28125 0.42265625 0.0265625 0.07421875
0 0.46015625 0.40078125 0.04140625 0.0484375
0 0.540625 0.34140625 0.02578125 0.0328125
0 0.4453125 0.44296875 0.046875 0.0453125
0 0.365625 0.45546875 0.03046875 0.05078125
0 0.35859375 0.49609375 0.02890625 0.04375
0 0.50625 0.48671875 0.0359375 0.04609375
0 0.34296875 0.55859375 0.0421875 0.08125
0 0.365625 0.55 0.0125 0.05859375
0 0.52109375 0.5484375 0.0390625 0.07265625
0 0.5453125 0.63125 0.0484375 0.0875
0 0.57578125 0.696875 0.05 0.08203125
0 0.3421875 0.625 0.04296875 0.06796875
0 0.33203125 0.6609375 0.046875 0.07734375
0 0.41171875 0.6765625 0.05 0.07578125
0 0.20546875 0.6078125 0.04609375 0.06796875
0 0.2671875 0.60546875 0.04375 0.071875
0 0.25 0.68671875 0.05390625 0.078125
0 0.14453125 0.73203125 0.0609375 0.1046875
0 0.21484375 0.8109375 0.06640625 0.125
0 0.32265625 0.7265625 0.05625 0.07734375
0 0.4109375 0.7578125 0.059375 0.0921875
0 0.503125 0.6890625 0.05625 0.06171875
0 0.3140625 0.78125 0.0578125 0.09921875
0 0.40078125 0.840625 0.0640625 0.1203125
0 0.2984375 0.85390625 0.065625 0.11875
0 0.39453125 0.93046875 0.0703125 0.1390625
0 0.17265625 0.9375 0.07890625 0.12421875
0 0.2765625 0.95 0.075 0.09921875
2 0.5109375 0.853125 0.11015625 0.275
