0 0.58359375 0.51171875 0.0171875 0.0265625
0 0.0828125 0.6859375 0.040625 0.03828125
0 0.578125 0.5875 0.046875 0.025
0 0.04453125 0.6828125 0.0359375 0.03984375
0 0.49296875 0.49140625 0.01171875 0.0125
0 0.48359375 0.52890625 0.01328125 0.01484375
0 0.51015625 0.63828125 0.0203125 0.02890625
0 0.3984375 0.51875 0.015625 0.01796875
0 0.4171875 0.52265625 0.01328125 0.0171875
0 0.43125 0.50234375 0.0125 0.015625
0 0.425 0.4953125 0.009375 0.01171875
0 0.4421875 0.49453125 0.0109375 0.009375
0 0.45 0.48671875 0.01015625 0.0109375
0 0.35078125 0.54609375 0.0203125 0.0171875
0 0.36953125 0.5515625 0.0203125 0.01953125
0 0.39453125 0.5484375 0.01796875 0.021875
0 0.33359375 0.59453125 0.02265625 0.0265625
0 0.34921875 0.6171875 0.02421875 0.02734375
0 0.3 0.640625 0.02578125 0.03203125
0 0.2546875 0.64921875 0.02890625 0.03046875
0 0.2296875 0.71875 0.03359375 0.0375
0 0.10859375 0.78125 0.05 0.05859375
2 0.14609375 0.7859375 0.07734375 0.09921875
0 0.14609375 0.875 0.06484375 0.07421875
