0 0.59140625 0.48671875 0.021875 0.0234375
0 0.03515625 0.70859375 0.0703125 0.0765625
0 0.08125 0.68125 0.125 0.075
0 0.14375 0.6515625 0.05546875 0.07890625
0 0.0578125 0.915625 0.115625 0.165625
0 0.33125 0.65859375 0.04921875 0.0703125
0 0.3984375 0.63984375 0.05 0.0953125
0 0.4140625 0.58984375 0.034375 0.04921875
0 0.42734375 0.54296875 0.0265625 0.0359375
0 0.44140625 0.515625 0.0234375 0.0265625
3 0.478125 0.5015625 0.01953125 0.0453125
0 0.43828125 0.46015625 0.01328125 0.0203125
0 0.49609375 0.45 0.02421875 0.01875
3 0.50390625 0.434375 0.01171875 0.0171875
0 0.4453125 0.43828125 0.00859375 0.01328125
0 0.47890625 0.43515625 0.009375 0.0109375
0 0.46328125 0.4296875 0.009375 0.01328125
0 0.48671875 0.43203125 0.0078125 0.0140625
0 0.29296875 0.528125 0.0140625 0.0265625
