2 0.35859375 0.23125 0.01796875 0.03515625
2 0.34765625 0.28828125 0.0296875 0.05703125
0 0.37421875 0.25625 0.01171875 0.02109375
0 0.4609375 0.278125 0.01328125 0.0203125
0 0.50625 0.27265625 0.01640625 0.025
0 0.48828125 0.29765625 0.01640625 0.025
0 0.52890625 0.26015625 0.01328125 0.01484375
0 0.53203125 0.27578125 0.01484375 0.02109375
0 0.54140625 0.28671875 0.0171875 0.02109375
0 0.5515625 0.30234375 0.01796875 0.021875
0 0.5765625 0.39296875 0.025 0.03671875
0 0.34375 0.38125 0.021875 0.0328125
0 0.3 0.3703125 0.01953125 0.0296875
0 0.296875 0.3828125 0.01875 0.03359375
0 0.29140625 0.39296875 0.0203125 0.03515625
3 0.28125 0.40625 0.028125 0.05234375
3 0.27734375 0.47578125 0.0359375 0.096875
0 0.27109375 0.596875 0.0421875 0.06484375
3 0.1234375 0.5859375 0.05078125 0.11796875
0 0.34453125 0.5671875 0.03828125 0.0828125
0 0.215625 0.775 0.0625 0.11015625
0 0.88828125 0.94921875 0.09140625 0.1015625
3 0.76953125 0.478125 0.040625 0.07890625
0 0.20234375 0.8890625 0.02890625 0.1359375
0 0.29765625 0.8828125 0.0671875 0.11640625
0 0.28046875 0.9609375 0.0703125 0.078125
0 0.49609375 0.78203125 0.06875 0.146875
0 0.51875 0.9125 0.071875 0.11015625
0 0.528125 0.971875 0.06796875 0.05546875
2 0.40390625 0.76015625 0.08828125 0.21640625
2 0.3875 0.89140625 0.109375 0.2171875
2 0.1203125 0.90234375 0.15625 0.1953125
