3 0.76953125 0.48046875 0.04140625 0.08359375
0 0.37421875 0.25625 0.01640625 0.02109375
0 0.39609375 0.25078125 0.01640625 0.02421875
0 0.45703125 0.26640625 0.01328125 0.02109375
2 0.4828125 0.253125 0.02109375 0.04765625
2 0.509375 0.265625 0.02109375 0.040625
2 0.521875 0.2875 0.02421875 0.04609375
0 0.52890625 0.259375 0.0140625 0.0140625
0 0.53828125 0.2734375 0.01015625 0.01171875
0 0.54296875 0.28828125 0.01640625 0.02421875
0 0.48984375 0.28984375 0.01484375 0.01875
0 0.50078125 0.3375 0.0203125 0.03125
0 0.33828125 0.3578125 0.03984375 0.03125
0 0.38046875 0.35703125 0.0234375 0.0359375
0 0.30625 0.3625 0.01875 0.02734375
0 0.30078125 0.37109375 0.01953125 0.03046875
0 0.29296875 0.3765625 0.0171875 0.02578125
0 0.2921875 0.38828125 0.021875 0.02578125
0 0.28359375 0.4046875 0.02421875 0.0359375
0 0.3875 0.390625 0.01015625 0.0296875
0 0.371875 0.40625 0.025 0.06171875
0 0.31953125 0.43203125 0.02734375 0.04453125
0 0.26328125 0.47578125 0.0265625 0.0453125
0 0.3609375 0.3796875 0.01640625 0.034375
0 0.56640625 0.3625 0.03046875 0.03515625
3 0.5859375 0.340625 0.0328125 0.05234375
0 0.6859375 0.41875 0.03125 0.03828125
0 0.71953125 0.4859375 0.0375 0.0546875
0 0.71796875 0.5453125 0.0375 0.05546875
0 0.69453125 0.596875 0.04765625 0.0640625
0 0.7609375 0.68125 0.09140625 0.07578125
0 0.58203125 0.6421875 0.0953125 0.08359375
0 0.50703125 0.5078125 0.03671875 0.05546875
0 0.146875 0.58359375 0.05859375 0.0734375
0 0.365625 0.43828125 0.02421875 0.03125
0 0.359375 0.4578125 0.0328125 0.046875
0 0.36640625 0.475 0.028125 0.04375
0 0.36015625 0.49609375 0.02578125 0.046875
0 0.346875 0.5125 0.034375 0.04765625
0 0.359375 0.55859375 0.0375 0.0546875
0 0.34140625 0.584375 0.04140625 0.06640625
0 0.340625 0.6265625 0.0375 0.06640625
0 0.32578125 0.659375 0.04453125 0.0859375
0 0.31640625 0.69921875 0.0453125 0.0703125
0 0.31015625 0.75546875 0.0640625 0.1109375
0 0.3 0.84140625 0.06875 0.1171875
0 0.28828125 0.9265625 0.0828125 0.146875
2 0.4109375 0.440625 0.05 0.13046875
2 0.40703125 0.56953125 0.0609375 0.16328125
2 0.3984375 0.76171875 0.09375 0.259375
2 0.1734375 0.85 0.1234375 0.26640625
2 0.23515625 0.653125 0.08984375 0.20625
2 0.27578125 0.55 0.065625 0.1515625
0 0.28515625 0.6203125 0.0109375 0.075
0 0.2328125 0.76015625 0.04921875 0.10546875
0 0.40078125 0.91015625 0.0734375 0.1171875
0 0.39375 0.97734375 0.071875 0.0453125
0 0.4828125 0.70859375 0.05234375 0.10078125
0 0.49140625 0.79140625 0.06640625 0.1
0 0.5171875 0.8765625 0.07265625 0.13046875
0 0.52734375 0.95703125 0.07109375 0.084375
0 0.15859375 0.965625 0.0765625 0.06875
