0 0.63671875 0.37578125 0.02109375 0.0359375
0 0.72890625 0.31796875 0.01875 0.0171875
0 0.7 0.41484375 0.059375 0.03359375
0 0.69921875 0.39609375 0.0546875 0.0359375
0 0.76875 0.39453125 0.06484375 0.03515625
0 0.7328125 0.390625 0.01015625 0.0265625
0 0.83984375 0.38671875 0.04375 0.03359375
0 0.91328125 0.3671875 0.02734375 0.034375
0 0.83359375 0.90546875 0.33203125 0.1890625
0 0.4921875 0.565625 0.065625 0.10390625
0 0.60859375 0.4171875 0.02421875 0.03046875
0 0.60078125 0.37109375 0.01484375 0.0234375
0 0.60703125 0.36171875 0.0125 0.0203125
