0 0.46015625 0.26328125 0.0140625 0.0203125
0 0.48046875 0.2625 0.01640625 0.01640625
2 0.52109375 0.28046875 0.0234375 0.04609375
2 0.5328125 0.30390625 0.02734375 0.07109375
2 0.30859375 0.4546875 0.0421875 0.09140625
2 0.31796875 0.40546875 0.03984375 0.065625
2 0.25703125 0.446875 0.05234375 0.115625
2 0.4078125 0.55390625 0.06328125 0.15390625
2 0.4015625 0.753125 0.09609375 0.27890625
3 0.4125 0.42265625 0.04453125 0.11171875
3 0.24296875 0.6375 0.0640625 0.165625
0 0.48359375 0.27890625 0.015625 0.0265625
0 0.55390625 0.30078125 0.015625 0.03046875
0 0.503125 0.3375 0.021875 0.03046875
0 0.5640625 0.321875 0.0203125 0.028125
0 0.55703125 0.36640625 0.02265625 0.0328125
0 0.6 0.375 0.025 0.0359375
0 0.51953125 0.37265625 0.02265625 0.03125
0 0.52421875 0.3984375 0.02890625 0.03828125
0 0.54609375 0.43984375 0.02734375 0.04453125
3 0.61953125 0.47265625 0.0390625 0.06328125
0 0.575 0.5109375 0.03671875 0.05078125
0 0.6328125 0.5390625 0.046875 0.0609375
0 0.71171875 0.65234375 0.06171875 0.0875
0 0.74296875 0.8953125 0.0796875 0.11171875
2 0.378125 0.3484375 0.03515625 0.07890625
0 0.39453125 0.309375 0.0203125 0.03359375
0 0.4015625 0.34296875 0.01953125 0.025
0 0.28515625 0.40078125 0.01875 0.0328125
0 0.2890625 0.38515625 0.01875 0.02734375
0 0.37265625 0.4109375 0.0296875 0.0484375
0 0.46015625 0.4734375 0.02734375 0.04609375
0 0.36328125 0.4484375 0.028125 0.040625
0 0.3703125 0.43203125 0.0234375 0.03359375
0 0.36171875 0.475 0.03125 0.040625
0 0.35546875 0.5015625 0.0328125 0.04765625
0 0.30390625 0.509375 0.02890625 0.0640625
0 0.2921875 0.525 0.03671875 0.08359375
0 0.3484375 0.521875 0.0359375 0.05078125
0 0.346875 0.565625 0.040625 0.046875
0 0.28359375 0.56484375 0.0390625 0.0609375
0 0.28046875 0.63046875 0.01875 0.06640625
0 0.35 0.60078125 0.04296875 0.0734375
0 0.33671875 0.65234375 0.046875 0.0796875
0 0.3296875 0.70703125 0.0515625 0.0828125
0 0.3125 0.78515625 0.06171875 0.10234375
0 0.31171875 0.87890625 0.06875 0.1
0 0.23125 0.734375 0.05 0.084375
0 0.21171875 0.80390625 0.065625 0.10390625
0 0.19609375 0.89296875 0.07109375 0.121875
0 0.14921875 0.9640625 0.0796875 0.071875
3 0.26640625 0.95703125 0.084375 0.0859375
0 0.39921875 0.91875 0.06796875 0.1015625
0 0.39140625 0.98046875 0.0703125 0.03828125
0 0.52578125 0.5453125 0.0359375 0.0578125
0 0.53203125 0.5921875 0.04375 0.06640625
0 0.54609375 0.63359375 0.04921875 0.084375
0 0.55546875 0.69296875 0.0578125 0.090625
0 0.578125 0.73984375 0.0625 0.09921875
0 0.52109375 0.95 0.0734375 0.1
0 0.32734375 0.36015625 0.0265625 0.0296875
2 0.32578125 0.3171875 0.03359375 0.06796875
3 0.359375 0.2890625 0.02421875 0.04765625
