3 0.359375 0.6375 0.021875 0.06328125
0 0.91953125 0.665625 0.04765625 0.04609375
3 0.125 0.96640625 0.14609375 0.06640625
0 0.97734375 0.6984375 0.04453125 0.05546875
0 0.45234375 0.68359375 0.03359375 0.0609375
0 0.6125 0.8109375 0.034375 0.04453125
0 0.5296875 0.778125 0.03046875 0.04375
0 0.425 0.6 0.01875 0.03671875
3 0.47265625 0.61796875 0.0203125 0.046875
0 0.45703125 0.59453125 0.0125 0.021875
0 0.44453125 0.54296875 0.0109375 0.02109375
0 0.47734375 0.51796875 0.01171875 0.01484375
0 0.40078125 0.5203125 0.01171875 0.02109375
0 0.39140625 0.5 0.0109375 0.01875
0 0.43671875 0.525 0.009375 0.015625
0 0.42890625 0.5078125 0.01015625 0.0171875
0 0.4234375 0.48828125 0.009375 0.01484375
3 0.41015625 0.45546875 0.0109375 0.02734375
0 0.415625 0.4734375 0.0078125 0.015625
