0 0.503125 0.5046875 0.04375 0.053125
0 0.4375 0.50390625 0.03671875 0.0484375
0 0.35703125 0.4921875 0.03359375 0.04609375
0 0.6546875 0.40859375 0.021875 0.03359375
0 0.85078125 0.30234375 0.0109375 0.01640625
0 0.8671875 0.30859375 0.0109375 0.02109375
0 0.87890625 0.3171875 0.0171875 0.021875
0 0.85 0.32578125 0.0125 0.01953125
0 0.8046875 0.35078125 0.01484375 0.02265625
0 0.82421875 0.35703125 0.01484375 0.021875
0 0.84765625 0.35390625 0.01640625 0.0328125
3 0.790625 0.396875 0.021875 0.03359375
0 0.82109375 0.41015625 0.0203125 0.03125
0 0.78984375 0.36640625 0.0140625 0.021875
0 0.79765625 0.45625 0.0234375 0.034375
0 0.77734375 0.4453125 0.0234375 0.02890625
0 0.7546875 0.4359375 0.025 0.0375
0 0.76328125 0.38828125 0.0265625 0.028125
0 0.71328125 0.73359375 0.0453125 0.06640625
0 0.62578125 0.61796875 0.0453125 0.05390625
0 0.6546875 0.64140625 0.04375 0.05
0 0.53515625 0.6546875 0.04453125 0.0578125
0 0.4671875 0.85703125 0.06875 0.10390625
0 0.40234375 0.940625 0.0609375 0.10234375
0 0.35234375 0.959375 0.0796875 0.08125
