0 0.59609375 0.3078125 0.01875 0.0140625
0 0.5921875 0.30078125 0.01875 0.0140625
0 0.58671875 0.25 0.0046875 0.01328125
0 0.421875 0.2640625 0.0234375 0.01640625
0 0.43984375 0.25625 0.01484375 0.01484375
0 0.6046875 0.3140625 0.02890625 0.01796875
0 0.7140625 0.94609375 0.08359375 0.10703125
0 0.50390625 0.75078125 0.0625 0.14375
0 0.575 0.7515625 0.0515625 0.09375
0 0.6640625 0.6140625 0.04609375 0.059375
0 0.5921875 0.52578125 0.03359375 0.04296875
0 0.5390625 0.36796875 0.0203125 0.028125
0 0.559375 0.35078125 0.01796875 0.0234375
0 0.5265625 0.3296875 0.01328125 0.01953125
0 0.54375 0.31640625 0.0140625 0.02109375
0 0.51875 0.27109375 0.0109375 0.0125
1 0.48125 0.26796875 0.00390625 0.0140625
0 0.49296875 0.25859375 0.009375 0.01796875
0 0.48125 0.25 0.00703125 0.01015625
0 0.5328125 0.27734375 0.01015625 0.01328125
0 0.53515625 0.26953125 0.01015625 0.01171875
0 0.515625 0.24921875 0.0078125 0.0109375
3 0.50078125 0.23984375 0.0125 0.01796875
0 0.51484375 0.2375 0.00703125 0.0109375
0 0.52578125 0.23984375 0.00859375 0.0125
0 0.528125 0.2484375 0.0078125 0.00859375
