0 0.95625 0.5140625 0.0578125 0.03125
0 0.946875 0.50234375 0.065625 0.034375
0 0.9453125 0.49453125 0.075 0.0359375
0 0.77421875 0.35546875 0.0109375 0.0109375
0 0.740625 0.38359375 0.0125 0.01328125
0 0.7046875 0.38359375 0.009375 0.0125
0 0.6875 0.371875 0.01328125 0.01171875
0 0.70078125 0.4375 0.0203125 0.0203125
0 0.73125 0.44609375 0.01875 0.02109375
0 0.74921875 0.471875 0.0234375 0.02265625
0 0.6984375 0.49140625 0.028125 0.0234375
0 0.56484375 0.43671875 0.0203125 0.021875
0 0.6296875 0.42578125 0.02109375 0.02734375
2 0.6609375 0.45234375 0.046875 0.05859375
0 0.76953125 0.52734375 0.0390625 0.0609375
0 0.6265625 0.4625 0.01875 0.025
0 0.61328125 0.47734375 0.0203125 0.025
0 0.58125 0.4546875 0.025 0.02578125
0 0.59140625 0.48828125 0.02890625 0.0265625
0 0.56796875 0.50703125 0.0328125 0.028125
0 0.6421875 0.50703125 0.028125 0.02890625
0 0.6109375 0.534375 0.034375 0.034375
3 0.5796875 0.55703125 0.04453125 0.04921875
0 0.54296875 0.596875 0.0546875 0.07109375
0 0.471875 0.50859375 0.03125 0.0296875
0 0.52734375 0.52890625 0.0390625 0.0421875
0 0.4921875 0.55625 0.04375 0.0375
0 0.4359375 0.52890625 0.04453125 0.04140625
0 0.43828125 0.5953125 0.0546875 0.04296875
0 0.68125 0.61328125 0.04375 0.0453125
0 0.56171875 0.67421875 0.0609375 0.059375
2 0.6703125 0.80078125 0.13828125 0.26640625
0 0.3828125 0.590625 0.05390625 0.04765625
0 0.321875 0.59140625 0.05703125 0.0453125
0 0.35703125 0.65 0.07421875 0.0671875
3 0.22890625 0.6640625 0.0890625 0.1046875
0 0.1859375 0.659375 0.071875 0.0765625
2 0.07578125 0.771875 0.15078125 0.2015625
0 0.3484375 0.70390625 0.08359375 0.08828125
0 0.26640625 0.7078125 0.08828125 0.05703125
0 0.36875 0.77265625 0.075 0.0765625
0 0.26796875 0.778125 0.1 0.08125
0 0.26484375 0.86171875 0.11171875 0.1234375
0 0.1359375 0.815625 0.121875 0.0953125
0 0.134375 0.87734375 0.11328125 0.11171875
0 0.3 0.9640625 0.125 0.071875
0 0.11171875 0.96328125 0.14296875 0.07265625
