0 0.35234375 0.96484375 0.0765625 0.0703125
0 0.4328125 0.8125 0.06015625 0.07890625
0 0.4296875 0.69921875 0.05078125 0.0609375
3 0.5078125 0.66640625 0.04921875 0.07890625
0 0.53125 0.61875 0.0375 0.05234375
0 0.7078125 0.575 0.03046875 0.04140625
0 0.55390625 0.58046875 0.03359375 0.04375
0 0.5671875 0.5453125 0.0328125 0.0390625
0 0.41328125 0.42734375 0.04296875 0.02109375
0 0.58046875 0.5109375 0.02890625 0.0390625
0 0.5875 0.48984375 0.0265625 0.03125
3 0.5296875 0.453125 0.02734375 0.04296875
0 0.5984375 0.46875 0.021875 0.028125
3 0.9921875 0.5046875 0.015625 0.0421875
0 0.9984375 0.421875 0.003125 0.01875
0 0.96640625 0.428125 0.0328125 0.02265625
0 0.93359375 0.4265625 0.0296875 0.0234375
0 0.66484375 0.365625 0.01484375 0.01640625
0 0.59765625 0.42578125 0.03046875 0.01875
0 0.60390625 0.4515625 0.0203125 0.021875
0 0.6078125 0.43359375 0.0203125 0.01796875
0 0.2859375 0.3625 0.01953125 0.01796875
0 0.33125 0.3 0.009375 0.01484375
3 0.60546875 0.3109375 0.02109375 0.0265625
0 0.6234375 0.29765625 0.009375 0.01171875
0 0.80859375 0.34140625 0.01484375 0.0171875
0 0.56875 0.28125 0.009375 0.01328125
