2 0.51328125 0.22109375 0.01953125 0.03828125
2 0.3625 0.23359375 0.01484375 0.040625
0 0.378125 0.2515625 0.01640625 0.025
0 0.4609375 0.26875 0.01484375 0.02265625
0 0.4859375 0.27734375 0.0171875 0.03046875
0 0.53515625 0.26953125 0.01484375 0.02265625
0 0.53984375 0.28359375 0.01484375 0.0203125
0 0.54765625 0.29453125 0.0171875 0.021875
0 0.553125 0.3046875 0.0171875 0.02265625
0 0.5703125 0.33046875 0.021875 0.0296875
0 0.5796875 0.35078125 0.021875 0.03046875
0 0.58671875 0.359375 0.01953125 0.03046875
0 0.59609375 0.37109375 0.02421875 0.03359375
0 0.49921875 0.35859375 0.02421875 0.03984375
0 0.55 0.43046875 0.02578125 0.0453125
0 0.615625 0.46640625 0.0375 0.0484375
0 0.61640625 0.525 0.04765625 0.06015625
0 0.36875 0.38125 0.0265625 0.03515625
0 0.2828125 0.421875 0.0265625 0.04375
0 0.471875 0.4515625 0.0359375 0.04609375
2 0.40703125 0.5328125 0.0609375 0.15703125
2 0.39765625 0.86640625 0.1125 0.26640625
0 0.36953125 0.42734375 0.0265625 0.0359375
0 0.36640625 0.44609375 0.0296875 0.0390625
0 0.3625 0.46328125 0.03046875 0.0296875
0 0.3625 0.49140625 0.03125 0.03359375
0 0.35546875 0.5171875 0.03515625 0.05
0 0.35234375 0.56484375 0.03515625 0.05234375
0 0.34140625 0.603125 0.04375 0.06640625
0 0.33203125 0.6390625 0.04296875 0.0765625
0 0.32109375 0.70546875 0.0515625 0.07578125
0 0.3203125 0.775 0.05625 0.09921875
0 0.28828125 0.8546875 0.0640625 0.109375
0 0.27890625 0.9390625 0.0828125 0.121875
0 0.4078125 0.61875 0.04375 0.0703125
0 0.40234375 0.68046875 0.0484375 0.08671875
0 0.41640625 0.7109375 0.04453125 0.04453125
0 0.30703125 0.5 0.0328125 0.028125
0 0.30234375 0.52109375 0.028125 0.04921875
0 0.2890625 0.54375 0.0390625 0.053125
0 0.28359375 0.58828125 0.0359375 0.06015625
0 0.26640625 0.61015625 0.04765625 0.07578125
0 0.25234375 0.6671875 0.0515625 0.0875
0 0.22734375 0.7515625 0.059375 0.08125
0 0.21875 0.82890625 0.0640625 0.10078125
0 0.1796875 0.89296875 0.07421875 0.13125
0 0.15234375 0.9671875 0.07578125 0.065625
