0 0.1890625 0.34765625 0.053125 0.028125
0 0.14296875 0.93671875 0.11953125 0.1265625
0 0.30625 0.834375 0.10078125 0.2109375
0 0.2921875 0.62890625 0.06640625 0.1015625
0 0.3765625 0.63828125 0.06171875 0.1171875
0 0.36796875 0.478125 0.0421875 0.06484375
0 0.4203125 0.50859375 0.0421875 0.090625
0 0.50234375 0.4453125 0.03515625 0.04609375
0 0.4453125 0.42109375 0.02734375 0.05
0 0.4109375 0.3875 0.0359375 0.04453125
3 0.46328125 0.34921875 0.0265625 0.06640625
0 0.5078125 0.3671875 0.025 0.03359375
0 0.553125 0.35 0.02421875 0.03515625
0 0.48046875 0.3390625 0.00546875 0.03984375
3 0.42109375 0.34140625 0.03125 0.06953125
3 0.43828125 0.321875 0.0203125 0.06015625
0 0.45 0.32109375 0.00234375 0.02265625
0 0.45078125 0.3015625 0.0140625 0.03046875
0 0.49296875 0.28359375 0.0125 0.01875
3 0.47265625 0.25625 0.0203125 0.04140625
0 0.546875 0.30859375 0.01953125 0.0296875
0 0.4625 0.2875 0.0140625 0.021875
0 0.51875 0.26640625 0.01171875 0.0171875
0 0.5390625 0.2796875 0.0125 0.0171875
0 0.5 0.2640625 0.009375 0.01328125
0 0.48671875 0.2515625 0.00703125 0.02890625
0 0.50546875 0.2546875 0.00859375 0.01171875
0 0.540625 0.2640625 0.01171875 0.01640625
