0 0.59140625 0.48671875 0.021875 0.0234375
0 0.03515625 0.70859375 0.0703125 0.0765625
0 0.08125 0.68125 0.125 0.075
0 0.14375 0.6515625 0.05546875 0.07890625
0 0.29296875 0.5296875 0.0140625 0.02421875
0 0.465625 0.40859375 0.00703125 0.00859375
0 0.47578125 0.41015625 0.00546875 0.00703125
0 0.48359375 0.40859375 0.00546875 0.00859375
0 0.49375 0.415625 0.00546875 0.00625
0 0.4640625 0.43125 0.0078125 0.00859375
0 0.4453125 0.4421875 0.01015625 0.0125
0 0.4484375 0.4375 0.0078125 0.0125
0 0.4609375 0.4375 0.01015625 0.01484375
0 0.46171875 0.44375 0.00859375 0.01328125
1 0.45546875 0.45859375 0.00390625 0.01796875
0 0.49765625 0.47578125 0.01640625 0.02421875
0 0.453125 0.5078125 0.00546875 0.01015625
0 0.471875 0.51875 0.02109375 0.03359375
0 0.4390625 0.5171875 0.025 0.028125
0 0.43671875 0.53671875 0.02578125 0.034375
0 0.42578125 0.5515625 0.028125 0.0375
0 0.46640625 0.575 0.0328125 0.05
0 0.51484375 0.5484375 0.03046875 0.04453125
0 0.5484375 0.5328125 0.02109375 0.03125
0 0.4109375 0.575 0.03203125 0.04453125
0 0.35703125 0.6125 0.04140625 0.05546875
0 0.33671875 0.6484375 0.0453125 0.0671875
0 0.409375 0.60078125 0.03515625 0.03828125
0 0.46796875 0.62578125 0.03828125 0.046875
0 0.40859375 0.646875 0.04453125 0.0703125
0 0.46328125 0.6703125 0.04765625 0.071875
3 0.57421875 0.5953125 0.03828125 0.0640625
0 0.54296875 0.73046875 0.05546875 0.08359375
0 0.5171875 0.859375 0.11015625 0.11875
0 0.5796875 0.9578125 0.15390625 0.084375
