0 0.97890625 0.575 0.0421875 0.0984375
0 0.7 0.41328125 0.059375 0.034375
0 0.7 0.396875 0.0546875 0.03515625
0 0.740625 0.38984375 0.025 0.0296875
0 0.7703125 0.39296875 0.06484375 0.0359375
0 0.80703125 0.3796875 0.0390625 0.02578125
0 0.83984375 0.3828125 0.04375 0.03046875
0 0.92109375 0.365625 0.04140625 0.03515625
0 0.684375 0.33671875 0.0390625 0.02421875
0 0.7234375 0.31796875 0.028125 0.015625
0 0.70390625 0.3140625 0.009375 0.01328125
0 0.6890625 0.315625 0.0125 0.01484375
0 0.66875 0.32578125 0.009375 0.0125
0 0.6234375 0.3640625 0.02421875 0.02421875
0 0.62421875 0.3765625 0.01171875 0.01640625
0 0.621875 0.38046875 0.01484375 0.01484375
3 0.62109375 0.39453125 0.01796875 0.0234375
0 0.6109375 0.4203125 0.02265625 0.02890625
0 0.6765625 0.31875 0.01796875 0.01328125
0 0.5734375 0.3984375 0.0171875 0.025
0 0.5796875 0.4203125 0.01953125 0.03125
0 0.5734375 0.42578125 0.0203125 0.03359375
0 0.56640625 0.44140625 0.03125 0.04296875
0 0.55703125 0.46171875 0.03359375 0.04140625
0 0.546875 0.48359375 0.0296875 0.05
0 0.52734375 0.50625 0.0484375 0.0703125
0 0.47890625 0.515625 0.04765625 0.0703125
0 0.50078125 0.56328125 0.05703125 0.07890625
0 0.37578125 0.6578125 0.10390625 0.11171875
0 0.05703125 0.784375 0.1140625 0.18046875
