0 0.55 0.30078125 0.0296875 0.0421875
0 0.55 0.27734375 0.03046875 0.02734375
0 0.528125 0.26875 0.0203125 0.03125
0 0.50078125 0.2703125 0.02421875 0.01875
0 0.50625 0.28203125 0.04765625 0.0234375
0 0.84921875 0.64453125 0.1140625 0.0828125
0 0.04765625 0.93046875 0.0953125 0.1390625
0 0.165625 0.6921875 0.0578125 0.08671875
0 0.27109375 0.69296875 0.06015625 0.1359375
0 0.36171875 0.68515625 0.06875 0.13515625
0 0.44921875 0.67265625 0.0734375 0.13359375
0 0.53515625 0.67109375 0.0859375 0.14609375
0 0.18125 0.59453125 0.04375 0.09609375
0 0.31953125 0.55859375 0.05 0.0828125
3 0.2609375 0.59140625 0.05078125 0.0953125
0 0.40078125 0.55859375 0.0578125 0.09765625
0 0.4734375 0.5765625 0.06328125 0.0859375
0 0.4359375 0.5078125 0.04765625 0.0671875
1 0.41015625 0.46640625 0.01640625 0.05546875
0 0.175 0.50546875 0.04140625 0.0765625
0 0.2515625 0.5328125 0.03984375 0.06953125
0 0.30625 0.4953125 0.0453125 0.0734375
0 0.36171875 0.4734375 0.0453125 0.07578125
0 0.39140625 0.42421875 0.04453125 0.075
0 0.3390625 0.4265625 0.03828125 0.0625
0 0.2875 0.4328125 0.03984375 0.0703125
0 0.278125 0.39375 0.028125 0.04921875
0 0.17578125 0.43359375 0.03359375 0.0546875
0 0.1765625 0.38828125 0.025 0.04375
2 0.2375 0.4265625 0.0609375 0.171875
2 0.21953125 0.35078125 0.04140625 0.10625
0 0.17578125 0.3375 0.021875 0.034375
0 0.17265625 0.31640625 0.02421875 0.03515625
0 0.26640625 0.35859375 0.03203125 0.05234375
0 0.32109375 0.39140625 0.02890625 0.053125
0 0.3625 0.390625 0.0328125 0.04609375
0 0.478125 0.3984375 0.03828125 0.04453125
0 0.24453125 0.3 0.021875 0.04375
0 0.253125 0.3234375 0.028125 0.04765625
0 0.27734375 0.2984375 0.02265625 0.0328125
0 0.31015625 0.3625 0.0296875 0.04375
0 0.3453125 0.35546875 0.03125 0.040625
0 0.16484375 0.22265625 0.0140625 0.015625
0 0.17734375 0.21328125 0.009375 0.01328125
0 0.1859375 0.21171875 0.00703125 0.01015625
0 0.19453125 0.21171875 0.009375 0.01171875
0 0.26953125 0.2125 0.0140625 0.01484375
0 0.24140625 0.2109375 0.009375 0.0125
0 0.2578125 0.21171875 0.009375 0.01015625
0 0.246875 0.20859375 0.00390625 0.0109375
0 0.25234375 0.20625 0.00703125 0.0125
0 0.23046875 0.209375 0.009375 0.0140625
0 0.2171875 0.209375 0.009375 0.01328125
