0 0.95625 0.5140625 0.0578125 0.03125
0 0.946875 0.50234375 0.065625 0.034375
0 0.9453125 0.49453125 0.075 0.0359375
0 0.6859375 0.371875 0.01328125 0.009375
2 0.75 0.3453125 0.01328125 0.0234375
0 0.71015625 0.3796875 0.01171875 0.0109375
0 0.72421875 0.37890625 0.01015625 0.0125
0 0.69296875 0.39609375 0.01484375 0.0140625
0 0.68359375 0.4078125 0.01484375 0.01171875
0 0.70078125 0.4359375 0.0203125 0.021875
0 0.6578125 0.446875 0.02265625 0.01796875
0 0.67890625 0.434375 0.01953125 0.0171875
0 0.62890625 0.44609375 0.02421875 0.01953125
0 0.634375 0.4625 0.02421875 0.0234375
0 0.5984375 0.44375 0.021875 0.0265625
0 0.56875 0.434375 0.025 0.01875
0 0.65 0.490625 0.025 0.028125
0 0.59375 0.4859375 0.02890625 0.02265625
0 0.58828125 0.51640625 0.03671875 0.0328125
0 0.5640625 0.4828125 0.02890625 0.02421875
0 0.546875 0.5171875 0.0375 0.0296875
0 0.54609375 0.55625 0.0453125 0.046875
0 0.4890625 0.55859375 0.0375 0.040625
0 0.44375 0.628125 0.065625 0.0625
0 0.3015625 0.64140625 0.06875 0.053125
0 0.3140625 0.684375 0.078125 0.06328125
0 0.1234375 0.82890625 0.125 0.09453125
0 0.015625 0.8328125 0.03125 0.078125
0 0.06015625 0.953125 0.1203125 0.09375
