0 0.1890625 0.3484375 0.05234375 0.0296875
3 0.13046875 0.8453125 0.2234375 0.309375
0 0.32890625 0.79140625 0.090625 0.18046875
0 0.2703125 0.67109375 0.07421875 0.121875
0 0.46875 0.796875 0.0703125 0.140625
0 0.56875 0.6078125 0.0484375 0.08203125
0 0.33828125 0.521875 0.04921875 0.07421875
0 0.39453125 0.5640625 0.05546875 0.11015625
0 0.49140625 0.5265625 0.04296875 0.065625
0 0.3734375 0.4390625 0.03671875 0.06171875
3 0.4453125 0.38359375 0.05703125 0.1375
2 0.43515625 0.30234375 0.03984375 0.07578125
0 0.47734375 0.35390625 0.00703125 0.03828125
0 0.51015625 0.36953125 0.02421875 0.03359375
0 0.55 0.39375 0.02578125 0.03828125
0 0.54765625 0.34765625 0.0234375 0.03046875
0 0.51640625 0.3 0.015625 0.02109375
0 0.54453125 0.3015625 0.0171875 0.02578125
2 0.54453125 0.2703125 0.01640625 0.03125
3 0.496875 0.25703125 0.01796875 0.03984375
0 0.48515625 0.2984375 0.01796875 0.034375
0 0.4703125 0.26328125 0.02109375 0.0375
0 0.47890625 0.253125 0.01640625 0.03828125
0 0.5234375 0.24375 0.00703125 0.0109375
