0 0.1375 0.3703125 0.05234375 0.05234375
3 0.2140625 0.2671875 0.04765625 0.03046875
0 0.25 0.25 0.0296875 0.015625
3 0.2359375 0.25625 0.04140625 0.02734375
3 0.2640625 0.29453125 0.05625 0.0375
2 0.30390625 0.22578125 0.0359375 0.05
0 0.3328125 0.26015625 0.03359375 0.02265625
0 0.359375 0.25390625 0.021875 0.02421875
3 0.4078125 0.21640625 0.0171875 0.0359375
0 0.42421875 0.20546875 0.0171875 0.0203125
0 0.44921875 0.18046875 0.0203125 0.02109375
3 0.42265625 0.178125 0.025 0.028125
0 0.421875 0.21640625 0.0125 0.01796875
0 0.10625 0.32265625 0.02265625 0.0296875
0 0.3328125 0.20390625 0.03671875 0.02265625
3 0.34765625 0.22890625 0.0453125 0.0421875
3 0.44375 0.91328125 0.1515625 0.1734375
0 0.88671875 0.40078125 0.04765625 0.03828125
0 0.87578125 0.33984375 0.05 0.0390625
0 0.8 0.2875 0.028125 0.02734375
0 0.75703125 0.24140625 0.0234375 0.02421875
0 0.7265625 0.25 0.0234375 0.02578125
0 0.70625 0.21796875 0.015625 0.01953125
0 0.69375 0.19140625 0.0125 0.01640625
0 0.70703125 0.1765625 0.01484375 0.02109375
0 0.68515625 0.1765625 0.01171875 0.01328125
3 0.53359375 0.228125 0.0328125 0.07109375
0 0.56796875 0.234375 0.01640625 0.02578125
0 0.62421875 0.22421875 0.0171875 0.01875
0 0.6203125 0.17265625 0.015625 0.015625
0 0.64296875 0.1703125 0.0140625 0.0140625
0 0.5625 0.16875 0.0125 0.0171875
0 0.5609375 0.14375 0.01171875 0.01328125
0 0.54375 0.13828125 0.01171875 0.01328125
0 0.5921875 0.121875 0.009375 0.01171875
0 0.63828125 0.14921875 0.01015625 0.0109375
0 0.66484375 0.1421875 0.0109375 0.01640625
0 0.6890625 0.15625 0.0109375 0.01328125
0 0.60703125 0.121875 0.00859375 0.009375
