0 0.59140625 0.48671875 0.021875 0.0234375
0 0.03515625 0.70859375 0.0703125 0.0765625
0 0.08125 0.68125 0.125 0.075
0 0.14375 0.6515625 0.05546875 0.07890625
0 0.44921875 0.43515625 0.009375 0.01640625
0 0.46171875 0.440625 0.01015625 0.0140625
3 0.47734375 0.41796875 0.0078125 0.0203125
0 0.459375 0.4109375 0.0109375 0.00703125
2 0.46484375 0.42578125 0.00859375 0.01484375
0 0.49375 0.46328125 0.0125 0.01875
0 0.46484375 0.4765625 0.01640625 0.015625
0 0.47265625 0.50859375 0.01953125 0.03515625
2 0.325 0.6109375 0.0890625 0.17265625
1 0.45859375 0.6671875 0.02109375 0.0734375
0 0.40234375 0.6640625 0.046875 0.07578125
0 0.409375 0.62578125 0.040625 0.05546875
0 0.42109375 0.5875 0.03203125 0.0453125
0 0.4390625 0.51484375 0.02265625 0.02421875
0 0.415625 0.50546875 0.0125 0.02578125
0 0.38046875 0.57890625 0.02578125 0.05
0 0.384375 0.5515625 0.02890625 0.03515625
0 0.42578125 0.5640625 0.03046875 0.03671875
0 0.39140625 0.53515625 0.0234375 0.03125
0 0.43515625 0.546875 0.01953125 0.0359375
0 0.43828125 0.53046875 0.02265625 0.02734375
0 0.40703125 0.5203125 0.0203125 0.0171875
0 0.29296875 0.52890625 0.0140625 0.02578125
