0 0.00859375 0.70078125 0.01640625 0.04140625
0 0.51953125 0.83984375 0.16484375 0.13515625
0 0.85 0.809375 0.178125 0.09453125
0 0.98359375 0.95078125 0.0328125 0.0984375
0 0.3 0.71171875 0.115625 0.06484375
0 0.4296875 0.61640625 0.02421875 0.03125
0 0.453125 0.65078125 0.0265625 0.04296875
0 0.45625 0.6359375 0.02734375 0.0421875
3 0.54609375 0.60625 0.02578125 0.0453125
0 0.46328125 0.5859375 0.0171875 0.0265625
0 0.484375 0.57109375 0.01171875 0.01796875
2 0.503125 0.5625 0.01953125 0.0359375
0 0.46796875 0.57578125 0.01171875 0.021875
0 0.47109375 0.5546875 0.00859375 0.0171875
0 0.47734375 0.55390625 0.00390625 0.00859375
