0 0.19453125 0.59140625 0.09375 0.0609375
0 0.63671875 0.50078125 0.03984375 0.046875
0 0.58984375 0.5 0.0328125 0.04921875
2 0.52890625 0.4734375 0.0828125 0.11640625
2 0.43359375 0.5734375 0.10078125 0.15
0 0.56484375 0.53515625 0.04296875 0.04921875
0 0.5359375 0.5734375 0.0453125 0.04921875
0 0.57890625 0.60546875 0.0453125 0.06015625
0 0.50625 0.60859375 0.04375 0.06328125
0 0.54375 0.64140625 0.05078125 0.0671875
0 0.47109375 0.64453125 0.0515625 0.07421875
0 0.51484375 0.6921875 0.053125 0.075
0 0.38125 0.6625 0.0578125 0.07109375
0 0.42421875 0.70078125 0.06484375 0.0875
0 0.47890625 0.73984375 0.0640625 0.08828125
0 0.340625 0.70703125 0.07109375 0.078125
0 0.378125 0.7515625 0.0703125 0.08203125
0 0.43046875 0.8078125 0.0609375 0.09296875
0 0.29140625 0.7671875 0.0765625 0.0953125
0 0.309375 0.846875 0.078125 0.09765625
0 0.38203125 0.8625 0.08671875 0.12421875
0 0.475 0.91015625 0.07578125 0.11953125
0 0.40078125 0.97421875 0.07734375 0.0515625
0 0.30546875 0.96171875 0.08828125 0.0765625
0 0.21875 0.94140625 0.1 0.1171875
0 0.1265625 0.921875 0.1015625 0.13515625
0 0.2171875 0.821875 0.09609375 0.1375
0 0.60234375 0.8515625 0.05859375 0.078125
0 0.6625 0.7296875 0.04921875 0.07421875
1 0.74296875 0.734375 0.02109375 0.05859375
0 0.77890625 0.85703125 0.05703125 0.09921875
0 0.8359375 0.7359375 0.04609375 0.075
0 0.73046875 0.58125 0.0328125 0.0453125
0 0.79375 0.5921875 0.0375 0.04296875
0 0.76015625 0.490625 0.03359375 0.0359375
0 0.81328125 0.5125 0.03203125 0.03671875
0 0.82890625 0.453125 0.03203125 0.0375
0 0.7921875 0.4171875 0.03125 0.0328125
0 0.84609375 0.40546875 0.025 0.028125
