0 0.03203125 0.89609375 0.0640625 0.08359375
3 0.35703125 0.6359375 0.0203125 0.06953125
0 0.390625 0.46484375 0.0078125 0.0140625
3 0.5984375 0.55703125 0.02578125 0.03125
0 0.56953125 0.53828125 0.01796875 0.01875
0 0.5125 0.496875 0.01640625 0.0171875
0 0.53203125 0.51171875 0.01171875 0.01640625
0 0.4390625 0.55234375 0.0171875 0.01953125
3 0.45234375 0.51328125 0.0109375 0.021875
0 0.46953125 0.51953125 0.0125 0.01328125
0 0.421875 0.4625 0.01015625 0.0125
0 0.91796875 0.66796875 0.04296875 0.04375
3 0.14375 0.90546875 0.16875 0.1890625
