0 0.18984375 0.3484375 0.05234375 0.028125
0 0.09140625 0.97734375 0.0890625 0.0453125
0 0.2046875 0.8 0.09609375 0.17109375
0 0.3375 0.796875 0.0703125 0.140625
0 0.28203125 0.64453125 0.0703125 0.10859375
0 0.32890625 0.5328125 0.05 0.07890625
0 0.40234375 0.54921875 0.05 0.0796875
0 0.4390625 0.4515625 0.03515625 0.05859375
0 0.384375 0.43515625 0.034375 0.05546875
0 0.45 0.4015625 0.02890625 0.05078125
0 0.39609375 0.39375 0.03046875 0.04453125
0 0.42421875 0.34609375 0.025 0.03515625
0 0.4390625 0.3234375 0.02109375 0.03359375
0 0.45 0.303125 0.0203125 0.02890625
0 0.48828125 0.2890625 0.01640625 0.028125
0 0.51796875 0.275 0.0125 0.02890625
0 0.46484375 0.28046875 0.01484375 0.0296875
0 0.54296875 0.2890625 0.01640625 0.03671875
2 0.53984375 0.26015625 0.015625 0.0328125
0 0.4796875 0.26484375 0.01171875 0.01171875
0 0.5015625 0.25703125 0.01015625 0.0140625
0 0.490625 0.24921875 0.0078125 0.01328125
3 0.51953125 0.25625 0.0140625 0.0265625
