0 0.59140625 0.48671875 0.021875 0.0234375
0 0.03515625 0.70859375 0.0703125 0.0765625
0 0.08125 0.68125 0.125 0.075
0 0.14375 0.6515625 0.05546875 0.07890625
0 0.48203125 0.40703125 0.00546875 0.00703125
0 0.4875 0.40703125 0.00546875 0.0078125
0 0.4796875 0.4171875 0.00703125 0.0109375
3 0.46328125 0.42578125 0.0125 0.02734375
0 0.45546875 0.425 0.00390625 0.0109375
0 0.4703125 0.4515625 0.0140625 0.015625
0 0.47578125 0.46015625 0.0125 0.01953125
0 0.49375 0.45703125 0.0109375 0.015625
0 0.509375 0.45546875 0.01171875 0.015625
0 0.496875 0.4640625 0.0140625 0.0140625
0 0.5140625 0.46328125 0.0125 0.0140625
0 0.5171875 0.47890625 0.00703125 0.0234375
0 0.51875 0.47265625 0.01328125 0.02265625
3 0.53203125 0.48828125 0.02890625 0.059375
0 0.5453125 0.525 0.02421875 0.034375
0 0.49765625 0.48125 0.01796875 0.0328125
0 0.50078125 0.49765625 0.01875 0.021875
0 0.5046875 0.503125 0.01875 0.01640625
0 0.50546875 0.5125 0.0203125 0.0203125
0 0.50625 0.53046875 0.02265625 0.0328125
0 0.43515625 0.46015625 0.0140625 0.0203125
0 0.4609375 0.46171875 0.0125 0.01640625
0 0.4515625 0.46484375 0.015625 0.0171875
0 0.453125 0.46484375 0.01015625 0.00625
0 0.4328125 0.4671875 0.0109375 0.01796875
0 0.42890625 0.46484375 0.0125 0.00859375
0 0.4265625 0.4734375 0.01484375 0.01640625
0 0.42421875 0.47734375 0.01640625 0.01015625
0 0.41328125 0.49375 0.00703125 0.0203125
0 0.41484375 0.51484375 0.009375 0.0328125
0 0.41953125 0.49921875 0.0078125 0.01875
0 0.4203125 0.48359375 0.01171875 0.01171875
0 0.4015625 0.52734375 0.02109375 0.03203125
0 0.45078125 0.4703125 0.0125 0.0078125
0 0.44765625 0.478125 0.01484375 0.01015625
0 0.43984375 0.51171875 0.0234375 0.0171875
0 0.43984375 0.53046875 0.02421875 0.03359375
0 0.43125 0.5375 0.02578125 0.0234375
0 0.43046875 0.56328125 0.0296875 0.0390625
3 0.39296875 0.53828125 0.02421875 0.03828125
0 0.37890625 0.5578125 0.03359375 0.0515625
0 0.4140625 0.5859375 0.0328125 0.04765625
0 0.3671875 0.584375 0.03203125 0.05078125
3 0.35390625 0.60859375 0.0421875 0.071875
0 0.40546875 0.62421875 0.0390625 0.05078125
0 0.33203125 0.675 0.04921875 0.078125
0 0.39765625 0.6671875 0.04765625 0.0734375
1 0.46875 0.58671875 0.0109375 0.025
0 0.46640625 0.625 0.04140625 0.0515625
0 0.4640625 0.6640625 0.0421875 0.0703125
0 0.29296875 0.528125 0.01484375 0.0265625
