0 0.72890625 0.31796875 0.01875 0.0171875
0 0.7 0.41484375 0.059375 0.03359375
0 0.69921875 0.39609375 0.0546875 0.0359375
0 0.76875 0.39453125 0.06484375 0.03515625
0 0.7328125 0.390625 0.01015625 0.0265625
0 0.83984375 0.38671875 0.04375 0.03359375
0 0.91328125 0.3671875 0.02734375 0.034375
0 0.97890625 0.57265625 0.0421875 0.1
0 0.51640625 0.53046875 0.05 0.07109375
0 0.48125 0.5921875 0.0640625 0.09296875
0 0.54296875 0.6765625 0.10625 0.11484375
0 0.32109375 0.85859375 0.17578125 0.20078125
0 0.6265625 0.33125 0.0078125 0.0125
