0 0.55 0.30078125 0.0296875 0.0421875
0 0.55 0.27734375 0.03046875 0.02734375
0 0.528125 0.26875 0.0203125 0.03125
0 0.475 0.27421875 0.025 0.0265625
0 0.50078125 0.271875 0.02421875 0.02265625
0 0.553125 0.26015625 0.01953125 0.00703125
0 0.93984375 0.9390625 0.1203125 0.11875
0 0.271875 0.703125 0.0609375 0.13125
0 0.3546875 0.64453125 0.06953125 0.14375
0 0.51953125 0.65234375 0.08125 0.13046875
0 0.425 0.609375 0.059375 0.1296875
3 0.2546875 0.56328125 0.05546875 0.14375
0 0.2375 0.44453125 0.03671875 0.06171875
0 0.2421875 0.48125 0.03359375 0.02734375
0 0.38203125 0.54140625 0.05 0.07421875
0 0.3 0.4921875 0.0359375 0.0734375
3 0.3265625 0.5484375 0.05546875 0.1046875
0 0.46953125 0.56171875 0.065625 0.0953125
0 0.8125 0.71171875 0.09765625 0.09609375
3 0.6796875 0.73828125 0.11328125 0.14921875
0 0.59609375 0.54375 0.071875 0.08046875
0 0.6046875 0.48515625 0.05546875 0.06015625
0 0.43046875 0.5015625 0.04921875 0.07265625
0 0.36015625 0.478125 0.04296875 0.06328125
0 0.403125 0.44921875 0.04140625 0.065625
0 0.4484375 0.44453125 0.04375 0.053125
3 0.33671875 0.39453125 0.046875 0.10546875
0 0.37734375 0.4125 0.03515625 0.05
0 0.6171875 0.42578125 0.0484375 0.05234375
0 0.584375 0.39765625 0.0359375 0.04296875
0 0.465625 0.40078125 0.0421875 0.040625
0 0.4953125 0.37265625 0.0375 0.04140625
0 0.53671875 0.36015625 0.0390625 0.0359375
0 0.30546875 0.36875 0.015625 0.05
0 0.3640625 0.378125 0.02578125 0.04765625
0 0.33984375 0.3375 0.03046875 0.03515625
0 0.3796875 0.340625 0.03125 0.03828125
0 0.2953125 0.34140625 0.028125 0.040625
0 0.28984375 0.31953125 0.02734375 0.03203125
0 0.315625 0.309375 0.01953125 0.03203125
0 0.325 0.32265625 0.025 0.03359375
0 0.4171875 0.30390625 0.02734375 0.03046875
0 0.38203125 0.3 0.02734375 0.0359375
0 0.3296875 0.27421875 0.021875 0.028125
2 0.275 0.2734375 0.0390625 0.07578125
0 0.3265625 0.24921875 0.01640625 0.0234375
0 0.36875 0.24453125 0.01484375 0.01953125
0 0.28515625 0.23359375 0.01796875 0.02109375
0 0.3125 0.221875 0.01640625 0.0203125
0 0.29296875 0.22578125 0.01328125 0.01953125
0 0.29140625 0.2109375 0.0109375 0.01328125
0 0.159375 0.22109375 0.0109375 0.01796875
0 0.25546875 0.209375 0.01171875 0.015625
