0 0.95625 0.5140625 0.0578125 0.03125
0 0.946875 0.50234375 0.065625 0.034375
0 0.9453125 0.49453125 0.075 0.0359375
2 0.70625 0.421875 0.03203125 0.0375
2 0.77578125 0.415625 0.0265625 0.0453125
0 0.675 0.46015625 0.025 0.02578125
0 0.73515625 0.46171875 0.0203125 0.0234375
0 0.79296875 0.45625 0.01484375 0.0296875
0 0.84140625 0.44375 0.01953125 0.0203125
0 0.73671875 0.5015625 0.025 0.0296875
0 0.68515625 0.5125 0.03359375 0.034375
0 0.73125 0.54140625 0.028125 0.03359375
0 0.64609375 0.4875 0.028125 0.02890625
0 0.57265625 0.49765625 0.034375 0.03359375
3 0.59140625 0.53828125 0.04375 0.06875
0 0.56171875 0.53515625 0.02265625 0.0359375
0 0.5140625 0.53515625 0.040625 0.04296875
0 0.55078125 0.59296875 0.05078125 0.0453125
0 0.61015625 0.62265625 0.05546875 0.05078125
0 0.37578125 0.59140625 0.05703125 0.04609375
0 0.53671875 0.69609375 0.0734375 0.07578125
0 0.60078125 0.79375 0.06640625 0.08359375
0 0.2390625 0.71484375 0.0796875 0.0484375
0 0.39609375 0.87109375 0.109375 0.10859375
2 0.44921875 0.89375 0.2890625 0.2125
3 0.0765625 0.94921875 0.153125 0.09765625
