0 0.46015625 0.2671875 0.0140625 0.021875
0 0.4796875 0.2640625 0.015625 0.0234375
0 0.5015625 0.26328125 0.0171875 0.0234375
0 0.51953125 0.3 0.01875 0.0375
0 0.55078125 0.30703125 0.021875 0.025
0 0.528125 0.265625 0.0140625 0.0234375
0 0.534375 0.27578125 0.01328125 0.02421875
0 0.5390625 0.2828125 0.015625 0.021875
0 0.546875 0.28828125 0.01953125 0.021875
0 0.565625 0.32578125 0.021875 0.0328125
0 0.575 0.34296875 0.021875 0.0296875
0 0.5890625 0.3625 0.0265625 0.03203125
0 0.62578125 0.39765625 0.0328125 0.046875
0 0.60625 0.44375 0.02890625 0.0421875
0 0.64453125 0.52578125 0.03671875 0.04921875
0 0.69140625 0.4984375 0.03984375 0.05390625
0 0.7625 0.60859375 0.04609375 0.0625
0 0.871875 0.73984375 0.0703125 0.084375
2 0.3671875 0.2921875 0.05390625 0.0453125
2 0.30859375 0.46015625 0.053125 0.1109375
2 0.41171875 0.38828125 0.03984375 0.06015625
2 0.409375 0.44921875 0.05078125 0.10546875
2 0.40859375 0.56328125 0.06796875 0.1390625
2 0.403125 0.71796875 0.0890625 0.1828125
2 0.396875 0.9046875 0.1046875 0.18984375
0 0.32109375 0.33125 0.0171875 0.03046875
0 0.284375 0.40625 0.0203125 0.0359375
0 0.29140625 0.3890625 0.0203125 0.03125
0 0.29609375 0.378125 0.01953125 0.02890625
0 0.30234375 0.36796875 0.01953125 0.03125
0 0.3828125 0.33515625 0.01953125 0.0296875
0 0.340625 0.38046875 0.025 0.034375
0 0.32890625 0.38984375 0.02734375 0.02890625
0 0.3375 0.42578125 0.01484375 0.03125
0 0.2921875 0.53671875 0.03828125 0.06484375
0 0.284375 0.57734375 0.0390625 0.05546875
0 0.27421875 0.625 0.0421875 0.0625
0 0.2578125 0.6765625 0.04921875 0.0734375
0 0.23515625 0.7453125 0.0578125 0.08828125
0 0.22109375 0.8203125 0.0484375 0.09765625
0 0.37109375 0.41484375 0.02890625 0.05
0 0.3671875 0.44140625 0.0296875 0.034375
0 0.3625 0.46171875 0.03125 0.0375
0 0.35859375 0.50390625 0.03359375 0.04921875
0 0.3484375 0.5390625 0.034375 0.05
0 0.3421875 0.5734375 0.03828125 0.0609375
0 0.3390625 0.61171875 0.0421875 0.0640625
0 0.33203125 0.65859375 0.0515625 0.0921875
0 0.3328125 0.7296875 0.0515625 0.08359375
0 0.3109375 0.79140625 0.05859375 0.0953125
0 0.28828125 0.86171875 0.05703125 0.103125
0 0.26484375 0.94765625 0.078125 0.10390625
0 0.5421875 0.64453125 0.04921875 0.08515625
0 0.51171875 0.87109375 0.0640625 0.11953125
0 0.5171875 0.9390625 0.065625 0.121875
2 0.1578125 0.8890625 0.096875 0.221875
0 0.05625 0.9359375 0.0796875 0.125
0 0.12265625 0.96875 0.09609375 0.0625
