3 0.63671875 0.37578125 0.02109375 0.0359375
0 0.72890625 0.31796875 0.01875 0.0171875
0 0.7 0.41484375 0.059375 0.03359375
0 0.69921875 0.39609375 0.0546875 0.0359375
0 0.76875 0.39453125 0.06484375 0.03515625
0 0.7328125 0.390625 0.01015625 0.0265625
0 0.83984375 0.38671875 0.04375 0.03359375
0 0.91328125 0.3671875 0.02734375 0.034375
3 0.70703125 0.76015625 0.5859375 0.43828125
0 0.9421875 0.9296875 0.115625 0.140625
0 0.5046875 0.55703125 0.06171875 0.0984375
0 0.53359375 0.50625 0.04609375 0.0625
0 0.51484375 0.47734375 0.0375 0.0515625
