0 0.6515625 0.4171875 0.025 0.03359375
0 0.503125 0.5046875 0.04375 0.053125
0 0.4375 0.50390625 0.03671875 0.0484375
0 0.34921875 0.4953125 0.0171875 0.03984375
0 0.84921875 0.30625 0.0140625 0.034375
0 0.903125 0.32734375 0.015625 0.02109375
0 0.8140625 0.35 0.01875 0.021875
0 0.87890625 0.40859375 0.0171875 0.02734375
0 0.83203125 0.38359375 0.01875 0.03125
0 0.7890625 0.36875 0.021875 0.0421875
0 0.7921875 0.40078125 0.0203125 0.02578125
0 0.80625 0.4171875 0.02421875 0.0375
0 0.759375 0.39765625 0.025 0.03828125
0 0.803125 0.4609375 0.02265625 0.03125
0 0.8453125 0.5171875 0.015625 0.03828125
0 0.78203125 0.6453125 0.04609375 0.06796875
0 0.7296875 0.50859375 0.02890625 0.04296875
0 0.70625 0.48828125 0.03125 0.04296875
0 0.70859375 0.45625 0.02890625 0.034375
0 0.6109375 0.70234375 0.046875 0.065625
0 0.56484375 0.68203125 0.04609375 0.053125
0 0.56796875 0.74765625 0.0421875 0.07734375
0 0.5265625 0.71328125 0.053125 0.0421875
0 0.51640625 0.78984375 0.0703125 0.10703125
0 0.47890625 0.77109375 0.05703125 0.075
0 0.4703125 0.86328125 0.071875 0.08671875
0 0.43515625 0.82421875 0.06484375 0.08203125
0 0.3765625 0.8640625 0.078125 0.07265625
2 0.409375 0.72421875 0.140625 0.19296875
3 0.3890625 0.94140625 0.1125 0.1171875
0 0.30859375 0.80390625 0.0703125 0.07890625
0 0.32109375 0.846875 0.0765625 0.09765625
0 0.23203125 0.8625 0.0765625 0.07890625
0 0.30390625 0.94375 0.0765625 0.103125
0 0.22578125 0.92890625 0.0984375 0.1078125
0 0.2421875 0.98046875 0.07265625 0.03828125
0 0.090625 0.94375 0.109375 0.1125
0 0.11875 0.9890625 0.0625 0.021875
