0 0.003125 0.7296875 0.00625 0.0375
0 0.49375 0.8140625 0.08125 0.153125
0 0.9734375 0.784375 0.053125 0.0546875
0 0.97734375 0.81875 0.0453125 0.084375
0 0.5078125 0.68125 0.0453125 0.06015625
2 0.3953125 0.6203125 0.06015625 0.0890625
2 0.428125 0.6140625 0.00625 0.065625
0 0.4578125 0.6359375 0.0359375 0.05234375
0 0.43671875 0.6078125 0.0109375 0.0296875
0 0.4984375 0.61484375 0.0234375 0.028125
0 0.43984375 0.596875 0.015625 0.0265625
0 0.4609375 0.60625 0.0234375 0.03125
0 0.49140625 0.58046875 0.01484375 0.021875
0 0.46953125 0.56484375 0.01171875 0.01796875
0 0.503125 0.55703125 0.00859375 0.01328125
0 0.48984375 0.57109375 0.01015625 0.01171875
0 0.4890625 0.5640625 0.00859375 0.00390625
0 0.48828125 0.56171875 0.009375 0.0125
0 0.47734375 0.55 0.00625 0.009375
0 0.46484375 0.55078125 0.00703125 0.0078125
0 0.46796875 0.54765625 0.00546875 0.01015625
0 0.5015625 0.5484375 0.00703125 0.009375
2 0.4796875 0.53984375 0.0078125 0.01953125
