0 0.965625 0.42734375 0.0328125 0.02109375
3 0.99296875 0.50390625 0.0140625 0.0421875
0 0.9828125 0.58203125 0.034375 0.0390625
0 0.93359375 0.42578125 0.02890625 0.02265625
0 0.33125 0.3 0.009375 0.01328125
3 0.08828125 0.9921875 0.0828125 0.015625
0 0.1703125 0.834375 0.08671875 0.0859375
0 0.203125 0.92734375 0.0875 0.11953125
0 0.28125 0.81015625 0.07265625 0.0875
0 0.3625 0.94375 0.0828125 0.1125
0 0.3359375 0.87265625 0.075 0.0953125
0 0.434375 0.81328125 0.06015625 0.0890625
0 0.34609375 0.73203125 0.059375 0.06328125
0 0.6859375 0.8734375 0.05078125 0.084375
0 0.46875 0.7546875 0.0421875 0.05625
0 0.496875 0.703125 0.0453125 0.0625
0 0.3859375 0.66796875 0.02265625 0.05859375
3 0.43828125 0.6546875 0.10234375 0.18203125
0 0.515625 0.6484375 0.0453125 0.06484375
0 0.46953125 0.55234375 0.0328125 0.02421875
0 0.5015625 0.59140625 0.0234375 0.05390625
0 0.5375 0.6109375 0.03515625 0.046875
0 0.51953125 0.55703125 0.0328125 0.03671875
0 0.53359375 0.521875 0.02734375 0.03828125
0 0.56015625 0.55703125 0.0328125 0.04609375
3 0.6953125 0.60234375 0.03203125 0.053125
0 0.57265625 0.5234375 0.03203125 0.03984375
0 0.58671875 0.50078125 0.02421875 0.0328125
0 0.59453125 0.47578125 0.0234375 0.0328125
0 0.60234375 0.4625 0.01796875 0.02734375
0 0.525 0.375 0.0140625 0.01953125
3 0.60625 0.42890625 0.02421875 0.0421875
0 0.61328125 0.41171875 0.01484375 0.02421875
0 0.6078125 0.39765625 0.01328125 0.0203125
0 0.51640625 0.33671875 0.0109375 0.0125
0 0.2859375 0.3640625 0.01953125 0.01484375
3 0.5765625 0.325 0.02265625 0.040625
0 0.590625 0.36640625 0.01875 0.01875
