0 0.1375 0.3703125 0.05234375 0.05234375
3 0.2140625 0.2671875 0.04765625 0.03046875
0 0.25 0.25 0.0296875 0.015625
3 0.2359375 0.25625 0.04140625 0.02734375
3 0.2640625 0.29453125 0.05625 0.0375
2 0.2984375 0.23203125 0.0375 0.05625
0 0.33359375 0.26171875 0.03203125 0.0203125
0 0.359375 0.25390625 0.021875 0.02421875
0 0.3296875 0.20390625 0.03984375 0.02109375
3 0.4078125 0.21640625 0.0171875 0.0359375
0 0.42421875 0.20546875 0.0171875 0.0203125
0 0.44921875 0.18046875 0.0203125 0.02109375
3 0.42265625 0.178125 0.025 0.028125
0 0.421875 0.21640625 0.0125 0.01796875
0 0.5859375 0.41953125 0.03359375 0.04140625
0 0.3953125 0.5640625 0.05703125 0.06484375
2 0.65078125 0.13828125 0.01328125 0.01796875
0 0.64140625 0.16953125 0.0109375 0.01328125
0 0.58046875 0.140625 0.01171875 0.0140625
3 0.56328125 0.1625 0.0125 0.0234375
0 0.584375 0.16953125 0.0125 0.01875
0 0.57578125 0.190625 0.0140625 0.01953125
0 0.54765625 0.25234375 0.02109375 0.03671875
3 0.48671875 0.33984375 0.02890625 0.0390625
0 0.475 0.2390625 0.02109375 0.0234375
0 0.4453125 0.278125 0.028125 0.02734375
3 0.38828125 0.31640625 0.03828125 0.05859375
0 0.1625 0.4171875 0.05859375 0.046875
