0 0.35625 0.9546875 0.071875 0.090625
0 0.53828125 0.95234375 0.07421875 0.0953125
0 0.42109375 0.825 0.0578125 0.0859375
0 0.45859375 0.76171875 0.05546875 0.0671875
0 0.48984375 0.6921875 0.05234375 0.078125
0 0.5234375 0.62265625 0.04140625 0.0546875
3 0.69140625 0.646875 0.06015625 0.12890625
0 0.546875 0.58984375 0.0328125 0.04765625
0 0.490625 0.48359375 0.02890625 0.0359375
0 0.5609375 0.55703125 0.0328125 0.040625
3 0.57421875 0.5171875 0.0328125 0.0546875
0 0.58984375 0.48125 0.02421875 0.0328125
3 0.609375 0.4078125 0.02578125 0.06171875
0 0.54140625 0.35390625 0.0140625 0.0171875
0 0.5953125 0.365625 0.0234375 0.03828125
0 0.5765625 0.3421875 0.0125 0.015625
0 0.56640625 0.32109375 0.01171875 0.01328125
0 0.61796875 0.3625 0.01484375 0.01953125
0 0.62734375 0.35234375 0.0140625 0.021875
0 0.7 0.42421875 0.01875 0.02265625
0 0.56171875 0.31171875 0.01328125 0.0109375
0 0.51640625 0.34296875 0.01171875 0.01953125
0 0.965625 0.42734375 0.0328125 0.02109375
0 0.99765625 0.42421875 0.0046875 0.01484375
3 0.99296875 0.50390625 0.0140625 0.0421875
0 0.9828125 0.58203125 0.034375 0.0390625
0 0.93359375 0.42578125 0.02890625 0.02265625
0 0.33125 0.3 0.009375 0.01328125
