0 0.06328125 0.9484375 0.1078125 0.103125
0 0.2796875 0.7953125 0.08984375 0.13046875
0 0.29921875 0.65 0.071875 0.090625
0 0.40234375 0.50078125 0.05 0.07265625
0 0.48046875 0.45078125 0.03828125 0.06796875
3 0.5046875 0.3421875 0.03515625 0.0671875
3 0.5578125 0.3734375 0.028125 0.05703125
0 0.5546875 0.33671875 0.02265625 0.02890625
0 0.55703125 0.29140625 0.015625 0.02109375
0 0.57109375 0.3078125 0.01796875 0.025
0 0.5765625 0.2921875 0.01640625 0.01953125
0 0.60234375 0.28359375 0.01484375 0.01953125
0 0.5859375 0.27421875 0.0140625 0.01796875
0 0.60234375 0.24609375 0.01015625 0.01640625
0 0.6796875 0.4578125 0.02890625 0.0453125
0 0.1734375 0.44921875 0.065625 0.04609375
0 0.396875 0.38984375 0.02734375 0.0375
3 0.90546875 0.3625 0.02890625 0.04296875
