0 0.18984375 0.34765625 0.053125 0.02734375
0 0.2984375 0.89140625 0.1109375 0.21640625
0 0.22421875 0.75703125 0.0875 0.153125
0 0.3140625 0.6046875 0.0515625 0.09453125
0 0.46015625 0.6984375 0.0578125 0.0984375
0 0.55859375 0.6796875 0.05546875 0.1015625
0 0.40859375 0.54609375 0.04921875 0.08203125
0 0.37265625 0.44296875 0.04296875 0.071875
0 0.55625 0.425 0.03125 0.05078125
0 0.40234375 0.38984375 0.0296875 0.04296875
0 0.45 0.3953125 0.03046875 0.0453125
0 0.42421875 0.3515625 0.02578125 0.03671875
0 0.4375 0.315625 0.0234375 0.03125
0 0.4703125 0.3296875 0.02109375 0.03125
0 0.5125 0.32265625 0.01953125 0.025
0 0.453125 0.29453125 0.0171875 0.02421875
0 0.48828125 0.28671875 0.01484375 0.02265625
0 0.4640625 0.28046875 0.0140625 0.01875
0 0.515625 0.29296875 0.015625 0.02421875
0 0.5453125 0.278125 0.01171875 0.0171875
0 0.5328125 0.26796875 0.0109375 0.01796875
0 0.5421875 0.26328125 0.00625 0.01015625
0 0.49453125 0.271875 0.0125 0.0140625
0 0.47578125 0.26953125 0.01015625 0.01640625
0 0.50234375 0.253125 0.00859375 0.01171875
