3 0.9921875 0.5046875 0.015625 0.0421875
0 0.96640625 0.428125 0.0328125 0.02265625
0 0.93359375 0.4265625 0.0296875 0.0234375
0 0.2859375 0.3625 0.01953125 0.01796875
0 0.33125 0.3 0.009375 0.01484375
0 0.246875 0.75078125 0.0625 0.06875
0 0.33828125 0.75078125 0.0578125 0.065625
0 0.4109375 0.84921875 0.06953125 0.0875
0 0.48125 0.71875 0.05390625 0.08125
0 0.3953125 0.58828125 0.0265625 0.04296875
3 0.43515625 0.5921875 0.06875 0.09921875
0 0.53359375 0.61640625 0.03984375 0.0484375
0 0.63828125 0.58515625 0.0328125 0.0375
3 0.70625 0.5890625 0.04375 0.08359375
0 0.56640625 0.54296875 0.03203125 0.04453125
0 0.46796875 0.5078125 0.0265625 0.03203125
0 0.51171875 0.50390625 0.02734375 0.03046875
0 0.5828125 0.50859375 0.02265625 0.0296875
0 0.69140625 0.49921875 0.02421875 0.028125
0 0.6359375 0.4703125 0.02265625 0.028125
0 0.51953125 0.43515625 0.01796875 0.0296875
0 0.59375 0.48515625 0.021875 0.03046875
3 0.6 0.45625 0.02109375 0.0296875
0 0.5203125 0.3875 0.01484375 0.01796875
0 0.6109375 0.425 0.01640625 0.021875
3 0.67578125 0.44453125 0.0203125 0.03515625
0 0.66875 0.41328125 0.0203125 0.02265625
0 0.64140625 0.41796875 0.015625 0.02109375
0 0.553125 0.40078125 0.0171875 0.02578125
0 0.57265625 0.3765625 0.0171875 0.02265625
0 0.6078125 0.4078125 0.015625 0.02421875
0 0.60625 0.39296875 0.0171875 0.02265625
0 0.9828125 0.5828125 0.034375 0.0390625
0 0.99765625 0.42265625 0.0046875 0.01640625
0 0.59375 0.3734375 0.0140625 0.01875
0 0.54296875 0.34453125 0.0125 0.01953125
0 0.6359375 0.39296875 0.01796875 0.02265625
0 0.64765625 0.378125 0.01484375 0.01796875
0 0.6125 0.36015625 0.01484375 0.0171875
