0 0.96640625 0.428125 0.0328125 0.02265625
0 0.93359375 0.4265625 0.0296875 0.0234375
0 0.2859375 0.3625 0.01953125 0.01796875
0 0.33125 0.3 0.009375 0.01484375
0 0.24453125 0.978125 0.06796875 0.04296875
0 0.36484375 0.94375 0.078125 0.11171875
3 0.67890625 0.92890625 0.0703125 0.14140625
2 0.2984375 0.7734375 0.103125 0.1359375
0 0.45 0.7765625 0.0609375 0.08671875
3 0.4921875 0.69921875 0.053125 0.0625
0 0.6234375 0.703125 0.03828125 0.05
0 0.5265625 0.6359375 0.040625 0.05234375
0 0.546875 0.58984375 0.034375 0.04296875
0 0.6703125 0.621875 0.03203125 0.03671875
3 0.41484375 0.565625 0.05078125 0.0515625
0 0.47734375 0.534375 0.06484375 0.09296875
0 0.5671875 0.54921875 0.0296875 0.0359375
0 0.621875 0.528125 0.02890625 0.03203125
0 0.665625 0.49296875 0.02109375 0.025
0 0.58046875 0.515625 0.025 0.0359375
0 0.4875 0.48515625 0.02421875 0.021875
0 0.54921875 0.46875 0.02109375 0.02734375
0 0.59296875 0.478125 0.0234375 0.034375
0 0.43671875 0.43125 0.04140625 0.021875
0 0.7078125 0.47578125 0.0203125 0.02421875
0 0.50625 0.45078125 0.0203125 0.0203125
0 0.603125 0.4609375 0.01640625 0.0265625
0 0.6390625 0.43984375 0.01953125 0.0234375
0 0.57890625 0.41875 0.01640625 0.02265625
0 0.553125 0.415625 0.0171875 0.02109375
0 0.52421875 0.40859375 0.01484375 0.0203125
3 0.59609375 0.36640625 0.01875 0.034375
0 0.63671875 0.40234375 0.015625 0.01796875
0 0.6671875 0.409375 0.01484375 0.0203125
0 0.68046875 0.38125 0.01640625 0.01796875
0 0.63515625 0.3625 0.0140625 0.0171875
0 0.653125 0.35234375 0.015625 0.0234375
0 0.54765625 0.3625 0.01328125 0.02890625
0 0.6078125 0.41171875 0.01796875 0.021875
0 0.6078125 0.43984375 0.01875 0.0296875
0 0.56875 0.3609375 0.0140625 0.01875
0 0.58203125 0.3546875 0.00859375 0.015625
0 0.54140625 0.346875 0.0109375 0.0171875
0 0.521875 0.36015625 0.01328125 0.015625
0 0.56953125 0.328125 0.0125 0.01640625
