0 0.59140625 0.48671875 0.021875 0.0234375
0 0.03515625 0.70859375 0.0703125 0.0765625
0 0.08125 0.68125 0.125 0.075
0 0.14375 0.6515625 0.05546875 0.07890625
3 0.40546875 0.61328125 0.0421875 0.10859375
0 0.42265625 0.5546875 0.02890625 0.04453125
0 0.47578125 0.45625 0.0140625 0.02265625
0 0.4640625 0.42890625 0.00703125 0.00859375
0 0.46484375 0.421875 0.00859375 0.0078125
0 0.48515625 0.440625 0.009375 0.01328125
0 0.47734375 0.409375 0.00625 0.00546875
0 0.4765625 0.43203125 0.00859375 0.01484375
2 0.50234375 0.42578125 0.0109375 0.025
0 0.4875 0.43203125 0.009375 0.01484375
0 0.4765625 0.41796875 0.00625 0.0078125
0 0.29296875 0.5296875 0.0140625 0.025
