0 0.609375 0.64375 0.06875 0.0375
0 0.40390625 0.63828125 0.03515625 0.05546875
0 0.4515625 0.64375 0.03359375 0.0390625
0 0.421875 0.6328125 0.01953125 0.04453125
0 0.45859375 0.63203125 0.021875 0.03515625
0 0.4578125 0.6109375 0.025 0.03125
0 0.4671875 0.609375 0.015625 0.034375
0 0.428125 0.615625 0.01875 0.0296875
0 0.4921875 0.59296875 0.01796875 0.03203125
0 0.484375 0.5734375 0.01328125 0.0203125
2 0.5046875 0.56640625 0.02109375 0.03359375
0 0.43359375 0.60625 0.015625 0.025
0 0.44765625 0.5796875 0.01328125 0.02421875
0 0.44296875 0.584375 0.01328125 0.02265625
0 0.47421875 0.5546875 0.009375 0.01640625
0 0.4875 0.5640625 0.01015625 0.015625
0 0.4375 0.6 0.01484375 0.0234375
0 0.44140625 0.5921875 0.01484375 0.01875
0 0.46640625 0.54921875 0.0078125 0.01171875
