0 0.584375 0.94921875 0.0828125 0.1015625
0 0.15546875 0.9609375 0.1046875 0.078125
0 0.22109375 0.98125 0.096875 0.03671875
0 0.28125 0.890625 0.12421875 0.21484375
0 0.25546875 0.81796875 0.09609375 0.14921875
0 0.3703125 0.77109375 0.0796875 0.128125
0 0.43515625 0.6203125 0.0609375 0.1046875
0 0.35390625 0.653125 0.07109375 0.11171875
0 0.28203125 0.6609375 0.075 0.10078125
0 0.21171875 0.778125 0.0921875 0.11484375
0 0.35 0.56875 0.0546875 0.06875
3 0.3921875 0.50390625 0.05 0.06640625
0 0.4328125 0.4578125 0.03984375 0.05
0 0.4546875 0.5015625 0.0421875 0.05703125
0 0.50234375 0.496875 0.034375 0.05859375
0 0.4671875 0.4140625 0.03203125 0.040625
0 0.5015625 0.4234375 0.0328125 0.04140625
3 0.496875 0.36796875 0.02578125 0.0375
0 0.521875 0.33671875 0.02109375 0.03046875
0 0.5203125 0.29375 0.01796875 0.021875
0 0.396875 0.3875 0.0234375 0.0359375
0 0.41953125 0.37109375 0.0203125 0.0296875
0 0.55 0.34140625 0.021875 0.03203125
0 0.55 0.2984375 0.01875 0.02421875
0 0.56875 0.3109375 0.01875 0.02421875
3 0.59375 0.3 0.01640625 0.03125
0 0.55078125 0.5921875 0.04765625 0.0703125
0 0.57578125 0.47265625 0.03203125 0.04921875
0 0.67578125 0.41640625 0.02421875 0.04140625
0 0.67421875 0.37421875 0.02109375 0.0203125
0 0.66015625 0.309375 0.01328125 0.02265625
0 0.67578125 0.325 0.01796875 0.03828125
3 0.5890625 0.2640625 0.01171875 0.0328125
0 0.60078125 0.25 0.00859375 0.015625
0 0.61015625 0.265625 0.01484375 0.01640625
0 0.61484375 0.2484375 0.0140625 0.015625
0 0.62265625 0.23203125 0.01171875 0.01640625
0 0.61796875 0.21328125 0.009375 0.0125
0 0.6328125 0.2078125 0.01015625 0.01328125
