0 0.13515625 0.96953125 0.0890625 0.06015625
0 0.19765625 0.9828125 0.0578125 0.0328125
0 0.2875 0.965625 0.06796875 0.06796875
0 0.3109375 0.82890625 0.05859375 0.1046875
0 0.41953125 0.8515625 0.04921875 0.06875
0 0.38671875 0.81171875 0.04921875 0.0640625
2 0.49921875 0.77421875 0.07890625 0.1578125
0 0.459375 0.77890625 0.03203125 0.05625
0 0.48984375 0.71875 0.03828125 0.06015625
0 0.4609375 0.7046875 0.0359375 0.04765625
0 0.43046875 0.6828125 0.03828125 0.053125
0 0.46328125 0.63515625 0.03125 0.0421875
0 0.55078125 0.70546875 0.03359375 0.04765625
0 0.5265625 0.66796875 0.03203125 0.04296875
0 0.5703125 0.64453125 0.03046875 0.0546875
0 0.515625 0.62109375 0.0296875 0.03828125
0 0.53515625 0.58125 0.02890625 0.0421875
0 0.58984375 0.61953125 0.02578125 0.0390625
0 0.6109375 0.57734375 0.025 0.03515625
0 0.5640625 0.459375 0.0234375 0.02265625
0 0.70703125 0.53984375 0.0171875 0.03046875
