3 0.76953125 0.48046875 0.04140625 0.08359375
0 0.69921875 0.38203125 0.05 0.040625
2 0.3953125 0.24375 0.021875 0.0421875
2 0.33046875 0.29765625 0.02265625 0.0515625
2 0.41328125 0.39453125 0.03828125 0.10625
2 0.4078125 0.5609375 0.06640625 0.13671875
2 0.40078125 0.7328125 0.09609375 0.284375
2 0.38828125 0.9140625 0.1109375 0.171875
0 0.37421875 0.2546875 0.015625 0.02421875
0 0.46328125 0.26953125 0.01640625 0.0203125
0 0.49375 0.3171875 0.01875 0.0296875
0 0.5125 0.22109375 0.0140625 0.0203125
0 0.5296875 0.26796875 0.0140625 0.021875
0 0.5359375 0.278125 0.01640625 0.02578125
0 0.54140625 0.28828125 0.015625 0.02109375
0 0.5453125 0.29921875 0.01328125 0.02578125
0 0.55390625 0.30703125 0.01796875 0.0265625
0 0.56171875 0.32109375 0.01953125 0.02734375
0 0.571875 0.33203125 0.02421875 0.028125
0 0.35234375 0.346875 0.0203125 0.03046875
0 0.328125 0.33828125 0.01953125 0.03125
0 0.3046875 0.36171875 0.01875 0.02890625
0 0.29921875 0.3765625 0.02109375 0.04140625
0 0.29296875 0.390625 0.0203125 0.03984375
0 0.28515625 0.4015625 0.0234375 0.03984375
0 0.6359375 0.421875 0.02265625 0.04140625
3 0.659375 0.42734375 0.0359375 0.071875
0 0.37421875 0.44453125 0.02890625 0.03671875
0 0.31328125 0.4640625 0.0265625 0.04609375
0 0.365625 0.46484375 0.03125 0.05234375
0 0.359375 0.50546875 0.03359375 0.05546875
0 0.3515625 0.53828125 0.03671875 0.05
0 0.3515625 0.57890625 0.03984375 0.053125
0 0.14921875 0.58125 0.0546875 0.0703125
0 0.2015625 0.6515625 0.05390625 0.06875
3 0.25 0.68046875 0.05078125 0.08515625
0 0.33984375 0.6140625 0.03984375 0.04296875
0 0.35546875 0.66875 0.015625 0.06875
3 0.32421875 0.68828125 0.05234375 0.1328125
0 0.2375 0.7515625 0.05625 0.0875
0 0.21015625 0.81328125 0.06484375 0.11328125
0 0.31171875 0.7953125 0.0609375 0.10078125
0 0.29453125 0.88359375 0.06953125 0.11328125
0 0.16171875 0.96171875 0.08125 0.0765625
0 0.26640625 0.95546875 0.0796875 0.0890625
0 0.55390625 0.63359375 0.06484375 0.08984375
0 0.48984375 0.69765625 0.046875 0.084375
0 0.496875 0.77734375 0.06171875 0.10234375
0 0.5109375 0.87421875 0.07265625 0.134375
0 0.53359375 0.94765625 0.06015625 0.1046875
