0 0.97890625 0.575 0.0421875 0.0984375
0 0.7 0.41328125 0.059375 0.034375
0 0.7 0.396875 0.0546875 0.03515625
0 0.740625 0.38984375 0.025 0.0296875
0 0.7703125 0.39296875 0.06484375 0.0359375
0 0.80703125 0.3796875 0.0390625 0.02578125
0 0.83984375 0.3828125 0.04375 0.03046875
0 0.92109375 0.365625 0.04140625 0.03515625
0 0.684375 0.33671875 0.0390625 0.02421875
0 0.7234375 0.31796875 0.028125 0.015625
0 0.70390625 0.3140625 0.009375 0.01328125
0 0.6890625 0.315625 0.0125 0.01484375
0 0.66875 0.32578125 0.009375 0.0125
1 0.5796875 0.38984375 0.01171875 0.025
0 0.6265625 0.334375 0.00859375 0.01328125
0 0.62734375 0.35859375 0.0109375 0.01640625
0 0.6046875 0.35546875 0.01015625 0.015625
0 0.52578125 0.51328125 0.0484375 0.0640625
0 0.49375 0.57265625 0.0609375 0.0875
