3 0.359375 0.6375 0.021875 0.06328125
0 0.92109375 0.665625 0.05 0.04609375
3 0.1265625 0.96640625 0.14609375 0.06640625
0 0.97734375 0.6984375 0.04453125 0.05546875
0 0.60703125 0.740625 0.028125 0.03203125
0 0.659375 0.59609375 0.0296875 0.02734375
3 0.5453125 0.62109375 0.03515625 0.06640625
0 0.515625 0.5796875 0.01796875 0.02890625
0 0.38515625 0.484375 0.0109375 0.01796875
3 0.4359375 0.5125 0.01796875 0.04453125
0 0.42578125 0.503125 0.003125 0.01484375
0 0.45078125 0.4984375 0.01015625 0.01484375
0 0.45234375 0.4765625 0.00703125 0.0125
2 0.37421875 0.44609375 0.01015625 0.02109375
