0 0.17890625 0.45078125 0.05859375 0.05390625
0 0.396875 0.3875 0.028125 0.03828125
0 0.10234375 0.496875 0.08125 0.05390625
3 0.1953125 0.81171875 0.25234375 0.37578125
0 0.2875 0.92578125 0.109375 0.1484375
3 0.2515625 0.61328125 0.14140625 0.18359375
0 0.38046875 0.7703125 0.08046875 0.12421875
0 0.3421875 0.57421875 0.04453125 0.07890625
0 0.3796875 0.63046875 0.0609375 0.08125
0 0.43125 0.6625 0.0609375 0.09453125
0 0.69296875 0.9203125 0.0734375 0.159375
0 0.60703125 0.665625 0.05078125 0.084375
0 0.425 0.55546875 0.04921875 0.06953125
0 0.4640625 0.48515625 0.03984375 0.053125
0 0.49375 0.43515625 0.0328125 0.040625
0 0.54609375 0.40625 0.03046875 0.04296875
0 0.56640625 0.31484375 0.01796875 0.02265625
0 0.525 0.33125 0.02265625 0.03125
0 0.6765625 0.31171875 0.015625 0.0234375
0 0.52109375 0.2953125 0.01796875 0.02421875
