0 0.95078125 0.9609375 0.078125 0.078125
0 0.684375 0.75546875 0.05390625 0.0578125
0 0.64609375 0.6765625 0.04453125 0.0484375
0 0.6390625 0.975 0.065625 0.05
0 0.4359375 0.828125 0.0671875 0.07421875
0 0.29140625 0.86328125 0.0609375 0.10234375
0 0.11171875 0.83125 0.05078125 0.07890625
3 0.45390625 0.6921875 0.046875 0.1015625
0 0.19609375 0.79765625 0.05 0.12734375
0 0.5875 0.925 0.07109375 0.08984375
0 0.521875 0.96015625 0.0609375 0.07890625
0 0.30625 0.68828125 0.04296875 0.06328125
0 0.18359375 0.68203125 0.0390625 0.0640625
0 0.16484375 0.63125 0.0375 0.0453125
0 0.32890625 0.64921875 0.03359375 0.05625
0 0.27734375 0.628125 0.03203125 0.03203125
0 0.2328125 0.6 0.03359375 0.0375
0 0.29765625 0.46640625 0.01875 0.0296875
0 0.4359375 0.98515625 0.05859375 0.0296875
0 0.59296875 0.6203125 0.03203125 0.03203125
0 0.24375 0.4421875 0.02109375 0.0328125
0 0.2296875 0.40859375 0.01796875 0.025
0 0.2125 0.38828125 0.01953125 0.0265625
3 0.2546875 0.3859375 0.03203125 0.06328125
0 0.3875 0.46640625 0.02265625 0.02890625
0 0.35234375 0.3890625 0.0203125 0.01953125
0 0.190625 0.36875 0.01875 0.0328125
0 0.328125 0.42734375 0.02109375 0.03125
0 0.33203125 0.40390625 0.01953125 0.02421875
0 0.23828125 0.2703125 0.0109375 0.025
