0 0.18984375 0.3484375 0.053125 0.028125
0 0.23828125 0.971875 0.09453125 0.05546875
0 0.221875 0.78203125 0.09296875 0.15
0 0.43046875 0.9359375 0.09140625 0.128125
0 0.5765625 0.70625 0.06953125 0.13984375
0 0.3796875 0.6171875 0.059375 0.09609375
0 0.32421875 0.54609375 0.0546875 0.07734375
0 0.4390625 0.4296875 0.03046875 0.0484375
0 0.4984375 0.415625 0.03203125 0.04375
3 0.3921875 0.371875 0.065625 0.1328125
0 0.43125 0.3390625 0.01640625 0.03828125
0 0.4546875 0.371875 0.0234375 0.04140625
0 0.5046875 0.359375 0.02421875 0.025
2 0.44296875 0.2953125 0.03046875 0.05625
0 0.47890625 0.3078125 0.01875 0.02421875
2 0.5453125 0.29296875 0.02421875 0.053125
0 0.46328125 0.28203125 0.01015625 0.02578125
0 0.4875 0.29375 0.01640625 0.0265625
0 0.51640625 0.2921875 0.0140625 0.02421875
0 0.51875 0.271875 0.01171875 0.0140625
0 0.46953125 0.2765625 0.01328125 0.025
0 0.5390625 0.2578125 0.0109375 0.0125
2 0.5390625 0.24296875 0.0109375 0.02421875
0 0.478125 0.271875 0.00390625 0.01484375
0 0.5203125 0.26015625 0.01015625 0.01328125
