0 0.55 0.30078125 0.0296875 0.0421875
0 0.55 0.27734375 0.03046875 0.02734375
0 0.528125 0.26875 0.0203125 0.03125
0 0.50078125 0.2703125 0.02421875 0.01875
0 0.50625 0.28203125 0.04765625 0.0234375
0 0.80703125 0.8265625 0.0984375 0.13125
0 0.7765625 0.58515625 0.071875 0.07109375
0 0.27578125 0.6921875 0.06171875 0.12578125
0 0.35 0.62265625 0.059375 0.09921875
0 0.44296875 0.6609375 0.07421875 0.13828125
0 0.52265625 0.66328125 0.0734375 0.10859375
0 0.5296875 0.54375 0.06484375 0.08203125
0 0.56484375 0.5140625 0.0609375 0.06015625
0 0.45078125 0.5375 0.05625 0.07890625
0 0.2640625 0.59453125 0.05078125 0.09296875
0 0.31640625 0.53671875 0.04921875 0.07734375
0 0.37890625 0.51484375 0.0515625 0.07421875
0 0.4109375 0.4671875 0.04765625 0.0640625
0 0.24765625 0.509375 0.04375 0.0796875
0 0.2390625 0.45703125 0.0390625 0.06328125
0 0.29609375 0.471875 0.03984375 0.065625
0 0.35078125 0.453125 0.04375 0.0734375
3 0.28671875 0.40703125 0.03671875 0.0828125
0 0.33125 0.41484375 0.0359375 0.053125
0 0.375 0.4109375 0.03828125 0.05546875
0 0.43359375 0.41328125 0.04296875 0.046875
0 0.46875 0.3484375 0.0375 0.0484375
3 0.4609375 0.3 0.03515625 0.05
0 0.27734375 0.284375 0.0234375 0.03125
0 0.3171875 0.2421875 0.01796875 0.0203125
3 0.3546875 0.24296875 0.0203125 0.0375
0 0.3078125 0.221875 0.01484375 0.01796875
0 0.15546875 0.2203125 0.00859375 0.01953125
3 0.171875 0.21875 0.009375 0.021875
2 0.1578125 0.2015625 0.009375 0.01796875
0 0.16484375 0.21484375 0.00625 0.01328125
0 0.26953125 0.2109375 0.00859375 0.01171875
0 0.24765625 0.2109375 0.01015625 0.01484375
0 0.22734375 0.209375 0.00859375 0.0109375
0 0.2375 0.2109375 0.00859375 0.0125
0 0.26328125 0.2109375 0.0046875 0.0109375
0 0.25859375 0.209375 0.0046875 0.0109375
0 0.21328125 0.209375 0.0078125 0.01171875
0 0.19296875 0.2046875 0.00625 0.01015625
0 0.203125 0.2078125 0.01171875 0.01328125
0 0.1640625 0.19140625 0.0046875 0.00703125
