0 0.40703125 0.31640625 0.01484375 0.01640625
0 0.1546875 0.43125 0.0234375 0.0328125
0 0.31171875 0.3875 0.0140625 0.02421875
0 0.24765625 0.40234375 0.02265625 0.02578125
0 0.3609375 0.40546875 0.0203125 0.02421875
0 0.41484375 0.40390625 0.0171875 0.025
0 0.35234375 0.4296875 0.01796875 0.02421875
0 0.3796875 0.42109375 0.0203125 0.02578125
3 0.42734375 0.453125 0.02421875 0.0484375
0 0.4703125 0.45234375 0.0203125 0.02109375
0 0.37734375 0.484375 0.02421875 0.01953125
0 0.24921875 0.4515625 0.02109375 0.0328125
0 0.221875 0.46875 0.025 0.03125
0 0.3046875 0.48359375 0.025 0.0203125
0 0.578125 0.4578125 0.01171875 0.03359375
0 0.26328125 0.6 0.02890625 0.03359375
2 0.10546875 0.7625 0.06640625 0.15
2 0.17578125 0.625 0.04765625 0.03359375
2 0.465625 0.8359375 0.075 0.1515625
0 0.6203125 0.57109375 0.03046875 0.025
0 0.50078125 0.640625 0.034375 0.03515625
0 0.6265625 0.61640625 0.0390625 0.040625
0 0.56875 0.71875 0.0359375 0.04453125
3 0.7640625 0.68359375 0.046875 0.0671875
0 0.64453125 0.8046875 0.05546875 0.06640625
3 0.84453125 0.8375 0.0671875 0.0921875
0 0.7109375 0.87421875 0.05625 0.0828125
0 0.965625 0.88828125 0.06875 0.0734375
0 0.81796875 0.978125 0.075 0.04375
0 0.25625 0.71171875 0.04296875 0.06953125
0 0.3109375 0.903125 0.05703125 0.0921875
0 0.3390625 0.98046875 0.06640625 0.03828125
0 0.32890625 0.63359375 0.01875 0.03671875
0 0.3515625 0.63671875 0.034375 0.03984375
0 0.39140625 0.62109375 0.03125 0.046875
0 0.4046875 0.63671875 0.03984375 0.04921875
0 0.35234375 0.66875 0.0390625 0.05703125
3 0.4375 0.6625 0.04296875 0.0625
0 0.36484375 0.68203125 0.034375 0.0515625
0 0.3765625 0.715625 0.01328125 0.05703125
0 0.453125 0.70625 0.05 0.06875
3 0.40625 0.7203125 0.0484375 0.11015625
0 0.4140625 0.78046875 0.0421875 0.07265625
0 0.41953125 0.82265625 0.01640625 0.06875
0 0.478125 0.7375 0.04453125 0.04453125
0 0.4984375 0.75703125 0.046875 0.04921875
0 0.51328125 0.81328125 0.0421875 0.0640625
0 0.52265625 0.85078125 0.02578125 0.07578125
3 0.5625 0.85625 0.0609375 0.1375
0 0.49140625 0.925 0.0609375 0.0875
0 0.528125 0.9546875 0.046875 0.0765625
0 0.60390625 0.94921875 0.06640625 0.08515625
0 0.54609375 0.9875 0.05625 0.02421875
0 0.64609375 0.97890625 0.0640625 0.0421875
0 0.93515625 0.81796875 0.0625 0.04921875
