0 0.04453125 0.89609375 0.0890625 0.08515625
3 0.35703125 0.6359375 0.0203125 0.06953125
0 0.9171875 0.66875 0.04609375 0.04296875
0 0.6203125 0.8453125 0.04140625 0.046875
0 0.58203125 0.7734375 0.0328125 0.0359375
0 0.5578125 0.7015625 0.028125 0.04375
0 0.509375 0.715625 0.025 0.0375
0 0.53125 0.66640625 0.01875 0.03046875
0 0.4578125 0.58828125 0.01640625 0.0234375
3 0.4171875 0.56875 0.02734375 0.0734375
0 0.47265625 0.55078125 0.0125 0.02109375
0 0.46015625 0.52265625 0.01171875 0.01875
0 0.4375 0.5359375 0.01171875 0.02421875
3 0.4203125 0.48984375 0.0203125 0.04140625
0 0.4703125 0.50234375 0.01015625 0.02578125
0 0.45546875 0.48984375 0.01015625 0.01328125
3 0.6640625 0.81171875 0.0484375 0.08515625
3 0.3171875 0.8265625 0.115625 0.153125
