0 0.68828125 0.3375 0.025 0.0296875
0 0.65859375 0.41328125 0.03359375 0.040625
0 0.69609375 0.425 0.03359375 0.05
0 0.66640625 0.47265625 0.03203125 0.03515625
0 0.53515625 0.56640625 0.04453125 0.059375
0 0.55546875 0.62890625 0.04609375 0.06953125
0 0.5109375 0.6953125 0.05390625 0.07265625
0 0.346875 0.68828125 0.0671875 0.0828125
0 0.35703125 0.7890625 0.08046875 0.09609375
0 0.3359375 0.92578125 0.09453125 0.1125
0 0.434375 0.95078125 0.0859375 0.0984375
0 0.48203125 0.88671875 0.06328125 0.10390625
0 0.51875 0.82734375 0.0671875 0.0921875
0 0.55 0.76171875 0.05234375 0.07578125
0 0.66015625 0.75234375 0.05546875 0.06640625
0 0.70859375 0.64296875 0.0453125 0.0578125
0 0.75234375 0.5203125 0.03828125 0.04921875
0 0.8234375 0.4734375 0.03125 0.04375
0 0.796875 0.41953125 0.03046875 0.03984375
