0 0.50859375 0.28125 0.0171875 0.02421875
0 0.5296875 0.27109375 0.015625 0.0265625
0 0.5375 0.28046875 0.01640625 0.01875
0 0.54453125 0.2921875 0.01875 0.025
0 0.503125 0.26328125 0.015625 0.0203125
0 0.4390625 0.24921875 0.015625 0.01953125
2 0.3546875 0.31484375 0.02421875 0.07109375
2 0.3625 0.278125 0.025 0.05625
2 0.25625 0.44765625 0.05078125 0.11640625
2 0.16015625 0.846875 0.13359375 0.30546875
2 0.25546875 0.92421875 0.1140625 0.15078125
0 0.54453125 0.35234375 0.02578125 0.03203125
0 0.71484375 0.50234375 0.03046875 0.04921875
0 0.30703125 0.36328125 0.028125 0.034375
0 0.29609375 0.3859375 0.01796875 0.02890625
0 0.28671875 0.4015625 0.021875 0.0375
0 0.31015625 0.43046875 0.025 0.03359375
0 0.3609375 0.446875 0.02578125 0.0453125
0 0.28671875 0.5 0.034375 0.04921875
0 0.34921875 0.5265625 0.03515625 0.05703125
0 0.26796875 0.5453125 0.04375 0.065625
0 0.63515625 0.659375 0.12109375 0.09296875
0 0.5265625 0.59375 0.04375 0.06875
0 0.253125 0.6546875 0.046875 0.071875
0 0.26015625 0.73203125 0.05859375 0.103125
0 0.40859375 0.76171875 0.05078125 0.10546875
0 0.3109375 0.8375 0.0609375 0.1140625
