0 0.17890625 0.45078125 0.05859375 0.05390625
0 0.396875 0.3875 0.028125 0.03828125
0 0.153125 0.56796875 0.0484375 0.06796875
0 0.31171875 0.48359375 0.06640625 0.053125
0 0.11484375 0.88046875 0.128125 0.1828125
0 0.16953125 0.934375 0.12890625 0.13046875
0 0.2484375 0.9859375 0.06875 0.028125
0 0.30390625 0.89140625 0.103125 0.16484375
0 0.28046875 0.78828125 0.0875 0.13046875
0 0.2453125 0.7046875 0.084375 0.14140625
3 0.4734375 0.82734375 0.0859375 0.17578125
0 0.56015625 0.9859375 0.0671875 0.028125
3 0.34921875 0.6421875 0.07265625 0.15703125
0 0.39921875 0.71953125 0.0765625 0.11328125
0 0.69375 0.75546875 0.05859375 0.10390625
0 0.51875 0.29453125 0.01484375 0.0265625
0 0.41484375 0.56953125 0.046875 0.071875
0 0.4765625 0.4625 0.0359375 0.0515625
0 0.63125 0.43515625 0.02734375 0.04296875
0 0.65 0.2921875 0.0140625 0.01875
3 0.64609375 0.3328125 0.021875 0.06171875
