0 0.98984375 0.55234375 0.0203125 0.03359375
0 0.73125 0.57890625 0.05234375 0.02734375
0 0.71640625 0.465625 0.01640625 0.0265625
0 0.68671875 0.46484375 0.0203125 0.02578125
0 0.70078125 0.43203125 0.0359375 0.02265625
0 0.6953125 0.4265625 0.034375 0.01953125
0 0.68203125 0.415625 0.01640625 0.02265625
0 0.6828125 0.37265625 0.015625 0.0203125
0 0.73125 0.68984375 0.05390625 0.0421875
3 0.51640625 0.35390625 0.021875 0.040625
0 0.5390625 0.36796875 0.0140625 0.01953125
0 0.5796875 0.37265625 0.0171875 0.02109375
0 0.50546875 0.3828125 0.0140625 0.0203125
0 0.5671875 0.39921875 0.015625 0.0234375
0 0.5578125 0.43125 0.01484375 0.021875
0 0.5015625 0.41875 0.021875 0.03203125
0 0.5140625 0.44765625 0.021875 0.0265625
0 0.54765625 0.4515625 0.0234375 0.02578125
0 0.534375 0.48359375 0.02421875 0.03203125
0 0.6015625 0.5125 0.02109375 0.02578125
1 0.43125 0.56171875 0.01796875 0.04453125
0 0.45078125 0.45546875 0.01953125 0.02734375
0 0.4953125 0.5796875 0.0328125 0.0375
0 0.35703125 0.503125 0.025 0.034375
0 0.39375 0.53203125 0.03203125 0.03359375
0 0.546875 0.55390625 0.02578125 0.04296875
0 0.55625 0.7015625 0.0265625 0.04921875
0 0.4578125 0.68515625 0.040625 0.04453125
0 0.3453125 0.54921875 0.03125 0.03984375
0 0.39765625 0.58984375 0.03515625 0.0484375
0 0.42109375 0.63515625 0.0328125 0.03984375
0 0.3578125 0.65234375 0.04140625 0.04609375
0 0.4015625 0.66875 0.0421875 0.046875
0 0.3703125 0.709375 0.0453125 0.05
0 0.35078125 0.76484375 0.04453125 0.0625
0 0.47421875 0.78828125 0.05390625 0.0734375
0 0.5203125 0.91015625 0.05390625 0.06640625
0 0.559375 0.3296875 0.01328125 0.0140625
0 0.33671875 0.95234375 0.075 0.08203125
0 0.26484375 0.934375 0.07265625 0.0875
0 0.3109375 0.84453125 0.0609375 0.07265625
0 0.25 0.81953125 0.06171875 0.07265625
3 0.17265625 0.83203125 0.07578125 0.07734375
0 0.153125 0.77109375 0.0609375 0.06171875
0 0.2390625 0.571875 0.0390625 0.03671875
0 0.21171875 0.60078125 0.040625 0.03828125
0 0.18359375 0.62890625 0.046875 0.04453125
0 0.146875 0.6640625 0.0546875 0.05
2 0.271875 0.6703125 0.1046875 0.13515625
