0 0.3671875 0.78125 0.08125 0.134375
0 0.36796875 0.62890625 0.07265625 0.11484375
3 0.5265625 0.64453125 0.05859375 0.1125
1 0.6375 0.36796875 0.01640625 0.0296875
0 0.46328125 0.4203125 0.0296875 0.0421875
0 0.396875 0.3875 0.0265625 0.03515625
0 0.509375 0.3578125 0.0203125 0.03046875
3 0.4765625 0.3234375 0.02421875 0.03671875
0 0.51953125 0.2921875 0.0140625 0.0265625
0 0.6328125 0.2765625 0.0125 0.0171875
0 0.61796875 0.2484375 0.0125 0.015625
3 0.62421875 0.22109375 0.01484375 0.028125
0 0.1734375 0.4484375 0.06484375 0.0453125
3 0.95 0.37734375 0.0671875 0.046875
0 0.675 0.3078125 0.01328125 0.02109375
0 0.653125 0.28671875 0.0125 0.01484375
0 0.63828125 0.24921875 0.01328125 0.01875
0 0.640625 0.23515625 0.00859375 0.009375
