0 0.1375 0.3703125 0.05234375 0.05234375
3 0.2140625 0.2671875 0.04765625 0.03046875
0 0.25 0.25 0.0296875 0.015625
3 0.2359375 0.25625 0.04140625 0.02734375
3 0.2640625 0.29453125 0.05625 0.0375
2 0.2984375 0.23203125 0.0375 0.05625
0 0.33359375 0.26171875 0.03203125 0.0203125
0 0.359375 0.25390625 0.021875 0.02421875
0 0.32890625 0.20390625 0.0390625 0.0203125
3 0.4078125 0.21640625 0.0171875 0.0359375
0 0.42421875 0.20546875 0.0171875 0.0203125
0 0.40390625 0.1921875 0.02578125 0.01640625
0 0.4484375 0.18203125 0.0171875 0.015625
3 0.42265625 0.178125 0.025 0.028125
0 0.421875 0.21640625 0.0125 0.01796875
0 0.58125 0.1390625 0.0125 0.015625
0 0.54609375 0.146875 0.0125 0.0109375
0 0.5578125 0.12890625 0.01328125 0.01328125
0 0.5453125 0.1578125 0.0125 0.01328125
0 0.57578125 0.19765625 0.01328125 0.0203125
0 0.640625 0.15859375 0.0109375 0.01328125
0 0.66484375 0.14765625 0.0109375 0.01328125
0 0.6890625 0.1828125 0.0125 0.01796875
0 0.7234375 0.19453125 0.015625 0.0203125
0 0.725 0.24921875 0.02421875 0.0265625
0 0.75 0.234375 0.02265625 0.021875
0 0.8 0.28828125 0.03125 0.025
0 0.86015625 0.38125 0.04921875 0.04375
0 0.64765625 0.190625 0.01484375 0.01796875
0 0.621875 0.2390625 0.01796875 0.01875
3 0.6140625 0.28359375 0.02734375 0.05546875
0 0.5546875 0.2703125 0.02109375 0.03828125
0 0.51796875 0.1828125 0.0140625 0.01796875
0 0.4796875 0.23515625 0.01796875 0.025
0 0.26640625 0.42734375 0.05546875 0.0515625
0 0.0328125 0.5578125 0.065625 0.071875
0 0.0265625 0.6265625 0.053125 0.071875
2 0.62109375 0.17265625 0.0203125 0.03828125
0 0.684375 0.15 0.009375 0.01171875
0 0.69765625 0.1703125 0.01328125 0.01484375
