0 0.55 0.30078125 0.0296875 0.0421875
0 0.55 0.27734375 0.03046875 0.02734375
0 0.528125 0.26875 0.0203125 0.03125
3 0.46796875 0.27421875 0.02890625 0.0359375
0 0.49453125 0.28125 0.034375 0.02109375
0 0.50078125 0.2703125 0.02421875 0.01875
0 0.553125 0.26015625 0.01953125 0.00703125
0 0.5375 0.36015625 0.03984375 0.0359375
0 0.0265625 0.921875 0.05234375 0.15546875
0 0.2765625 0.7234375 0.06328125 0.11328125
0 0.3609375 0.675 0.06796875 0.11796875
0 0.4375 0.66953125 0.07265625 0.11015625
0 0.54296875 0.69765625 0.084375 0.121875
0 0.75078125 0.88359375 0.08515625 0.1390625
0 0.59375 0.6328125 0.07890625 0.08203125
1 0.18515625 0.5984375 0.0375 0.0984375
2 0.25625 0.53359375 0.08125 0.2390625
0 0.328125 0.56015625 0.05234375 0.08359375
0 0.3984375 0.57890625 0.0546875 0.0859375
0 0.48359375 0.5953125 0.0625 0.08515625
0 0.44296875 0.5234375 0.0546875 0.07421875
0 0.30546875 0.49375 0.04296875 0.06875
0 0.3484375 0.446875 0.03828125 0.05234375
0 0.36953125 0.4984375 0.046875 0.06640625
0 0.39296875 0.44140625 0.04609375 0.06171875
0 0.2921875 0.44140625 0.0390625 0.06875
0 0.1734375 0.4375 0.0359375 0.05625
0 0.46953125 0.45625 0.05234375 0.0640625
1 0.56640625 0.45546875 0.02578125 0.0609375
3 0.56015625 0.40625 0.05546875 0.06796875
0 0.43046875 0.3984375 0.0390625 0.0421875
0 0.17421875 0.3515625 0.03125 0.0609375
0 0.32421875 0.40234375 0.0359375 0.05
0 0.275 0.4 0.03359375 0.0484375
3 0.2671875 0.36015625 0.03125 0.05
0 0.22890625 0.40859375 0.034375 0.0484375
0 0.21484375 0.321875 0.025 0.03671875
0 0.22421875 0.3734375 0.025 0.04140625
0 0.21875 0.34140625 0.028125 0.0359375
0 0.40390625 0.3203125 0.03203125 0.03671875
0 0.33828125 0.28203125 0.025 0.02734375
0 0.37421875 0.26171875 0.02265625 0.021875
0 0.30546875 0.2359375 0.01640625 0.0203125
0 0.328125 0.23359375 0.015625 0.0171875
0 0.31484375 0.21484375 0.01171875 0.01484375
0 0.28984375 0.221875 0.0125 0.0203125
0 0.278125 0.2109375 0.0109375 0.0140625
0 0.2328125 0.2125 0.01171875 0.015625
