0 0.175 0.36328125 0.01796875 0.02421875
0 0.190625 0.39140625 0.021875 0.0265625
0 0.14375 0.41484375 0.0265625 0.0375
0 0.0765625 0.39921875 0.02109375 0.03203125
0 0.325 0.48203125 0.05859375 0.05078125
0 0.2765625 0.578125 0.04296875 0.04140625
0 0.346875 0.696875 0.05390625 0.07578125
0 0.4140625 0.8390625 0.05390625 0.09921875
3 0.67890625 0.5359375 0.040625 0.08125
3 0.7296875 0.5125 0.059375 0.1234375
0 0.75859375 0.49609375 0.01953125 0.05
3 0.84765625 0.47578125 0.02578125 0.04609375
0 0.87734375 0.4515625 0.02265625 0.034375
0 0.90078125 0.39921875 0.021875 0.03046875
1 0.103125 0.371875 0.025 0.05
