0 0.04296875 0.89609375 0.0859375 0.08515625
3 0.35703125 0.6359375 0.0203125 0.06953125
0 0.390625 0.46484375 0.0078125 0.0140625
0 0.9171875 0.66875 0.04609375 0.04296875
3 0.571875 0.7484375 0.03125 0.05
3 0.525 0.75390625 0.0296875 0.065625
3 0.9375 0.77265625 0.125 0.12890625
0 0.75390625 0.66484375 0.0421875 0.04375
0 0.64296875 0.58828125 0.03125 0.034375
0 0.60234375 0.56171875 0.02421875 0.025
3 0.4875 0.5375 0.01640625 0.0265625
0 0.49375 0.48203125 0.0109375 0.01328125
3 0.45 0.48046875 0.01015625 0.015625
0 0.4140625 0.48046875 0.01015625 0.015625
