3 0.63671875 0.37578125 0.02109375 0.0359375
0 0.72890625 0.31796875 0.01875 0.0171875
0 0.7 0.41484375 0.059375 0.03359375
0 0.69921875 0.39609375 0.0546875 0.0359375
0 0.76875 0.39453125 0.06484375 0.03515625
0 0.7328125 0.390625 0.01015625 0.0265625
0 0.83984375 0.38671875 0.04375 0.03359375
0 0.91328125 0.3671875 0.02734375 0.034375
0 0.97890625 0.57265625 0.0421875 0.1
3 0.2765625 0.72109375 0.1671875 0.15
0 0.41171875 0.61640625 0.065625 0.09453125
0 0.453125 0.553125 0.05703125 0.071875
0 0.50078125 0.56484375 0.06015625 0.08359375
0 0.53125 0.51015625 0.04296875 0.06328125
3 0.5640625 0.4421875 0.03203125 0.05859375
0 0.57890625 0.4125 0.025 0.040625
0 0.5890625 0.40078125 0.01875 0.0296875
0 0.62421875 0.35234375 0.01171875 0.01796875
0 0.60859375 0.35390625 0.0109375 0.0171875
0 0.62578125 0.325 0.00859375 0.009375
