0 0.271875 0.9359375 0.14453125 0.12734375
0 0.95390625 0.92421875 0.09140625 0.1390625
0 0.696875 0.79140625 0.14765625 0.13125
0 0.45078125 0.5796875 0.0125 0.0140625
0 0.47109375 0.5703125 0.0109375 0.01484375
2 0.45625 0.55703125 0.0140625 0.0296875
2 0.46484375 0.54921875 0.0078125 0.0203125
0 0.503125 0.5578125 0.009375 0.0125
0 0.48203125 0.55078125 0.00703125 0.009375
3 0.4890625 0.5671875 0.01328125 0.02890625
2 0.49140625 0.534375 0.00546875 0.01171875
0 0.490625 0.54140625 0.00546875 0.0078125
