3 0.359375 0.6375 0.021875 0.06328125
0 0.91953125 0.665625 0.04765625 0.04609375
3 0.10390625 0.97421875 0.10078125 0.0515625
0 0.97265625 0.69140625 0.05390625 0.05625
0 0.44140625 0.67109375 0.028125 0.0515625
3 0.39609375 0.553125 0.015625 0.04453125
0 0.50234375 0.71328125 0.021875 0.03359375
0 0.5484375 0.63828125 0.01953125 0.025
0 0.46328125 0.60703125 0.01484375 0.02265625
0 0.4796875 0.5640625 0.0140625 0.01875
0 0.4484375 0.5578125 0.0125 0.02109375
0 0.46328125 0.52578125 0.01328125 0.0203125
0 0.43125 0.5171875 0.01015625 0.01875
3 0.4234375 0.49140625 0.015625 0.0234375
0 0.44296875 0.4890625 0.009375 0.0109375
0 0.4328125 0.47109375 0.00625 0.0109375
3 0.44609375 0.4640625 0.0140625 0.02734375
