0 0.03515625 0.709375 0.0703125 0.078125
0 0.08125 0.6671875 0.125 0.0734375
0 0.14609375 0.65078125 0.0546875 0.0765625
0 0.48046875 0.90703125 0.12578125 0.13515625
0 0.5734375 0.7390625 0.0578125 0.08125
0 0.3359375 0.6484375 0.0453125 0.0703125
0 0.3515625 0.6046875 0.03515625 0.05078125
0 0.39765625 0.6796875 0.04921875 0.07578125
3 0.46875 0.65 0.034375 0.0859375
3 0.46484375 0.6046875 0.040625 0.0921875
3 0.5171875 0.56953125 0.034375 0.05625
0 0.528125 0.54296875 0.02890625 0.0328125
0 0.4078125 0.63046875 0.0421875 0.07421875
0 0.41015625 0.57265625 0.02890625 0.03828125
0 0.42890625 0.575 0.01328125 0.04765625
0 0.42734375 0.54921875 0.02890625 0.04140625
3 0.43046875 0.52265625 0.02578125 0.03125
0 0.43984375 0.51875 0.02109375 0.03203125
0 0.4140625 0.48515625 0.00859375 0.02109375
3 0.44765625 0.465625 0.025 0.03046875
0 0.47421875 0.4796875 0.01484375 0.02578125
0 0.59140625 0.4875 0.0234375 0.02421875
3 0.528125 0.4921875 0.0203125 0.040625
0 0.51875 0.471875 0.0140625 0.0171875
0 0.49375 0.4578125 0.01171875 0.02578125
0 0.48984375 0.4171875 0.0125 0.01015625
0 0.4609375 0.44296875 0.009375 0.01171875
0 0.478125 0.41171875 0.00546875 0.0078125
0 0.45390625 0.42578125 0.00703125 0.00859375
0 0.4625 0.43515625 0.009375 0.01484375
0 0.44609375 0.43046875 0.009375 0.01171875
0 0.45859375 0.42109375 0.00703125 0.00859375
0 0.29296875 0.53046875 0.01484375 0.025
