0 0.3234375 0.50078125 0.03359375 0.059375
0 0.3640625 0.5078125 0.03125 0.05
3 0.37421875 0.475 0.03203125 0.04921875
0 0.37421875 0.440625 0.02578125 0.0328125
3 0.25546875 0.52265625 0.040625 0.0546875
0 0.60546875 0.3140625 0.02890625 0.01953125
0 0.5953125 0.3078125 0.01875 0.0140625
0 0.5921875 0.30078125 0.01875 0.0140625
0 0.44609375 0.24375 0.0078125 0.01328125
0 0.41953125 0.76328125 0.05078125 0.096875
0 0.5015625 0.7375 0.05234375 0.09453125
0 0.57734375 0.74765625 0.0546875 0.09296875
0 0.4359375 0.64375 0.04375 0.0734375
0 0.5046875 0.6546875 0.0375 0.0828125
0 0.625 0.6 0.04609375 0.0578125
0 0.56953125 0.4765625 0.02578125 0.0375
1 0.47421875 0.3765625 0.0171875 0.040625
0 0.503125 0.38515625 0.01796875 0.028125
0 0.53125 0.35703125 0.0171875 0.02265625
0 0.4765625 0.29921875 0.0125 0.01796875
0 0.4984375 0.309375 0.01484375 0.025
0 0.525 0.31875 0.01328125 0.01796875
0 0.53984375 0.2953125 0.01171875 0.015625
0 0.52109375 0.30078125 0.0125 0.0171875
0 0.521875 0.28515625 0.0109375 0.0140625
0 0.51796875 0.27265625 0.01015625 0.01171875
0 0.53359375 0.26796875 0.00859375 0.01328125
0 0.51796875 0.25078125 0.0078125 0.0109375
0 0.4921875 0.23828125 0.00625 0.00859375
0 0.51328125 0.23359375 0.00703125 0.0109375
0 0.48125 0.23984375 0.0078125 0.015625
0 0.49375 0.225 0.00703125 0.009375
2 0.525 0.23203125 0.01171875 0.021875
0 0.5875 0.25 0.0046875 0.01328125
0 0.50546875 0.21953125 0.00546875 0.00625
3 0.4828125 0.1984375 0.0046875 0.01328125
1 0.578125 0.834375 0.04140625 0.11640625
0 0.8875 0.975 0.109375 0.05
0 0.42265625 0.2640625 0.0234375 0.01640625
3 0.0875 0.87734375 0.13515625 0.21015625
