0 0.49296875 0.91796875 0.10546875 0.1640625
0 0.61328125 0.8171875 0.0859375 0.12421875
2 0.215625 0.67421875 0.2046875 0.1953125
2 0.4015625 0.625 0.05078125 0.09453125
0 0.63359375 0.64140625 0.05859375 0.04296875
0 0.5703125 0.66328125 0.03984375 0.04765625
0 0.5046875 0.68203125 0.04140625 0.04921875
0 0.5015625 0.6328125 0.02578125 0.034375
0 0.4328125 0.61796875 0.0109375 0.03046875
0 0.45078125 0.64296875 0.03046875 0.04375
0 0.459375 0.63046875 0.021875 0.0359375
0 0.51796875 0.621875 0.02109375 0.03046875
0 0.4578125 0.61484375 0.02421875 0.0234375
0 0.4640625 0.609375 0.01953125 0.0265625
0 0.44453125 0.58515625 0.01484375 0.01875
0 0.4984375 0.60625 0.0234375 0.02890625
0 0.46328125 0.59140625 0.015625 0.01640625
0 0.46953125 0.5859375 0.01484375 0.021875
0 0.49609375 0.5921875 0.0171875 0.015625
0 0.49140625 0.58828125 0.015625 0.02265625
0 0.46953125 0.56953125 0.01171875 0.01171875
0 0.48671875 0.5703125 0.0125 0.028125
2 0.50625 0.5671875 0.01875 0.03359375
2 0.50078125 0.559375 0.01328125 0.02890625
0 0.4625 0.55234375 0.00859375 0.0109375
0 0.48125 0.5390625 0.0046875 0.00625
