0 0.0703125 0.74453125 0.05859375 0.06875
0 0.08046875 0.96015625 0.1015625 0.0796875
0 0.15703125 0.96015625 0.0984375 0.07890625
0 0.234375 0.97109375 0.09375 0.05703125
0 0.32734375 0.984375 0.0578125 0.03125
0 0.1640625 0.9125 0.0890625 0.0890625
0 0.2484375 0.90625 0.08125 0.07421875
0 0.3109375 0.91796875 0.06484375 0.096875
0 0.2484375 0.83125 0.0765625 0.09140625
0 0.309375 0.8515625 0.075 0.07734375
0 0.31171875 0.77109375 0.075 0.103125
0 0.371875 0.8 0.06953125 0.07109375
0 0.39140625 0.90390625 0.1171875 0.1921875
0 0.37734375 0.7375 0.0578125 0.06484375
0 0.44453125 0.778125 0.06796875 0.07421875
0 0.42578125 0.69375 0.04765625 0.05390625
0 0.440625 0.73203125 0.06328125 0.07578125
0 0.48515625 0.68828125 0.0515625 0.06484375
3 0.53125 0.73203125 0.10859375 0.1390625
0 0.5234375 0.646875 0.046875 0.046875
0 0.57421875 0.66953125 0.0421875 0.059375
0 0.61328125 0.68359375 0.05390625 0.0578125
2 0.509375 0.875 0.15625 0.25
0 0.56640625 0.62421875 0.0421875 0.0515625
0 0.59453125 0.59375 0.04296875 0.059375
0 0.6203125 0.57109375 0.0375 0.05546875
0 0.6421875 0.546875 0.03125 0.0484375
0 0.66484375 0.52578125 0.03203125 0.05546875
0 0.73828125 0.7140625 0.04609375 0.0609375
0 0.35625 0.48828125 0.028125 0.04375
0 0.73515625 0.4984375 0.0328125 0.04375
0 0.81953125 0.5734375 0.021875 0.04296875
0 0.77421875 0.41015625 0.02578125 0.03515625
2 0.71953125 0.41953125 0.0375 0.05859375
2 0.8328125 0.31015625 0.03828125 0.05234375
0 0.82109375 0.35625 0.02109375 0.03203125
0 0.79140625 0.52578125 0.03125 0.03984375
0 0.8078125 0.51015625 0.0234375 0.03984375
0 0.821875 0.47890625 0.01875 0.03671875
