3 0.9921875 0.5046875 0.015625 0.0421875
0 0.9984375 0.421875 0.003125 0.01875
0 0.96640625 0.428125 0.0328125 0.02265625
0 0.93359375 0.4265625 0.0296875 0.0234375
0 0.2859375 0.3625 0.01953125 0.01796875
0 0.33125 0.3 0.009375 0.01484375
0 0.646875 0.95078125 0.0609375 0.0984375
0 0.36875 0.93984375 0.0765625 0.103125
0 0.23203125 0.98359375 0.06953125 0.0328125
2 0.1578125 0.903125 0.2078125 0.19375
0 0.30078125 0.7859375 0.07734375 0.090625
0 0.36328125 0.81640625 0.06640625 0.08515625
0 0.42890625 0.8359375 0.0625 0.0875
0 0.4671875 0.75703125 0.05390625 0.06953125
0 0.37421875 0.70234375 0.05234375 0.05625
3 0.4296875 0.5984375 0.07578125 0.09609375
0 0.4984375 0.68984375 0.0390625 0.05703125
0 0.525 0.64375 0.03828125 0.0515625
0 0.68671875 0.6859375 0.0375 0.0515625
0 0.584375 0.63984375 0.03984375 0.0421875
0 0.54921875 0.58515625 0.0375 0.05625
0 0.5625 0.5578125 0.0265625 0.040625
0 0.57265625 0.5296875 0.0296875 0.03671875
0 0.58828125 0.48984375 0.02578125 0.03359375
0 0.70703125 0.5296875 0.02734375 0.03046875
0 0.66875 0.515625 0.02578125 0.0296875
0 0.6734375 0.4765625 0.02265625 0.0265625
0 0.63515625 0.465625 0.01953125 0.02734375
0 0.60859375 0.43671875 0.01796875 0.02578125
0 0.603125 0.4515625 0.01796875 0.02109375
0 0.59921875 0.46640625 0.02421875 0.03203125
3 0.66875 0.4015625 0.02578125 0.04296875
0 0.63203125 0.39296875 0.015625 0.01953125
0 0.6546875 0.390625 0.01171875 0.021875
0 0.63984375 0.42578125 0.01953125 0.02734375
0 0.59375 0.37578125 0.015625 0.01875
0 0.5734375 0.3734375 0.0140625 0.01875
0 0.55234375 0.38125 0.015625 0.02109375
0 0.58046875 0.3484375 0.01328125 0.02265625
0 0.54296875 0.34765625 0.0125 0.01796875
0 0.52578125 0.371875 0.0140625 0.01953125
0 0.553125 0.32734375 0.0125 0.01640625
0 0.53359375 0.32109375 0.01171875 0.02578125
0 0.51328125 0.3109375 0.0109375 0.0171875
0 0.521875 0.3546875 0.01328125 0.01484375
0 0.52421875 0.36015625 0.009375 0.01328125
0 0.5484375 0.31015625 0.009375 0.0125
