0 0.65234375 0.43125 0.0265625 0.0359375
0 0.503125 0.5046875 0.04375 0.053125
0 0.4375 0.50390625 0.03671875 0.0484375
0 0.35703125 0.4921875 0.03359375 0.04609375
0 0.7390625 0.35234375 0.01875 0.02734375
0 0.82578125 0.32890625 0.0109375 0.01875
0 0.8015625 0.35234375 0.01875 0.021875
0 0.85078125 0.35 0.00625 0.0234375
0 0.82578125 0.409375 0.0109375 0.03125
0 0.784375 0.43828125 0.021875 0.0328125
0 0.76328125 0.42734375 0.0265625 0.03515625
0 0.74765625 0.48359375 0.02421875 0.0328125
0 0.71484375 0.478125 0.03046875 0.03828125
0 0.634375 0.51171875 0.03125 0.040625
3 0.621875 0.56640625 0.0375 0.05546875
0 0.53671875 0.65 0.04140625 0.05625
3 0.5046875 0.72734375 0.0609375 0.08203125
0 0.11875 0.9828125 0.075 0.034375
