0 0.98984375 0.55234375 0.0203125 0.03359375
0 0.73125 0.57890625 0.05234375 0.02734375
0 0.71640625 0.465625 0.01640625 0.0265625
0 0.70078125 0.43203125 0.0359375 0.02265625
0 0.6953125 0.4265625 0.034375 0.01953125
0 0.68203125 0.415625 0.01640625 0.02265625
0 0.6828125 0.37265625 0.015625 0.0203125
0 0.56796875 0.31875 0.0109375 0.01328125
0 0.596875 0.3265625 0.0125 0.01640625
0 0.58515625 0.36171875 0.0140625 0.0171875
0 0.55859375 0.33125 0.01328125 0.0171875
0 0.5296875 0.32109375 0.01171875 0.01640625
0 0.52109375 0.33125 0.01328125 0.0171875
0 0.540625 0.34140625 0.01171875 0.0171875
0 0.54921875 0.34765625 0.0140625 0.0171875
0 0.53828125 0.36640625 0.0171875 0.01640625
0 0.53125 0.3828125 0.01484375 0.01875
0 0.52265625 0.35625 0.0125 0.0171875
0 0.51171875 0.36953125 0.01640625 0.01875
2 0.50234375 0.346875 0.02265625 0.03125
0 0.5 0.38671875 0.01875 0.02421875
0 0.5140625 0.403125 0.01796875 0.02421875
0 0.59453125 0.41796875 0.01328125 0.02265625
0 0.48828125 0.4015625 0.02109375 0.0234375
0 0.475 0.421875 0.021875 0.02421875
0 0.49609375 0.43203125 0.0203125 0.02265625
0 0.48046875 0.45703125 0.025 0.03046875
0 0.55546875 0.45703125 0.0234375 0.02265625
0 0.5625 0.4859375 0.01875 0.03125
0 0.6015625 0.48828125 0.0171875 0.02109375
0 0.40390625 0.471875 0.0234375 0.02734375
0 0.34921875 0.4640625 0.0265625 0.0375
0 0.4375 0.525 0.02578125 0.03828125
0 0.475 0.525 0.02734375 0.0375
0 0.57578125 0.58515625 0.0328125 0.03046875
0 0.52734375 0.6203125 0.0328125 0.03984375
0 0.4671875 0.6515625 0.03671875 0.0390625
0 0.50234375 0.7046875 0.0421875 0.05078125
0 0.546875 0.759375 0.0375 0.05625
0 0.40390625 0.8125 0.05546875 0.06328125
0 0.50859375 0.93671875 0.06171875 0.08125
0 0.38671875 0.54140625 0.02890625 0.0328125
0 0.41171875 0.5640625 0.0328125 0.0359375
0 0.45234375 0.56328125 0.03515625 0.04375
3 0.43515625 0.5984375 0.0359375 0.0421875
0 0.3515625 0.59765625 0.034375 0.04140625
0 0.371875 0.6203125 0.040625 0.05234375
0 0.4171875 0.63203125 0.040625 0.05078125
0 0.309375 0.646875 0.04375 0.04609375
0 0.32421875 0.69765625 0.0421875 0.05234375
0 0.37265625 0.71015625 0.040625 0.05078125
0 0.39296875 0.66875 0.04296875 0.0515625
0 0.3515625 0.75546875 0.05 0.0609375
0 0.325 0.81640625 0.05625 0.06953125
0 0.278125 0.88984375 0.0625 0.0828125
0 0.15390625 0.653125 0.0484375 0.05
0 0.225 0.85234375 0.06640625 0.07109375
0 0.16328125 0.834375 0.07109375 0.08515625
0 0.2078125 0.97578125 0.07734375 0.04765625
0 0.03046875 0.97734375 0.0609375 0.025
3 0.02265625 0.91015625 0.04453125 0.1265625
