0 0.45078125 0.88203125 0.09609375 0.14375
0 0.79140625 0.97734375 0.11953125 0.0453125
3 0.39453125 0.7390625 0.0984375 0.128125
2 0.39609375 0.62109375 0.0546875 0.0890625
0 0.45078125 0.640625 0.03515625 0.04453125
0 0.50625 0.63359375 0.02890625 0.034375
3 0.5359375 0.59609375 0.021875 0.040625
0 0.50625 0.58359375 0.01796875 0.025
0 0.4890625 0.56484375 0.01015625 0.0140625
0 0.43125 0.58671875 0.0171875 0.0421875
0 0.471875 0.55859375 0.009375 0.0125
0 0.503125 0.5578125 0.00859375 0.0109375
0 0.465625 0.55 0.0078125 0.01015625
