0 0.6515625 0.4171875 0.025 0.03359375
0 0.503125 0.5046875 0.04375 0.053125
0 0.4375 0.50390625 0.03671875 0.0484375
0 0.35234375 0.49375 0.0234375 0.04375
0 0.84375 0.31796875 0.01484375 0.025
0 0.82421875 0.3640625 0.015625 0.02421875
0 0.834375 0.35 0.01796875 0.03203125
0 0.90390625 0.3234375 0.01328125 0.02265625
0 0.875 0.27265625 0.01328125 0.01796875
0 0.89375 0.2828125 0.0125 0.01640625
0 0.896875 0.3640625 0.0171875 0.02578125
0 0.88125 0.39765625 0.01875 0.0265625
0 0.88671875 0.3828125 0.021875 0.0265625
0 0.8734375 0.4140625 0.01640625 0.02734375
0 0.8453125 0.45234375 0.015625 0.0421875
0 0.878125 0.46640625 0.02265625 0.0390625
0 0.8359375 0.47265625 0.021875 0.03515625
0 0.79453125 0.52890625 0.028125 0.0390625
0 0.653125 0.98125 0.0578125 0.0375
0 0.6359375 0.665625 0.03828125 0.04765625
0 0.61015625 0.70625 0.0453125 0.06171875
0 0.5734375 0.74140625 0.05625 0.07578125
0 0.52734375 0.79375 0.0609375 0.0765625
0 0.5125 0.67421875 0.03984375 0.0515625
0 0.471875 0.70859375 0.05 0.06640625
0 0.51171875 0.7265625 0.0484375 0.0625
0 0.48046875 0.775 0.05 0.06640625
0 0.48515625 0.8515625 0.05546875 0.08671875
0 0.42578125 0.7875 0.0734375 0.08125
2 0.39765625 0.90078125 0.1171875 0.19453125
2 0.12421875 0.875 0.21015625 0.25
3 0.39296875 0.74453125 0.10859375 0.14140625
0 0.35859375 0.86484375 0.06015625 0.1140625
0 0.31875 0.8578125 0.065625 0.08671875
0 0.15859375 0.98203125 0.07734375 0.0359375
0 0.23828125 0.9 0.0984375 0.1546875
0 0.2640625 0.96640625 0.0875 0.0671875
0 0.32421875 0.99375 0.0671875 0.0125
