3 0.10234375 0.97421875 0.1046875 0.0515625
3 0.36171875 0.63671875 0.0203125 0.06328125
0 0.97265625 0.69296875 0.0546875 0.059375
0 0.92421875 0.66484375 0.0421875 0.04453125
0 0.63046875 0.80078125 0.0296875 0.0359375
0 0.575 0.746875 0.02734375 0.034375
0 0.496875 0.58828125 0.01484375 0.02109375
3 0.41328125 0.46875 0.01171875 0.0203125
0 0.440625 0.48203125 0.00859375 0.01015625
0 0.459375 0.49140625 0.0078125 0.0125
0 0.4203125 0.453125 0.0078125 0.009375
0 0.41640625 0.44140625 0.00625 0.00859375
0 0.38984375 0.4375 0.00625 0.00859375
0 0.40703125 0.43828125 0.00546875 0.00703125
0 0.40390625 0.43359375 0.00390625 0.00625
3 0.2515625 0.86875 0.06171875 0.15703125
