0 0.2671875 0.871875 0.17421875 0.16875
0 0.52578125 0.60703125 0.08828125 0.10390625
3 0.46796875 0.52265625 0.06171875 0.12578125
0 0.60234375 0.453125 0.03203125 0.04140625
3 0.63671875 0.37578125 0.02109375 0.0359375
0 0.72890625 0.31796875 0.01875 0.0171875
0 0.7 0.41484375 0.059375 0.03359375
0 0.69921875 0.39609375 0.0546875 0.0359375
0 0.76875 0.39453125 0.06484375 0.03515625
0 0.7328125 0.390625 0.01015625 0.0265625
0 0.83984375 0.38671875 0.04375 0.03359375
0 0.91328125 0.3671875 0.02734375 0.034375
