0 0.78984375 0.3140625 0.03984375 0.03515625
0 0.8078125 0.2984375 0.034375 0.02890625
0 0.740625 0.26015625 0.02578125 0.02421875
0 0.73125 0.228125 0.01953125 0.01953125
0 0.73046875 0.20625 0.0171875 0.01796875
0 0.12578125 0.83046875 0.09453125 0.10859375
0 0.4484375 0.7375 0.0703125 0.0765625
3 0.634375 0.42265625 0.03671875 0.06484375
0 0.68671875 0.17890625 0.01484375 0.02265625
0 0.69296875 0.15859375 0.0125 0.01328125
0 0.5640625 0.46875 0.04140625 0.04921875
0 0.51015625 0.3703125 0.03046875 0.0390625
0 0.1375 0.36875 0.053125 0.0484375
0 0.6125 0.29921875 0.021875 0.0265625
0 0.653125 0.2703125 0.01875 0.02421875
0 0.6546875 0.21484375 0.015625 0.01953125
0 0.6203125 0.1828125 0.015625 0.015625
0 0.64296875 0.175 0.015625 0.01640625
0 0.55234375 0.27734375 0.021875 0.0296875
0 0.53515625 0.23671875 0.0171875 0.0234375
0 0.52421875 0.1734375 0.0171875 0.021875
0 0.10546875 0.32265625 0.021875 0.028125
3 0.15546875 0.2765625 0.04453125 0.0359375
3 0.2140625 0.2671875 0.04765625 0.03046875
3 0.26015625 0.29296875 0.0640625 0.0375
3 0.23671875 0.25703125 0.03984375 0.02578125
0 0.24921875 0.24921875 0.0296875 0.01640625
2 0.303125 0.22734375 0.034375 0.05
0 0.334375 0.26015625 0.034375 0.0234375
0 0.33359375 0.20234375 0.0359375 0.0203125
3 0.346875 0.228125 0.04375 0.03984375
0 0.3546875 0.25078125 0.03203125 0.0171875
0 0.446875 0.26953125 0.025 0.02734375
3 0.40859375 0.21640625 0.01640625 0.0359375
0 0.42265625 0.215625 0.0125 0.01875
0 0.42421875 0.20390625 0.0171875 0.01953125
3 0.42421875 0.17734375 0.02578125 0.03046875
