0 0.65234375 0.43125 0.0265625 0.0359375
0 0.503125 0.5046875 0.04375 0.053125
0 0.4375 0.50390625 0.03671875 0.0484375
0 0.35703125 0.4921875 0.03359375 0.04609375
0 0.89140625 0.2828125 0.0296875 0.01484375
0 0.8671875 0.278125 0.009375 0.015625
0 0.8703125 0.271875 0.00859375 0.0171875
0 0.88203125 0.265625 0.01015625 0.0140625
0 0.90625 0.33671875 0.015625 0.02265625
0 0.79453125 0.7203125 0.04609375 0.05703125
0 0.653125 0.5 0.03125 0.04453125
0 0.68046875 0.55625 0.0359375 0.040625
3 0.4921875 0.634375 0.05 0.0671875
0 0.41640625 0.8359375 0.0734375 0.08984375
0 0.37421875 0.8046875 0.06875 0.08125
0 0.28984375 0.80390625 0.07421875 0.08125
0 0.20546875 0.88046875 0.0859375 0.09609375
3 0.2359375 0.9375 0.10859375 0.125
0 0.14765625 0.98046875 0.0828125 0.0390625
0 0.0453125 0.98515625 0.090625 0.0296875
2 0.0796875 0.9015625 0.159375 0.196875
