3 0.9921875 0.5046875 0.015625 0.0421875
0 0.96640625 0.428125 0.0328125 0.02265625
0 0.93359375 0.4265625 0.0296875 0.0234375
0 0.2859375 0.3625 0.01953125 0.01796875
0 0.33125 0.3 0.009375 0.01484375
0 0.9828125 0.5828125 0.034375 0.0390625
0 0.99765625 0.42265625 0.0046875 0.01640625
0 0.440625 0.99140625 0.05703125 0.0171875
0 0.5640625 0.9546875 0.07421875 0.090625
0 0.3453125 0.9609375 0.078125 0.078125
0 0.21640625 0.796875 0.08046875 0.07734375
0 0.36171875 0.8125 0.053125 0.07421875
0 0.425 0.80546875 0.0640625 0.09296875
0 0.33515625 0.66484375 0.0515625 0.0546875
0 0.37734375 0.6953125 0.0515625 0.0546875
0 0.48828125 0.7046875 0.0484375 0.06640625
0 0.51640625 0.64375 0.0390625 0.04765625
0 0.578125 0.65703125 0.03984375 0.04609375
3 0.553125 0.55625 0.06640625 0.12265625
0 0.47578125 0.54609375 0.03671875 0.04609375
0 0.5046875 0.58046875 0.0359375 0.04296875
3 0.6578125 0.55859375 0.0328125 0.04609375
0 0.58046875 0.50390625 0.02421875 0.03515625
0 0.51171875 0.44609375 0.021875 0.02578125
0 0.54296875 0.44921875 0.02265625 0.02734375
0 0.5921875 0.48515625 0.02421875 0.03125
0 0.60390625 0.45703125 0.01875 0.028125
0 0.6078125 0.43125 0.01953125 0.0296875
0 0.61171875 0.41015625 0.01640625 0.021875
3 0.66171875 0.4015625 0.01953125 0.03359375
0 0.6015625 0.38828125 0.01484375 0.021875
3 0.6078125 0.32578125 0.021875 0.0484375
0 0.5828125 0.35 0.0125 0.015625
0 0.57421875 0.33671875 0.01015625 0.01484375
0 0.6625 0.3609375 0.015625 0.015625
