0 0.55 0.30078125 0.0296875 0.0421875
0 0.55 0.27734375 0.03046875 0.02734375
0 0.528125 0.26875 0.0203125 0.03125
0 0.475 0.27421875 0.025 0.0265625
0 0.50078125 0.271875 0.02421875 0.02265625
0 0.553125 0.26015625 0.01953125 0.00703125
0 0.31484375 0.9875 0.06171875 0.02421875
0 0.43984375 0.9421875 0.09453125 0.115625
0 0.65625 0.8359375 0.12578125 0.159375
0 0.50078125 0.778125 0.090625 0.153125
0 0.3984375 0.5609375 0.05625 0.08125
0 0.4609375 0.5515625 0.05859375 0.08046875
0 0.1796875 0.54921875 0.04296875 0.0796875
0 0.25234375 0.55546875 0.0453125 0.084375
0 0.29765625 0.48515625 0.040625 0.0734375
0 0.359375 0.475 0.0421875 0.0625
3 0.41171875 0.4625 0.05 0.06875
3 0.50859375 0.43046875 0.053125 0.0734375
0 0.55859375 0.44140625 0.0453125 0.04609375
0 0.6171875 0.4265625 0.04765625 0.053125
0 0.58515625 0.39765625 0.0359375 0.0421875
0 0.5375 0.36015625 0.0390625 0.03515625
0 0.46328125 0.34296875 0.03671875 0.04375
0 0.41171875 0.33125 0.03046875 0.0421875
0 0.428125 0.309375 0.02890625 0.03125
0 0.36015625 0.309375 0.028125 0.03828125
0 0.36640625 0.28046875 0.02421875 0.0296875
3 0.2390625 0.44296875 0.040625 0.1078125
0 0.28515625 0.42109375 0.03359375 0.059375
0 0.334375 0.41015625 0.03671875 0.053125
0 0.3796875 0.40234375 0.0375 0.06171875
0 0.35546875 0.37421875 0.03203125 0.0453125
0 0.31484375 0.3671875 0.03203125 0.05
0 0.16953125 0.33203125 0.02734375 0.040625
0 0.22421875 0.3765625 0.0296875 0.05078125
0 0.26484375 0.359375 0.02734375 0.0453125
0 0.296875 0.34375 0.02421875 0.0421875
0 0.3359375 0.35 0.028125 0.0390625
0 0.32421875 0.32421875 0.025 0.03984375
0 0.31484375 0.30390625 0.01953125 0.034375
0 0.30234375 0.29296875 0.01875 0.0296875
0 0.25859375 0.334375 0.02578125 0.0421875
0 0.2859375 0.31484375 0.02421875 0.03671875
0 0.21171875 0.30859375 0.03828125 0.09609375
0 0.23828125 0.296875 0.01875 0.02890625
0 0.2734375 0.2796875 0.02578125 0.0578125
0 0.29296875 0.27109375 0.01796875 0.02734375
0 0.2578125 0.27734375 0.0078125 0.02578125
0 0.2484375 0.3125 0.02265625 0.0390625
0 0.23515625 0.28046875 0.01796875 0.02421875
0 0.25546875 0.2578125 0.0171875 0.02734375
3 0.221875 0.25234375 0.02734375 0.04375
0 0.24375 0.2453125 0.015625 0.02265625
0 0.31875 0.265625 0.02109375 0.0234375
0 0.33828125 0.228125 0.01484375 0.01796875
0 0.23984375 0.2265625 0.01640625 0.02109375
0 0.26640625 0.22109375 0.01328125 0.01796875
0 0.30390625 0.21796875 0.0125 0.01484375
0 0.2921875 0.215625 0.0109375 0.0125
0 0.29296875 0.22890625 0.01484375 0.01953125
0 0.30625 0.23359375 0.0125 0.01796875
0 0.29375 0.2421875 0.0140625 0.0265625
0 0.271875 0.21328125 0.01015625 0.01640625
0 0.1625 0.23203125 0.01171875 0.01640625
0 0.184375 0.2296875 0.0109375 0.02109375
3 0.203125 0.21875 0.0109375 0.02109375
0 0.21171875 0.23125 0.01171875 0.0203125
0 0.21875 0.215625 0.0109375 0.0140625
0 0.246875 0.209375 0.009375 0.0125
0 0.2578125 0.209375 0.00859375 0.0109375
0 0.17734375 0.21796875 0.00859375 0.0109375
0 0.15625 0.2171875 0.00859375 0.009375
0 0.1625 0.21328125 0.00625 0.0109375
0 0.23984375 0.20625 0.00546875 0.009375
0 0.23125 0.21015625 0.01015625 0.0125
0 0.17265625 0.21328125 0.00390625 0.0109375
0 0.16171875 0.2078125 0.0078125 0.009375
