2 0.23671875 0.40703125 0.02578125 0.0515625
2 0.4078125 0.47109375 0.040625 0.06484375
2 0.18359375 0.41953125 0.02578125 0.046875
0 0.134375 0.40703125 0.0109375 0.01875
0 0.175 0.44140625 0.021875 0.028125
0 0.18671875 0.46015625 0.0234375 0.03359375
0 0.171875 0.61875 0.02578125 0.0234375
0 0.278125 0.63359375 0.03515625 0.0421875
0 0.340625 0.6328125 0.03046875 0.0359375
0 0.40625 0.31484375 0.015625 0.01875
2 0.32421875 0.29921875 0.028125 0.03125
0 0.32890625 0.32578125 0.0140625 0.0203125
0 0.34921875 0.3109375 0.01796875 0.01796875
0 0.25703125 0.30390625 0.0140625 0.0140625
0 0.328125 0.36953125 0.01640625 0.02265625
3 0.41953125 0.38671875 0.01875 0.03203125
0 0.35703125 0.39609375 0.01953125 0.02109375
0 0.378125 0.41796875 0.021875 0.0234375
0 0.35625 0.4265625 0.0203125 0.028125
0 0.346875 0.44765625 0.0203125 0.02890625
0 0.45 0.42890625 0.01953125 0.0265625
0 0.48515625 0.45546875 0.01953125 0.02265625
3 0.55 0.4734375 0.021875 0.046875
0 0.57734375 0.45703125 0.0125 0.03203125
0 0.565625 0.61328125 0.03984375 0.0390625
3 0.56953125 0.64765625 0.04453125 0.05546875
0 0.75625 0.68984375 0.03984375 0.05078125
3 0.628125 0.71015625 0.05078125 0.0734375
0 0.9421875 0.83671875 0.06640625 0.06953125
0 0.13125 0.95390625 0.05703125 0.09140625
0 0.3953125 0.6234375 0.03046875 0.0421875
0 0.3546875 0.62421875 0.0328125 0.01640625
0 0.3578125 0.65859375 0.03515625 0.0515625
0 0.4078125 0.640625 0.034375 0.04765625
0 0.371875 0.684375 0.03984375 0.05234375
0 0.4171875 0.6640625 0.03984375 0.04921875
0 0.3796875 0.7171875 0.0484375 0.07109375
0 0.43984375 0.68984375 0.04140625 0.05390625
0 0.45390625 0.71328125 0.03671875 0.0546875
0 0.4578125 0.734375 0.03515625 0.05625
0 0.41015625 0.76796875 0.04765625 0.06953125
0 0.43671875 0.8078125 0.0453125 0.059375
0 0.4546875 0.83828125 0.059375 0.08515625
0 0.49765625 0.8984375 0.07421875 0.09375
0 0.490625 0.7578125 0.05546875 0.090625
0 0.53125 0.82421875 0.05546875 0.0796875
0 0.6125 0.94453125 0.07578125 0.1078125
0 0.54609375 0.97421875 0.05390625 0.0515625
