0 0.59140625 0.48671875 0.021875 0.0234375
0 0.03515625 0.70859375 0.0703125 0.0765625
0 0.08125 0.68125 0.125 0.075
0 0.14375 0.6515625 0.05546875 0.07890625
0 0.40390625 0.66484375 0.046875 0.08359375
0 0.465625 0.65625 0.04609375 0.075
0 0.40546875 0.62109375 0.04375 0.06015625
0 0.42109375 0.59140625 0.034375 0.0515625
0 0.42421875 0.56328125 0.03046875 0.04140625
0 0.4328125 0.5390625 0.0296875 0.04375
0 0.43984375 0.5234375 0.0234375 0.03046875
3 0.47109375 0.52109375 0.025 0.04765625
0 0.453125 0.47421875 0.01484375 0.01875
0 0.4609375 0.4359375 0.01015625 0.01640625
0 0.453125 0.43203125 0.009375 0.015625
0 0.46640625 0.421875 0.0078125 0.01171875
0 0.48515625 0.421875 0.00625 0.0109375
0 0.47734375 0.41796875 0.00546875 0.01015625
0 0.4953125 0.41953125 0.00546875 0.009375
0 0.29296875 0.5296875 0.0140625 0.0234375
3 0.2890625 0.97265625 0.10390625 0.05390625
