0 0.04453125 0.89609375 0.0890625 0.08515625
3 0.35703125 0.6359375 0.0203125 0.06953125
0 0.9171875 0.66875 0.04609375 0.04296875
3 0.20390625 0.88515625 0.1390625 0.12578125
0 0.4921875 0.80078125 0.0359375 0.021875
3 0.5078125 0.71171875 0.02734375 0.06328125
0 0.4765625 0.65078125 0.01953125 0.03046875
0 0.46953125 0.6171875 0.01328125 0.02890625
0 0.43359375 0.52734375 0.009375 0.0203125
0 0.421875 0.503125 0.009375 0.01328125
0 0.43984375 0.484375 0.009375 0.0125
3 0.38125 0.4734375 0.0125 0.0328125
0 0.4125 0.47734375 0.01171875 0.0203125
3 0.40625 0.4578125 0.01484375 0.0296875
3 0.31328125 0.87578125 0.06875 0.1765625
