0 0.6515625 0.4171875 0.025 0.03359375
0 0.503125 0.5046875 0.04375 0.053125
0 0.4375 0.50390625 0.03671875 0.0484375
0 0.35234375 0.49375 0.0234375 0.04375
0 0.80234375 0.35234375 0.0171875 0.02734375
0 0.859375 0.35 0.01875 0.0265625
0 0.8703125 0.33359375 0.0125 0.0234375
0 0.87421875 0.32578125 0.0109375 0.01953125
0 0.77109375 0.4265625 0.02265625 0.03203125
0 0.88046875 0.4 0.01875 0.02734375
0 0.7640625 0.5875 0.03515625 0.04765625
0 0.7109375 0.6609375 0.04453125 0.0609375
2 0.70078125 0.825 0.08984375 0.159375
3 0.48125 0.68984375 0.059375 0.103125
0 0.4375 0.7453125 0.059375 0.07890625
0 0.3625 0.7359375 0.0453125 0.07734375
0 0.38984375 0.7953125 0.0625 0.075
0 0.33125 0.84296875 0.065625 0.096875
0 0.35390625 0.89765625 0.0703125 0.0734375
0 0.26328125 0.91328125 0.0578125 0.09296875
2 0.30234375 0.95 0.1296875 0.1
3 0.1421875 0.93671875 0.19140625 0.1265625
