0 0.25546875 0.9796875 0.06484375 0.040625
0 0.1203125 0.85625 0.05390625 0.08359375
0 0.3109375 0.88125 0.05625 0.08984375
2 0.21015625 0.696875 0.06328125 0.15078125
0 0.1703125 0.64375 0.03125 0.04921875
0 0.8078125 0.95234375 0.08359375 0.09453125
0 0.90703125 0.903125 0.0734375 0.07890625
0 0.72734375 0.82265625 0.059375 0.06171875
0 0.81015625 0.8125 0.05859375 0.0765625
0 0.55859375 0.6921875 0.0421875 0.05546875
0 0.4703125 0.73671875 0.05 0.075
0 0.41796875 0.66171875 0.0421875 0.05703125
0 0.39765625 0.63125 0.0375 0.05625
0 0.29375 0.6375 0.03515625 0.046875
0 0.14921875 0.42421875 0.0234375 0.02578125
0 0.17578125 0.446875 0.01953125 0.034375
0 0.19375 0.4796875 0.0203125 0.021875
0 0.29921875 0.45703125 0.0234375 0.05546875
0 0.28125 0.44765625 0.0171875 0.021875
0 0.24609375 0.43671875 0.0171875 0.02890625
0 0.2328125 0.41484375 0.01796875 0.02578125
0 0.23828125 0.39296875 0.01875 0.02421875
0 0.21328125 0.3625 0.0171875 0.02109375
0 0.1890625 0.36953125 0.01484375 0.02109375
0 0.34765625 0.45390625 0.01875 0.0234375
