3 0.359375 0.6375 0.021875 0.06328125
0 0.91953125 0.665625 0.04765625 0.04609375
3 0.10390625 0.97421875 0.10078125 0.0515625
0 0.48125 0.771875 0.04453125 0.07890625
0 0.46171875 0.7234375 0.034375 0.0671875
0 0.45078125 0.6875 0.03125 0.05
0 0.496875 0.68671875 0.02109375 0.03359375
0 0.440625 0.65625 0.02578125 0.0421875
0 0.43359375 0.62578125 0.02421875 0.04296875
0 0.71796875 0.6375 0.0375 0.034375
3 0.40625 0.4546875 0.00859375 0.021875
0 0.97265625 0.69140625 0.05390625 0.05625
0 0.334375 0.96953125 0.0640625 0.06015625
3 0.24296875 0.8546875 0.1 0.17109375
