0 0.96328125 0.884375 0.0734375 0.09140625
0 0.69921875 0.85546875 0.0625 0.07578125
0 0.1984375 0.88984375 0.0640625 0.0984375
0 0.33515625 0.94609375 0.05078125 0.1078125
3 0.43125 0.8 0.05703125 0.08671875
0 0.48203125 0.7625 0.046875 0.0578125
0 0.265625 0.74609375 0.04765625 0.06875
3 0.3234375 0.70078125 0.04453125 0.0765625
0 0.35390625 0.65078125 0.0390625 0.05546875
2 0.25 0.5046875 0.06171875 0.09609375
0 0.55390625 0.64375 0.0375 0.0453125
0 0.403125 0.47578125 0.02578125 0.021875
0 0.3078125 0.47890625 0.02421875 0.0265625
0 0.15234375 0.46640625 0.01875 0.0359375
0 0.2015625 0.4421875 0.02265625 0.03671875
0 0.15546875 0.43125 0.0203125 0.03828125
0 0.28984375 0.45546875 0.01953125 0.02734375
0 0.24765625 0.440625 0.02109375 0.03125
0 0.27265625 0.42421875 0.02109375 0.02890625
0 0.23125 0.41171875 0.02109375 0.02421875
0 0.25390625 0.396875 0.02109375 0.03125
0 0.2046875 0.38203125 0.02109375 0.02734375
0 0.23359375 0.3828125 0.01875 0.02265625
