2 0.5109375 0.26484375 0.0234375 0.0390625
2 0.33125 0.29609375 0.025 0.05234375
2 0.36015625 0.29453125 0.02734375 0.05234375
2 0.3328125 0.3546875 0.03125 0.05859375
2 0.41328125 0.36875 0.03515625 0.07421875
2 0.4125 0.44140625 0.0453125 0.06796875
2 0.40078125 0.73203125 0.0875 0.25
2 0.5296875 0.90078125 0.1265625 0.19765625
2 0.25703125 0.44609375 0.0546875 0.1140625
0 0.4625 0.275 0.01796875 0.02578125
0 0.46796875 0.3015625 0.01484375 0.02265625
0 0.4828125 0.27734375 0.015625 0.03046875
0 0.49453125 0.2984375 0.01796875 0.02890625
0 0.503125 0.32421875 0.01953125 0.02265625
0 0.50703125 0.2875 0.01484375 0.0203125
0 0.5203125 0.29765625 0.01796875 0.02265625
0 0.459375 0.25390625 0.015625 0.02109375
0 0.5296875 0.2609375 0.0140625 0.02734375
0 0.54609375 0.29609375 0.01640625 0.02578125
0 0.56640625 0.325 0.01953125 0.03125
0 0.5578125 0.3109375 0.01640625 0.02421875
0 0.58515625 0.40625 0.02265625 0.0375
0 0.728125 0.53984375 0.03828125 0.0546875
0 0.3875 0.30703125 0.01953125 0.02734375
0 0.4515625 0.396875 0.025 0.04375
0 0.29453125 0.4078125 0.025 0.0375
0 0.29296875 0.378125 0.0234375 0.025
0 0.38046875 0.33828125 0.01953125 0.0265625
0 0.3265625 0.403125 0.028125 0.0328125
0 0.34453125 0.39453125 0.0140625 0.03046875
0 0.3765625 0.371875 0.02421875 0.0359375
0 0.3734375 0.396875 0.0234375 0.03828125
0 0.36640625 0.41640625 0.02421875 0.0375
0 0.36640625 0.440625 0.02578125 0.03125
0 0.32734375 0.42734375 0.025 0.03984375
0 0.321875 0.4453125 0.02578125 0.0453125
0 0.3640625 0.47109375 0.02578125 0.04609375
0 0.41796875 0.4921875 0.034375 0.05703125
0 0.29921875 0.48515625 0.0375 0.05078125
0 0.29765625 0.5328125 0.034375 0.05390625
0 0.353125 0.54140625 0.03515625 0.06171875
0 0.33828125 0.62109375 0.04140625 0.075
0 0.4078125 0.596875 0.04296875 0.0265625
0 0.2703125 0.60625 0.04453125 0.0671875
0 0.22734375 0.73125 0.0578125 0.08984375
0 0.30234375 0.7953125 0.0609375 0.09765625
