0 0.6671875 0.96015625 0.071875 0.0796875
0 0.521875 0.9609375 0.06875 0.078125
0 0.503125 0.80234375 0.0546875 0.06640625
0 0.45390625 0.7484375 0.05078125 0.08125
0 0.425 0.6671875 0.0390625 0.07734375
0 0.52734375 0.6609375 0.034375 0.0515625
2 0.209375 0.84453125 0.0828125 0.18125
0 0.25390625 0.70546875 0.04375 0.1
0 0.21640625 0.6609375 0.03671875 0.071875
0 0.16875 0.62890625 0.02890625 0.03828125
0 0.234375 0.61171875 0.034375 0.0609375
0 0.21328125 0.390625 0.01796875 0.02265625
0 0.19765625 0.44296875 0.02421875 0.0328125
0 0.2609375 0.4703125 0.02109375 0.028125
3 0.23203125 0.45859375 0.03046875 0.059375
