0 0.59140625 0.48671875 0.021875 0.0234375
0 0.03515625 0.70859375 0.0703125 0.0765625
0 0.08125 0.68125 0.125 0.075
0 0.14375 0.6515625 0.05546875 0.07890625
2 0.6484375 0.7046875 0.13671875 0.2375
2 0.56171875 0.5484375 0.05546875 0.10546875
0 0.3359375 0.6453125 0.04921875 0.0734375
0 0.39296875 0.66796875 0.046875 0.0859375
3 0.4640625 0.653125 0.0453125 0.090625
0 0.46484375 0.60546875 0.0390625 0.0421875
3 0.3578125 0.6015625 0.040625 0.06484375
0 0.40859375 0.6234375 0.0375 0.05625
0 0.371875 0.58046875 0.02890625 0.04375
0 0.421875 0.58359375 0.03359375 0.04609375
0 0.38046875 0.5546875 0.03046875 0.04921875
0 0.396875 0.53984375 0.01953125 0.03515625
0 0.421875 0.55859375 0.028125 0.03125
0 0.434375 0.54296875 0.0265625 0.0359375
0 0.4015625 0.5265625 0.02421875 0.03125
0 0.440625 0.5265625 0.0234375 0.025
0 0.4046875 0.50859375 0.02421875 0.03203125
0 0.440625 0.50859375 0.021875 0.0109375
0 0.44609375 0.47578125 0.0171875 0.01640625
3 0.44765625 0.46015625 0.02421875 0.04921875
0 0.46015625 0.46328125 0.00546875 0.0234375
0 0.4609375 0.44375 0.01171875 0.0140625
0 0.459375 0.40703125 0.01015625 0.0078125
0 0.465625 0.4234375 0.00703125 0.009375
0 0.51171875 0.55078125 0.02890625 0.0390625
0 0.51171875 0.5234375 0.0234375 0.02265625
0 0.503125 0.49765625 0.0171875 0.02265625
0 0.49921875 0.4875 0.0171875 0.02109375
0 0.496875 0.471875 0.0140625 0.01875
0 0.496875 0.4671875 0.01484375 0.01796875
0 0.49375 0.4578125 0.01328125 0.0171875
0 0.51953125 0.47578125 0.0140625 0.02421875
0 0.5125 0.46171875 0.01171875 0.01796875
0 0.4890625 0.43671875 0.00859375 0.01328125
0 0.47734375 0.428125 0.0078125 0.0109375
0 0.47734375 0.41484375 0.00625 0.009375
0 0.47578125 0.40703125 0.00859375 0.0078125
0 0.48515625 0.4078125 0.01171875 0.0078125
0 0.29296875 0.5296875 0.0140625 0.02421875
