3 0.371875 0.47578125 0.03203125 0.04921875
0 0.37265625 0.44140625 0.02578125 0.0328125
3 0.25234375 0.52265625 0.040625 0.0546875
3 0.0765625 0.90234375 0.0875 0.13125
0 0.603125 0.3140625 0.02890625 0.01953125
0 0.59375 0.3078125 0.01875 0.0140625
0 0.590625 0.30078125 0.01875 0.0140625
0 0.44375 0.24375 0.0078125 0.01328125
0 0.58515625 0.25078125 0.0046875 0.01328125
0 0.4203125 0.26484375 0.0234375 0.01640625
0 0.41640625 0.75703125 0.05625 0.096875
0 0.4984375 0.7515625 0.05546875 0.096875
0 0.5765625 0.7734375 0.0625 0.12734375
0 0.5671875 0.70390625 0.05 0.08515625
0 0.5 0.675 0.0453125 0.08359375
0 0.428125 0.66953125 0.0453125 0.07421875
3 0.4328125 0.603125 0.0359375 0.0625
0 0.4921875 0.61484375 0.04140625 0.06953125
0 0.55625 0.63984375 0.04453125 0.06796875
0 0.54453125 0.5796875 0.0359375 0.05546875
3 0.53515625 0.5078125 0.05859375 0.11015625
0 0.45390625 0.51015625 0.0328125 0.05703125
0 0.49140625 0.46796875 0.02734375 0.04140625
0 0.46171875 0.41328125 0.02265625 0.03125
0 0.49765625 0.39375 0.02109375 0.0328125
0 0.49765625 0.33046875 0.0140625 0.0203125
0 0.56015625 0.31640625 0.0328125 0.01875
0 0.55625 0.32109375 0.02109375 0.01875
0 0.52421875 0.3109375 0.0140625 0.01875
2 0.490625 0.2578125 0.01328125 0.03125
2 0.47890625 0.23828125 0.009375 0.0140625
0 0.50390625 0.2484375 0.00859375 0.0140625
0 0.5 0.23671875 0.00703125 0.009375
0 0.515625 0.2484375 0.00703125 0.01015625
0 0.490625 0.23828125 0.00703125 0.0078125
0 0.5125 0.23828125 0.00859375 0.009375
2 0.48125 0.19765625 0.0046875 0.01171875
0 0.43828125 0.25546875 0.01484375 0.01484375
0 0.48984375 0.234375 0.0078125 0.00859375
