0 0.97890625 0.575 0.0421875 0.0984375
0 0.7 0.41328125 0.059375 0.034375
0 0.7 0.396875 0.0546875 0.03515625
0 0.740625 0.38984375 0.025 0.0296875
0 0.7703125 0.39296875 0.06484375 0.0359375
0 0.80703125 0.3796875 0.0390625 0.02578125
0 0.83984375 0.3828125 0.04375 0.03046875
0 0.92109375 0.365625 0.04140625 0.03515625
0 0.684375 0.33671875 0.0390625 0.02421875
0 0.7234375 0.31796875 0.028125 0.015625
0 0.70390625 0.3140625 0.009375 0.01328125
0 0.6890625 0.315625 0.0125 0.01484375
0 0.66875 0.32578125 0.009375 0.0125
0 0.62890625 0.32265625 0.0078125 0.01328125
0 0.625 0.33671875 0.0078125 0.0109375
0 0.62578125 0.3453125 0.009375 0.01328125
1 0.6109375 0.35859375 0.00390625 0.01640625
1 0.62734375 0.36796875 0.003125 0.02109375
1 0.60078125 0.4859375 0.02578125 0.06953125
0 0.5671875 0.44140625 0.03125 0.04296875
0 0.546875 0.4765625 0.0375 0.05390625
0 0.51484375 0.5359375 0.05234375 0.071875
0 0.440625 0.65625 0.084375 0.14140625
0 0.56953125 0.88671875 0.1640625 0.22578125
3 0.8109375 0.559375 0.11328125 0.18125
