0 0.59140625 0.48671875 0.021875 0.0234375
0 0.03515625 0.70859375 0.0703125 0.0765625
0 0.08125 0.68125 0.125 0.075
0 0.14375 0.6515625 0.05546875 0.07890625
3 0.2609375 0.76640625 0.1625 0.24140625
2 0.3328125 0.59296875 0.08046875 0.15703125
2 0.45625 0.41484375 0.01015625 0.02265625
0 0.39921875 0.66015625 0.04453125 0.08203125
0 0.4640625 0.659375 0.0453125 0.0765625
0 0.4109375 0.6140625 0.03984375 0.05859375
0 0.39765625 0.59453125 0.0390625 0.0515625
0 0.4671875 0.6140625 0.034375 0.05390625
0 0.40234375 0.5296875 0.0234375 0.03515625
0 0.46796875 0.578125 0.0296875 0.04453125
0 0.42265625 0.56953125 0.03203125 0.0421875
0 0.43203125 0.54609375 0.03203125 0.04140625
2 0.4703125 0.5328125 0.04296875 0.1015625
0 0.434375 0.521875 0.0265625 0.03515625
0 0.4484375 0.478125 0.0171875 0.01171875
0 0.4578125 0.45234375 0.0109375 0.01875
0 0.44375 0.4484375 0.01015625 0.0171875
0 0.46484375 0.42578125 0.0078125 0.0140625
2 0.47734375 0.42265625 0.00703125 0.015625
0 0.48828125 0.425 0.00625 0.009375
0 0.4671875 0.41328125 0.00546875 0.01015625
0 0.4734375 0.4078125 0.0078125 0.00703125
0 0.29296875 0.53046875 0.0140625 0.02421875
