0 0.55 0.30078125 0.0296875 0.0421875
0 0.55 0.27734375 0.03046875 0.02734375
0 0.528125 0.26875 0.0203125 0.03125
3 0.47578125 0.27109375 0.028125 0.03828125
0 0.49453125 0.28125 0.034375 0.02109375
0 0.50078125 0.2703125 0.02421875 0.01875
0 0.553125 0.26015625 0.01953125 0.00703125
0 0.03359375 0.92421875 0.0671875 0.1484375
0 0.11796875 0.79609375 0.0546875 0.1015625
0 0.27734375 0.6703125 0.0609375 0.115625
0 0.3546875 0.653125 0.06875 0.12734375
3 0.52890625 0.6546875 0.0828125 0.1109375
0 0.428125 0.634375 0.0640625 0.10859375
0 0.18125 0.5984375 0.04609375 0.11015625
0 0.178125 0.50703125 0.046875 0.0859375
3 0.25078125 0.49765625 0.04609375 0.13125
0 0.3234375 0.5625 0.0453125 0.08203125
0 0.3046875 0.5 0.0421875 0.07109375
0 0.390625 0.5609375 0.0578125 0.08359375
0 0.45859375 0.5390625 0.0640625 0.11015625
0 0.3609375 0.49296875 0.04609375 0.06796875
0 0.4140625 0.4703125 0.0453125 0.06953125
1 0.3859375 0.43828125 0.009375 0.05
0 0.17734375 0.44375 0.03828125 0.06015625
0 0.16953125 0.38671875 0.03125 0.05390625
0 0.2875 0.43046875 0.03359375 0.05390625
0 0.33828125 0.43046875 0.0390625 0.05625
0 0.3734375 0.39921875 0.04140625 0.06171875
0 0.31640625 0.384375 0.03203125 0.0484375
0 0.1515625 0.315625 0.03515625 0.03671875
0 0.25703125 0.33359375 0.0265625 0.04765625
0 0.68515625 0.5515625 0.08359375 0.0734375
0 0.665625 0.47421875 0.06015625 0.05390625
0 0.5546875 0.43203125 0.05234375 0.05078125
2 0.23515625 0.27578125 0.03515625 0.06171875
0 0.17265625 0.28671875 0.0203125 0.0171875
0 0.35234375 0.26953125 0.0234375 0.03046875
0 0.3390625 0.24375 0.0203125 0.021875
0 0.31484375 0.228125 0.0140625 0.01953125
0 0.28203125 0.21796875 0.01328125 0.01796875
0 0.1640625 0.23203125 0.01484375 0.0171875
0 0.21640625 0.23671875 0.015625 0.0203125
0 0.2390625 0.2125 0.01171875 0.01875
0 0.2109375 0.21171875 0.01171875 0.01484375
