0 0.11484375 0.9515625 0.06484375 0.08359375
0 0.29765625 0.9125 0.0578125 0.090625
0 0.325 0.98828125 0.05546875 0.0234375
0 0.3875 0.86015625 0.06015625 0.10546875
0 0.415625 0.9609375 0.0640625 0.078125
0 0.1828125 0.6515625 0.0375 0.0515625
0 0.21875 0.6078125 0.03203125 0.04375
0 0.24375 0.590625 0.02578125 0.0234375
0 0.2953125 0.6484375 0.0375 0.065625
0 0.3296875 0.71328125 0.04296875 0.0640625
0 0.33984375 0.63515625 0.03203125 0.04140625
0 0.6625 0.990625 0.05 0.01875
0 0.62890625 0.975 0.0609375 0.05
0 0.6046875 0.9234375 0.0453125 0.0625
3 0.5296875 0.9296875 0.12890625 0.13984375
0 0.46484375 0.8578125 0.0546875 0.07421875
0 0.5578125 0.86328125 0.0515625 0.0515625
0 0.53359375 0.83203125 0.05546875 0.06875
0 0.4984375 0.771875 0.053125 0.0734375
0 0.43515625 0.82578125 0.0578125 0.06875
0 0.4234375 0.775 0.05 0.0609375
0 0.4703125 0.74453125 0.04140625 0.06171875
0 0.40625 0.74140625 0.04609375 0.06875
0 0.38046875 0.6984375 0.04296875 0.05703125
3 0.45078125 0.70859375 0.0515625 0.06640625
3 0.43828125 0.68125 0.03515625 0.0578125
0 0.41875 0.6671875 0.03203125 0.05078125
0 0.4 0.64375 0.03359375 0.05078125
0 0.36328125 0.66953125 0.03671875 0.0640625
0 0.353125 0.65390625 0.03046875 0.0453125
0 0.98203125 0.98359375 0.0328125 0.0328125
0 0.990625 0.88671875 0.01875 0.07890625
0 0.7890625 0.87734375 0.0671875 0.0703125
0 0.753125 0.77890625 0.05234375 0.0578125
0 0.8078125 0.7640625 0.05546875 0.04375
0 0.7328125 0.671875 0.034375 0.034375
2 0.65859375 0.7609375 0.11171875 0.16640625
0 0.625 0.65390625 0.03984375 0.0453125
0 0.4875 0.628125 0.0328125 0.02421875
0 0.54140625 0.63359375 0.02890625 0.02578125
3 0.59921875 0.48203125 0.03046875 0.07578125
0 0.5765625 0.45625 0.0109375 0.02890625
0 0.43671875 0.42578125 0.01875 0.021875
2 0.375 0.43046875 0.03828125 0.06015625
2 0.26171875 0.48046875 0.025 0.03359375
0 0.22265625 0.3765625 0.01796875 0.01328125
3 0.2796875 0.42578125 0.0390625 0.08125
2 0.253125 0.27109375 0.0265625 0.04296875
0 0.40234375 0.31328125 0.021875 0.01484375
0 0.3421875 0.4140625 0.0171875 0.02265625
