0 0.55 0.30078125 0.0296875 0.0421875
0 0.55 0.27734375 0.03046875 0.02734375
0 0.528125 0.26875 0.0203125 0.03125
0 0.47578125 0.27109375 0.028125 0.03828125
0 0.49453125 0.28125 0.034375 0.02109375
0 0.50078125 0.2703125 0.02421875 0.01875
0 0.553125 0.26015625 0.01953125 0.00703125
0 0.27265625 0.7078125 0.05546875 0.11640625
0 0.36015625 0.71328125 0.06640625 0.1125
0 0.45078125 0.69765625 0.07734375 0.08984375
0 0.540625 0.6921875 0.0828125 0.1078125
0 0.2640625 0.60234375 0.05703125 0.1046875
0 0.33984375 0.60390625 0.0546875 0.09609375
0 0.39296875 0.559375 0.0546875 0.08203125
0 0.45625 0.55 0.0578125 0.084375
1 0.49140625 0.59453125 0.02421875 0.08125
3 0.93046875 0.66796875 0.1390625 0.12578125
1 0.20078125 0.50390625 0.0265625 0.0734375
0 0.24609375 0.52734375 0.04609375 0.07734375
0 0.31953125 0.5359375 0.04765625 0.08046875
0 0.53984375 0.46015625 0.06328125 0.0609375
3 0.296875 0.4453125 0.0453125 0.1046875
3 0.371875 0.46640625 0.05 0.1140625
0 0.34296875 0.43046875 0.0359375 0.07734375
0 0.5375 0.36015625 0.03984375 0.0359375
0 0.415625 0.46484375 0.05 0.0875
0 0.3875 0.4265625 0.03671875 0.05859375
0 0.27734375 0.4140625 0.02734375 0.05625
0 0.3234375 0.3953125 0.03515625 0.05234375
0 0.36640625 0.38359375 0.03515625 0.04765625
0 0.3078125 0.35625 0.03046875 0.04765625
2 0.2921875 0.3078125 0.04296875 0.08046875
0 0.39921875 0.28359375 0.0265625 0.03125
3 0.1796875 0.21640625 0.015625 0.0296875
2 0.23125 0.2015625 0.01484375 0.02734375
0 0.2453125 0.209375 0.01015625 0.0140625
1 0.2578125 0.22109375 0.01640625 0.0296875
