3 0.359375 0.6375 0.021875 0.06328125
0 0.91953125 0.665625 0.04765625 0.04609375
3 0.10390625 0.97421875 0.10078125 0.0515625
0 0.97734375 0.6984375 0.04453125 0.05546875
3 0.03359375 0.90625 0.0671875 0.06796875
3 0.17421875 0.95078125 0.146875 0.0984375
0 0.4453125 0.68671875 0.03046875 0.04609375
0 0.4109375 0.58359375 0.01953125 0.02734375
0 0.4203125 0.49296875 0.009375 0.01796875
0 0.4125 0.47109375 0.0078125 0.0171875
3 0.509375 0.71015625 0.03671875 0.08125
3 0.4359375 0.53359375 0.04140625 0.05859375
3 0.25390625 0.871875 0.08359375 0.15859375
