0 0.55 0.30078125 0.0296875 0.0421875
0 0.528125 0.26875 0.0203125 0.03125
0 0.4546875 0.28671875 0.03125 0.02734375
0 0.49453125 0.28125 0.034375 0.02109375
0 0.50078125 0.2703125 0.02421875 0.01875
0 0.553125 0.26015625 0.01953125 0.00703125
0 0.5375 0.36015625 0.03984375 0.0359375
0 0.54296875 0.27578125 0.04296875 0.02578125
0 0.06640625 0.85078125 0.1265625 0.17265625
0 0.271875 0.6859375 0.0640625 0.14765625
0 0.36328125 0.690625 0.075 0.12265625
0 0.52890625 0.66640625 0.0828125 0.12265625
0 0.44140625 0.665625 0.071875 0.11015625
0 0.97109375 0.7171875 0.0578125 0.07109375
0 0.72890625 0.58046875 0.10234375 0.08984375
0 0.71484375 0.50703125 0.06484375 0.06171875
0 0.6125 0.425 0.03984375 0.04609375
0 0.4796875 0.58203125 0.06015625 0.08125
0 0.403125 0.5734375 0.05625 0.09375
0 0.3390625 0.5921875 0.0578125 0.10546875
2 0.2578125 0.5234375 0.07421875 0.196875
0 0.43046875 0.4984375 0.053125 0.07890625
0 0.3671875 0.48203125 0.0453125 0.07734375
0 0.2921875 0.4609375 0.0390625 0.06171875
0 0.3921875 0.4421875 0.040625 0.05625
0 0.3390625 0.446875 0.0375 0.05703125
0 0.2796875 0.40234375 0.034375 0.05859375
3 0.33125 0.38828125 0.03125 0.06484375
0 0.365625 0.38203125 0.0375 0.0609375
0 0.43046875 0.38671875 0.04140625 0.04375
2 0.22421875 0.3625 0.046875 0.11796875
0 0.2703125 0.35703125 0.03203125 0.053125
0 0.31171875 0.378125 0.02265625 0.04453125
0 0.303125 0.35 0.03046875 0.04609375
0 0.25859375 0.33671875 0.0234375 0.034375
0 0.2921875 0.3234375 0.0265625 0.03984375
0 0.24921875 0.315625 0.0234375 0.0359375
0 0.240625 0.2984375 0.0234375 0.03671875
0 0.2046875 0.2953125 0.021875 0.03125
0 0.23828125 0.2765625 0.021875 0.02109375
0 0.2578125 0.2609375 0.021875 0.0296875
0 0.34375 0.25859375 0.02421875 0.02890625
0 0.375 0.27421875 0.0171875 0.025
0 0.31875 0.23984375 0.01953125 0.02578125
0 0.3046875 0.23046875 0.015625 0.01796875
0 0.29453125 0.215625 0.0125 0.0171875
0 0.196875 0.21328125 0.0109375 0.0140625
0 0.18359375 0.2125 0.009375 0.01171875
0 0.1703125 0.20859375 0.0078125 0.009375
