0 0.35625 0.48828125 0.03125 0.04453125
2 0.31484375 0.7375 0.14140625 0.20859375
2 0.421875 0.85 0.16171875 0.26015625
0 0.70546875 0.8203125 0.05390625 0.06640625
0 0.8375 0.52109375 0.02890625 0.034375
0 0.12265625 0.95078125 0.1015625 0.096875
0 0.290625 0.88125 0.08984375 0.09140625
0 0.415625 0.69296875 0.0578125 0.06484375
0 0.5203125 0.80390625 0.0359375 0.07734375
0 0.5640625 0.73828125 0.0515625 0.06796875
0 0.60546875 0.58984375 0.04375 0.046875
0 0.66484375 0.51640625 0.0390625 0.0421875
0 0.60546875 0.696875 0.05 0.06015625
0 0.6453125 0.653125 0.046875 0.05234375
0 0.671875 0.621875 0.0375 0.04921875
0 0.6984375 0.584375 0.04140625 0.05390625
0 0.721875 0.55703125 0.0328125 0.04609375
0 0.73984375 0.5328125 0.028125 0.034375
0 0.81796875 0.39296875 0.02109375 0.02890625
