0 0.1375 0.3703125 0.05234375 0.05234375
3 0.2140625 0.2671875 0.04765625 0.03046875
0 0.25 0.25 0.0296875 0.015625
3 0.2359375 0.25625 0.04140625 0.02734375
3 0.2640625 0.29453125 0.05625 0.0375
2 0.303125 0.225 0.03515625 0.04609375
0 0.33359375 0.26171875 0.03203125 0.0203125
0 0.359375 0.25390625 0.021875 0.02421875
3 0.4078125 0.21640625 0.0171875 0.0359375
0 0.42421875 0.20546875 0.0171875 0.0203125
0 0.44921875 0.18046875 0.0203125 0.02109375
3 0.42265625 0.178125 0.025 0.028125
0 0.421875 0.21640625 0.0125 0.01796875
0 0.10625 0.32265625 0.02265625 0.0296875
0 0.37734375 0.2 0.0171875 0.0203125
3 0.340625 0.20625 0.025 0.03984375
0 0.565625 0.16015625 0.01328125 0.015625
3 0.6453125 0.18671875 0.0125 0.0203125
0 0.690625 0.15546875 0.01171875 0.01171875
0 0.571875 0.20390625 0.015625 0.02265625
0 0.584375 0.165625 0.01171875 0.015625
0 0.58203125 0.1421875 0.01015625 0.01484375
0 0.54140625 0.22578125 0.01796875 0.0203125
0 0.49296875 0.21171875 0.01640625 0.01953125
0 0.48671875 0.18984375 0.015625 0.01875
0 0.52109375 0.18046875 0.01484375 0.01640625
0 0.54140625 0.16171875 0.0109375 0.0140625
0 0.5109375 0.16875 0.01484375 0.01953125
0 0.43828125 0.246875 0.0234375 0.02578125
0 0.440625 0.275 0.02734375 0.02734375
0 0.51484375 0.29140625 0.02265625 0.03203125
0 0.60078125 0.33203125 0.025 0.02890625
0 0.50390625 0.38515625 0.03359375 0.0453125
0 0.57421875 0.4546875 0.0359375 0.0421875
3 0.43984375 0.3953125 0.05859375 0.0828125
3 0.38046875 0.3328125 0.04140625 0.0390625
0 0.1796875 0.44375 0.06015625 0.04453125
3 0.13984375 0.49921875 0.0890625 0.10625
