3 0.35859375 0.6375 0.021875 0.06328125
0 0.91953125 0.665625 0.04765625 0.04609375
3 0.10390625 0.97421875 0.10078125 0.0515625
0 0.97265625 0.69140625 0.05390625 0.05625
0 0.540625 0.79296875 0.0296875 0.0265625
0 0.47578125 0.63515625 0.01953125 0.02890625
0 0.4546875 0.5828125 0.0140625 0.02421875
0 0.440625 0.5453125 0.0109375 0.0171875
0 0.62890625 0.57890625 0.025 0.021875
0 0.43046875 0.51328125 0.0109375 0.015625
0 0.421875 0.496875 0.00859375 0.015625
0 0.53125 0.50546875 0.01328125 0.0140625
3 0.4109375 0.46328125 0.0125 0.02890625
3 0.2453125 0.853125 0.09296875 0.15390625
