3 0.08046875 0.90234375 0.0875 0.13125
0 0.59609375 0.3078125 0.01875 0.0140625
0 0.5921875 0.30078125 0.01875 0.0140625
0 0.44609375 0.24453125 0.0078125 0.01328125
0 0.58671875 0.25 0.0046875 0.01328125
0 0.421875 0.2640625 0.0234375 0.01640625
0 0.43984375 0.25625 0.01484375 0.01484375
0 0.6046875 0.3140625 0.02890625 0.01796875
3 0.88515625 0.93671875 0.2296875 0.1265625
0 0.4234375 0.725 0.0515625 0.08828125
0 0.49375 0.74375 0.05703125 0.11015625
0 0.56640625 0.77265625 0.0546875 0.10078125
0 0.56953125 0.68515625 0.04921875 0.09140625
0 0.434375 0.6453125 0.04140625 0.07421875
0 0.49296875 0.6578125 0.040625 0.06875
0 0.496875 0.603125 0.0421875 0.06328125
0 0.4421875 0.5703125 0.03515625 0.06015625
0 0.49921875 0.54375 0.034375 0.05234375
0 0.45078125 0.5296875 0.034375 0.0546875
0 0.4578125 0.5015625 0.0296875 0.0453125
0 0.50078125 0.5078125 0.03046875 0.04453125
0 0.503125 0.44296875 0.02578125 0.03671875
0 0.50546875 0.40625 0.0203125 0.03046875
0 0.50390625 0.3671875 0.01875 0.02578125
0 0.49921875 0.3296875 0.01484375 0.01953125
0 0.49765625 0.31328125 0.01171875 0.0203125
0 0.49765625 0.29296875 0.01171875 0.01953125
2 0.47265625 0.3390625 0.025 0.06171875
0 0.546875 0.33203125 0.01484375 0.0234375
0 0.54375 0.31171875 0.01328125 0.0171875
0 0.5828125 0.29765625 0.01875 0.01640625
0 0.5390625 0.29140625 0.0109375 0.0125
0 0.53203125 0.26796875 0.009375 0.0125
0 0.51796875 0.2703125 0.01015625 0.01640625
0 0.49453125 0.26328125 0.00703125 0.01328125
0 0.53046875 0.25234375 0.0078125 0.009375
0 0.5171875 0.2546875 0.0078125 0.01171875
2 0.52734375 0.23828125 0.0109375 0.0171875
0 0.50546875 0.24609375 0.0078125 0.01640625
0 0.484375 0.25703125 0.009375 0.01484375
0 0.4765625 0.2453125 0.0140625 0.0109375
0 0.48203125 0.23515625 0.00703125 0.00625
0 0.4921875 0.23515625 0.00703125 0.00859375
