0 0.55 0.30078125 0.0296875 0.0421875
0 0.55 0.27734375 0.03046875 0.02734375
0 0.528125 0.26875 0.0203125 0.03125
0 0.50078125 0.2703125 0.02421875 0.01875
0 0.50625 0.28203125 0.04765625 0.0234375
0 0.946875 0.68125 0.10625 0.1
0 0.03828125 0.92890625 0.0765625 0.1421875
0 0.1375 0.78828125 0.08515625 0.14140625
0 0.275 0.6875 0.06015625 0.13203125
0 0.35859375 0.67421875 0.065625 0.11484375
0 0.4640625 0.71640625 0.0828125 0.13203125
0 0.52734375 0.6515625 0.08046875 0.12734375
0 0.4109375 0.58671875 0.06015625 0.1046875
0 0.46484375 0.5546875 0.0640625 0.109375
0 0.3296875 0.5796875 0.05234375 0.0875
0 0.16484375 0.65546875 0.053125 0.12109375
0 0.1765625 0.57265625 0.0453125 0.08359375
0 0.259375 0.58125 0.0484375 0.0890625
0 0.16953125 0.49921875 0.0421875 0.06640625
0 0.24296875 0.52734375 0.04453125 0.075
0 0.30859375 0.5015625 0.04375 0.075
0 0.38046875 0.50546875 0.053125 0.0875
0 0.40546875 0.44609375 0.046875 0.065625
0 0.3515625 0.4609375 0.0359375 0.0625
3 0.62578125 0.4171875 0.06015625 0.084375
0 0.48046875 0.33984375 0.03359375 0.03515625
0 0.53828125 0.3609375 0.03984375 0.0375
0 0.16796875 0.446875 0.0359375 0.05625
0 0.2359375 0.4453125 0.0359375 0.05859375
3 0.2875 0.4328125 0.03828125 0.065625
0 0.3328125 0.4203125 0.03203125 0.0515625
0 0.31796875 0.38515625 0.03359375 0.04921875
3 0.34921875 0.34375 0.034375 0.07578125
0 0.2984375 0.34453125 0.0296875 0.040625
0 0.1765625 0.39921875 0.028125 0.0453125
0 0.22890625 0.3984375 0.02890625 0.05078125
0 0.2234375 0.36171875 0.0265625 0.04453125
0 0.16875 0.36953125 0.03046875 0.04296875
0 0.1734375 0.3421875 0.02421875 0.03828125
0 0.284375 0.31484375 0.025 0.03671875
0 0.29375 0.27890625 0.02421875 0.02890625
0 0.10546875 0.31640625 0.0453125 0.03671875
0 0.1734375 0.31171875 0.0234375 0.03515625
0 0.1671875 0.2875 0.0171875 0.01640625
3 0.203125 0.265625 0.02421875 0.05390625
0 0.2640625 0.221875 0.01328125 0.01484375
0 0.28984375 0.21328125 0.01328125 0.0171875
0 0.20546875 0.22109375 0.0140625 0.0140625
0 0.1828125 0.20703125 0.0078125 0.01015625
0 0.16640625 0.20703125 0.00703125 0.0171875
0 0.17578125 0.19765625 0.00625 0.0078125
0 0.2265625 0.209375 0.0109375 0.0140625
