0 0.503125 0.503125 0.04296875 0.05625
0 0.4375 0.50390625 0.03671875 0.0484375
0 0.35703125 0.4921875 0.03359375 0.04609375
0 0.72890625 0.3625 0.0171875 0.02421875
1 0.44765625 0.8921875 0.0265625 0.09453125
2 0.88828125 0.25390625 0.01640625 0.0359375
0 0.89765625 0.29453125 0.01171875 0.0171875
0 0.875 0.28203125 0.01171875 0.01875
0 0.8671875 0.309375 0.009375 0.02421875
0 0.84453125 0.33359375 0.015625 0.0234375
0 0.81015625 0.375 0.0203125 0.021875
0 0.746875 0.403125 0.02109375 0.028125
0 0.759375 0.42421875 0.025 0.025
0 0.784375 0.43359375 0.025 0.0328125
0 0.653125 0.50234375 0.03359375 0.04453125
0 0.63515625 0.559375 0.0390625 0.05859375
0 0.55625 0.5796875 0.040625 0.06015625
0 0.5859375 0.7171875 0.05859375 0.08046875
0 0.45625 0.6703125 0.05703125 0.07421875
0 0.5234375 0.78203125 0.0625 0.08671875
0 0.26875 0.82890625 0.06953125 0.09609375
0 0.3421875 0.9625 0.09375 0.075
