2 0.21015625 0.86796875 0.08671875 0.19453125
2 0.43515625 0.90078125 0.115625 0.19765625
2 0.3640625 0.99453125 0.07578125 0.0109375
0 0.36953125 0.86796875 0.01953125 0.1
3 0.63828125 0.96328125 0.0765625 0.0734375
3 0.49921875 0.90546875 0.0546875 0.1
2 0.5421875 0.82421875 0.075 0.15546875
3 0.44765625 0.81484375 0.059375 0.08515625
0 0.4953125 0.809375 0.02578125 0.0828125
0 0.48828125 0.77578125 0.03984375 0.06015625
0 0.42421875 0.78125 0.04140625 0.0484375
0 0.4625 0.72734375 0.05078125 0.06796875
0 0.40859375 0.7484375 0.040625 0.075
0 0.31875 0.72109375 0.04140625 0.06015625
2 0.3359375 0.65 0.0390625 0.05703125
0 0.38828125 0.7234375 0.03671875 0.05703125
3 0.375 0.6734375 0.040625 0.08359375
0 0.4421875 0.70390625 0.03671875 0.05
0 0.42890625 0.67421875 0.0359375 0.046875
0 0.41640625 0.66328125 0.025 0.0421875
0 0.40703125 0.6390625 0.03359375 0.053125
0 0.390625 0.61640625 0.028125 0.03125
0 0.88359375 0.95078125 0.078125 0.0890625
0 0.74453125 0.72109375 0.03828125 0.05625
0 0.7203125 0.6796875 0.03828125 0.04296875
0 0.62890625 0.6625 0.03984375 0.0421875
0 0.54375 0.62734375 0.040625 0.034375
3 0.65078125 0.63515625 0.040625 0.0578125
0 0.6328125 0.56953125 0.01953125 0.025
3 0.59296875 0.49453125 0.0296875 0.05390625
0 0.57734375 0.4546875 0.0109375 0.02890625
0 0.159375 0.47265625 0.02734375 0.028125
0 0.18359375 0.4671875 0.021875 0.0296875
0 0.40859375 0.44765625 0.02109375 0.0234375
0 0.46875 0.44453125 0.01328125 0.02265625
0 0.5046875 0.44921875 0.03515625 0.0234375
2 0.37109375 0.4265625 0.03359375 0.0609375
2 0.31640625 0.37421875 0.02734375 0.04453125
0 0.41171875 0.41875 0.01640625 0.025
0 0.265625 0.36875 0.01640625 0.02109375
