3 0.58203125 0.5140625 0.0140625 0.02265625
0 0.0828125 0.6859375 0.040625 0.03828125
2 0.40703125 0.9015625 0.0953125 0.196875
2 0.1078125 0.75703125 0.1203125 0.13203125
0 0.47109375 0.496875 0.0109375 0.0140625
0 0.459375 0.521875 0.0125 0.01484375
0 0.3859375 0.5625 0.015625 0.01953125
0 0.31640625 0.52265625 0.0203125 0.01171875
0 0.35703125 0.56484375 0.0171875 0.0171875
0 0.37734375 0.575 0.01796875 0.01796875
0 0.3484375 0.57734375 0.01953125 0.0203125
0 0.36640625 0.590625 0.021875 0.0234375
0 0.33828125 0.5921875 0.0203125 0.02265625
0 0.3546875 0.60859375 0.0234375 0.025
0 0.32265625 0.60625 0.02578125 0.0296875
0 0.3390625 0.63203125 0.028125 0.0296875
0 0.30625 0.628125 0.0265625 0.028125
0 0.3203125 0.65546875 0.028125 0.03203125
0 0.303125 0.67109375 0.03203125 0.03359375
0 0.2875 0.659375 0.02890625 0.03203125
0 0.290625 0.6953125 0.0296875 0.0359375
1 0.26640625 0.634375 0.00390625 0.0234375
0 0.25390625 0.65 0.02578125 0.028125
0 0.2359375 0.66328125 0.0296875 0.02734375
0 0.25390625 0.69609375 0.0203125 0.03671875
0 0.203125 0.69140625 0.025 0.0328125
3 0.22265625 0.70703125 0.04140625 0.06953125
0 0.26796875 0.71796875 0.03046875 0.0359375
0 0.18359375 0.721875 0.0328125 0.03984375
0 0.2453125 0.7515625 0.03984375 0.04296875
0 0.19453125 0.75546875 0.040625 0.04375
0 0.21484375 0.7828125 0.0390625 0.0484375
0 0.17734375 0.82421875 0.05390625 0.0640625
0 0.1578125 0.78828125 0.04375 0.05078125
0 0.1046875 0.84375 0.059375 0.05859375
0 0.04375 0.85078125 0.065625 0.06015625
0 0.11796875 0.90546875 0.0671875 0.07265625
0 0.03828125 0.91640625 0.0765625 0.078125
0 0.00859375 0.89140625 0.0171875 0.05234375
3 0.04375 0.97421875 0.0875 0.0515625
0 0.35703125 0.728125 0.03515625 0.03515625
0 0.40234375 0.75 0.0328125 0.03828125
0 0.3015625 0.84375 0.05078125 0.053125
