0 0.04375 0.67578125 0.0875 0.0734375
0 0.19140625 0.65703125 0.0921875 0.05390625
0 0.48984375 0.81640625 0.071875 0.12578125
0 0.403125 0.64921875 0.0375 0.04765625
0 0.50859375 0.6640625 0.0375 0.053125
0 0.4484375 0.6484375 0.034375 0.04296875
0 0.4546875 0.634375 0.02421875 0.0390625
0 0.4609375 0.62421875 0.02265625 0.0328125
0 0.50078125 0.61953125 0.025 0.03125
3 0.5359375 0.5953125 0.021875 0.04140625
0 0.46328125 0.61484375 0.02265625 0.0296875
0 0.46484375 0.59609375 0.01875 0.01484375
0 0.4921875 0.5875 0.015625 0.02109375
0 0.4640625 0.54765625 0.00859375 0.01875
0 0.48984375 0.57109375 0.0125 0.01640625
0 0.503125 0.55859375 0.009375 0.01015625
0 0.9546875 0.93203125 0.08984375 0.1359375
0 0.95703125 0.82109375 0.0859375 0.0921875
