0 0.95625 0.5140625 0.0578125 0.03125
0 0.946875 0.50234375 0.065625 0.034375
0 0.9453125 0.49453125 0.075 0.0359375
0 0.565625 0.4359375 0.0203125 0.0203125
0 0.6875 0.37109375 0.0125 0.01171875
0 0.78515625 0.33828125 0.0109375 0.01015625
0 0.7921875 0.35703125 0.009375 0.01484375
0 0.7859375 0.37265625 0.01015625 0.0125
0 0.7796875 0.38125 0.0109375 0.015625
0 0.7921875 0.38671875 0.01015625 0.01015625
0 0.81953125 0.36484375 0.0109375 0.01171875
0 0.77421875 0.39453125 0.0125 0.01328125
0 0.76640625 0.403125 0.01328125 0.0171875
0 0.840625 0.44375 0.025 0.0234375
0 0.74375 0.43203125 0.01796875 0.01953125
0 0.7625 0.44453125 0.0171875 0.0171875
0 0.75078125 0.4703125 0.0203125 0.0234375
0 0.709375 0.4734375 0.01875 0.02109375
0 0.73203125 0.51328125 0.02890625 0.0328125
0 0.71015625 0.3859375 0.0109375 0.01171875
0 0.725 0.390625 0.0125 0.01328125
0 0.7140625 0.403125 0.01328125 0.01640625
0 0.7296875 0.41015625 0.015625 0.0140625
2 0.68203125 0.39375 0.03203125 0.0296875
0 0.71015625 0.43125 0.0171875 0.01484375
0 0.684375 0.42421875 0.01796875 0.021875
0 0.6828125 0.44765625 0.02109375 0.02109375
0 0.66875 0.43828125 0.015625 0.0234375
0 0.66875 0.4703125 0.021875 0.025
0 0.63984375 0.43984375 0.0203125 0.0171875
0 0.64375 0.45546875 0.021875 0.02578125
0 0.62421875 0.43671875 0.01328125 0.01953125
0 0.609375 0.43828125 0.01796875 0.02109375
0 0.596875 0.4484375 0.01484375 0.021875
0 0.58359375 0.45234375 0.01796875 0.02109375
0 0.5671875 0.4625 0.01953125 0.02421875
0 0.54609375 0.4703125 0.02734375 0.02734375
0 0.59140625 0.4859375 0.03046875 0.0328125
0 0.6390625 0.50625 0.0296875 0.03203125
0 0.59375 0.5484375 0.040625 0.0421875
0 0.575 0.52890625 0.0328125 0.03359375
3 0.5265625 0.61328125 0.05859375 0.05390625
2 0.48125 0.5078125 0.08125 0.07265625
0 0.5265625 0.48671875 0.01171875 0.02265625
0 0.4390625 0.525 0.015625 0.03046875
0 0.41015625 0.5453125 0.04609375 0.03515625
0 0.42890625 0.559375 0.03828125 0.03671875
0 0.44765625 0.5734375 0.03515625 0.05546875
2 0.51171875 0.55625 0.09453125 0.103125
0 0.38359375 0.58984375 0.0515625 0.0484375
0 0.35 0.578125 0.05625 0.04296875
0 0.4390625 0.634375 0.04765625 0.05078125
0 0.24765625 0.6390625 0.07421875 0.05234375
0 0.396875 0.6671875 0.06875 0.0640625
0 0.4203125 0.7234375 0.065625 0.08203125
0 0.128125 0.80703125 0.13515625 0.11015625
0 0.034375 0.8171875 0.06796875 0.0796875
3 0.02890625 0.90625 0.05625 0.07890625
0 0.11171875 0.89140625 0.0515625 0.1015625
2 0.25390625 0.840625 0.26875 0.2890625
