0 0.1046875 0.996875 0.05 0.00546875
1 0.12421875 0.88671875 0.0453125 0.15703125
0 0.25234375 0.96328125 0.09609375 0.0734375
0 0.4578125 0.7984375 0.07265625 0.13203125
0 0.2671875 0.696875 0.07890625 0.125
0 0.33984375 0.7890625 0.078125 0.14921875
0 0.56015625 0.64296875 0.05625 0.09765625
0 0.3171875 0.55234375 0.05625 0.08125
3 0.390625 0.57265625 0.06171875 0.1078125
0 0.553125 0.4984375 0.03515625 0.05078125
0 0.36796875 0.45390625 0.0421875 0.05859375
0 0.4328125 0.46015625 0.03828125 0.0609375
0 0.403125 0.39453125 0.02890625 0.0515625
0 0.1890625 0.35078125 0.05390625 0.034375
3 0.5078125 0.34453125 0.02421875 0.0375
0 0.43984375 0.32265625 0.01875 0.03125
0 0.471875 0.3125 0.0203125 0.0296875
3 0.546875 0.33125 0.02890625 0.05625
0 0.51640625 0.29296875 0.01640625 0.02265625
0 0.53984375 0.2734375 0.01171875 0.01796875
0 0.4515625 0.303125 0.0140625 0.034375
0 0.4578125 0.29453125 0.01171875 0.02421875
0 0.48203125 0.30234375 0.01640625 0.02734375
0 0.51875 0.26640625 0.0125 0.02109375
0 0.490625 0.28671875 0.01640625 0.0265625
0 0.46171875 0.28828125 0.0140625 0.02265625
