0 0.128125 0.94921875 0.0390625 0.08671875
0 0.1859375 0.85390625 0.03828125 0.09140625
0 0.240625 0.86015625 0.0359375 0.07578125
0 0.290625 0.83515625 0.0359375 0.07890625
0 0.184375 0.7859375 0.03203125 0.05546875
0 0.2296875 0.77734375 0.0328125 0.0671875
0 0.27578125 0.7578125 0.03046875 0.0640625
0 0.221875 0.7125 0.02890625 0.05390625
0 0.2609375 0.69921875 0.0265625 0.04921875
0 0.32421875 0.70390625 0.04296875 0.05234375
0 0.196875 0.50703125 0.0171875 0.0296875
0 0.278125 0.39140625 0.015625 0.02578125
0 0.3140625 0.29609375 0.01328125 0.0125
0 0.38203125 0.2984375 0.0109375 0.01328125
1 0.85859375 0.96328125 0.0453125 0.0671875
