0 0.1734375 0.45 0.06953125 0.05390625
0 0.396875 0.38828125 0.02578125 0.03671875
0 0.5203125 0.2921875 0.0171875 0.0265625
0 0.31640625 0.490625 0.06484375 0.04921875
0 0.2609375 0.68984375 0.07890625 0.1109375
0 0.44453125 0.58671875 0.046875 0.075
0 0.48359375 0.45390625 0.03515625 0.046875
0 0.5296875 0.37109375 0.025 0.03046875
0 0.56953125 0.3578125 0.021875 0.0296875
0 0.62109375 0.5125 0.0359375 0.0578125
0 0.6765625 0.43359375 0.0265625 0.03671875
0 0.634375 0.409375 0.02578125 0.03359375
0 0.671875 0.36796875 0.02109375 0.0296875
0 0.64765625 0.33671875 0.01953125 0.02421875
0 0.67109375 0.30078125 0.01484375 0.01796875
0 0.5265625 0.3328125 0.0203125 0.02734375
0 0.5578125 0.328125 0.01875 0.025
0 0.6109375 0.25859375 0.0109375 0.01640625
3 0.9046875 0.36171875 0.02890625 0.03984375
3 0.59921875 0.2890625 0.028125 0.05546875
0 0.56875 0.29140625 0.021875 0.04453125
