3 0.359375 0.6375 0.021875 0.06328125
0 0.91953125 0.665625 0.04765625 0.04609375
0 0.57734375 0.753125 0.02890625 0.034375
0 0.540625 0.78359375 0.03046875 0.0421875
0 0.53046875 0.6640625 0.0203125 0.025
0 0.48203125 0.6578125 0.021875 0.0359375
0 0.4609375 0.5984375 0.01796875 0.02578125
3 0.5265625 0.5875 0.03515625 0.0671875
0 0.48203125 0.57109375 0.0140625 0.0203125
0 0.490625 0.53984375 0.01328125 0.01875
0 0.45 0.565625 0.01484375 0.021875
0 0.44296875 0.5390625 0.0125 0.01953125
3 0.47109375 0.53515625 0.0140625 0.0328125
0 0.45234375 0.50234375 0.01015625 0.01640625
0 0.44921875 0.475 0.01015625 0.01796875
0 0.43671875 0.47890625 0.00625 0.01484375
0 0.4234375 0.45625 0.00625 0.0109375
3 0.32109375 0.82890625 0.0890625 0.125
