0 0.1375 0.3703125 0.05234375 0.05234375
3 0.2140625 0.2671875 0.04765625 0.03046875
0 0.25 0.25 0.0296875 0.015625
3 0.2359375 0.25625 0.04140625 0.02734375
3 0.2640625 0.29453125 0.05625 0.0375
2 0.2984375 0.23203125 0.0375 0.05625
0 0.33359375 0.26171875 0.03203125 0.0203125
0 0.359375 0.25390625 0.021875 0.02421875
0 0.32890625 0.20390625 0.0390625 0.0203125
3 0.4078125 0.21640625 0.0171875 0.0359375
0 0.42421875 0.20546875 0.0171875 0.0203125
0 0.4484375 0.18203125 0.0171875 0.015625
3 0.42265625 0.178125 0.025 0.028125
0 0.421875 0.21640625 0.0125 0.01796875
0 0.57890625 0.17890625 0.01484375 0.01484375
0 0.70078125 0.19921875 0.01640625 0.01640625
0 0.83046875 0.315625 0.0359375 0.0265625
0 0.64140625 0.1453125 0.01171875 0.0125
0 0.6203125 0.165625 0.01171875 0.01328125
0 0.6234375 0.25234375 0.01953125 0.0234375
0 0.65078125 0.3203125 0.02421875 0.02578125
0 0.58671875 0.41015625 0.0328125 0.03828125
0 0.49140625 0.4109375 0.0390625 0.05234375
0 0.45078125 0.39921875 0.034375 0.0421875
0 0.40546875 0.8265625 0.0859375 0.11328125
0 0.09140625 0.8640625 0.0953125 0.11640625
0 0.3484375 0.36015625 0.04609375 0.0390625
0 0.18671875 0.4859375 0.0734375 0.05703125
