0 0.1734375 0.453125 0.06484375 0.05
0 0.39609375 0.38828125 0.02734375 0.0375
0 0.50078125 0.26015625 0.0203125 0.021875
0 0.51796875 0.26171875 0.0125 0.01875
0 0.53046875 0.25078125 0.01484375 0.01953125
0 0.11015625 0.88359375 0.1359375 0.19765625
0 0.1828125 0.93125 0.1375 0.1375
0 0.26640625 0.946875 0.1015625 0.10625
3 0.27890625 0.7421875 0.12890625 0.2359375
3 0.90625 0.3578125 0.02890625 0.05234375
0 0.35390625 0.7984375 0.08515625 0.13515625
0 0.365625 0.6296875 0.06796875 0.10625
3 0.42265625 0.65 0.0703125 0.128125
0 0.6203125 0.57734375 0.04375 0.0640625
0 0.46640625 0.571875 0.04609375 0.0734375
0 0.44375 0.44140625 0.0390625 0.04921875
0 0.5203125 0.29296875 0.0203125 0.02734375
0 0.6203125 0.31171875 0.01796875 0.02578125
0 0.6703125 0.396875 0.0234375 0.03671875
