0 0.18984375 0.34765625 0.05234375 0.02890625
0 0.23671875 0.76328125 0.09140625 0.15
0 0.3125 0.56640625 0.0515625 0.09375
0 0.4015625 0.55234375 0.053125 0.09453125
0 0.4296875 0.44921875 0.040625 0.08984375
0 0.38515625 0.42890625 0.0359375 0.04921875
0 0.41953125 0.35703125 0.028125 0.03984375
0 0.43515625 0.32890625 0.02265625 0.02734375
0 0.4734375 0.32734375 0.02265625 0.03203125
0 0.44921875 0.30703125 0.01640625 0.02578125
0 0.48203125 0.3 0.01953125 0.02734375
0 0.45859375 0.28671875 0.01484375 0.01796875
0 0.4890625 0.2875 0.01484375 0.02578125
0 0.521875 0.271875 0.01171875 0.0171875
2 0.540625 0.25234375 0.015625 0.0296875
0 0.46875 0.27109375 0.0125 0.02265625
0 0.5234375 0.246875 0.00859375 0.0109375
