0 0.98984375 0.55234375 0.0203125 0.03359375
0 0.73125 0.57890625 0.05234375 0.02734375
0 0.70078125 0.43203125 0.0359375 0.02265625
0 0.6953125 0.4265625 0.034375 0.01953125
0 0.68203125 0.415625 0.01640625 0.02265625
0 0.7015625 0.4046875 0.034375 0.01796875
0 0.68359375 0.36484375 0.03125 0.021875
0 0.5046875 0.3515625 0.015625 0.01640625
0 0.528125 0.34609375 0.015625 0.0203125
0 0.5390625 0.36484375 0.01328125 0.01796875
0 0.5484375 0.34921875 0.01328125 0.01484375
3 0.58359375 0.3546875 0.01484375 0.02421875
0 0.60703125 0.36015625 0.0125 0.02265625
0 0.59453125 0.3375 0.0125 0.0171875
0 0.58984375 0.3765625 0.0171875 0.0203125
2 0.47890625 0.3734375 0.0296875 0.04375
0 0.5671875 0.40546875 0.015625 0.0234375
0 0.59609375 0.41328125 0.0171875 0.01875
0 0.55234375 0.44140625 0.0171875 0.02421875
0 0.453125 0.45078125 0.01875 0.02734375
0 0.36484375 0.44609375 0.0203125 0.025
0 0.5359375 0.4734375 0.025 0.028125
0 0.47734375 0.49375 0.02421875 0.02578125
0 0.3296875 0.47890625 0.028125 0.02578125
0 0.4234375 0.53671875 0.03125 0.0453125
0 0.3265625 0.5765625 0.03125 0.04609375
0 0.56015625 0.5265625 0.01953125 0.02890625
0 0.4953125 0.5890625 0.034375 0.0328125
0 0.53671875 0.63359375 0.03671875 0.0375
3 0.47265625 0.63125 0.03828125 0.06328125
0 0.41953125 0.62890625 0.0359375 0.0484375
0 0.3359375 0.67578125 0.0484375 0.059375
0 0.40078125 0.6765625 0.0359375 0.04765625
3 0.36328125 0.7171875 0.0546875 0.096875
3 0.3359375 0.78515625 0.059375 0.06953125
0 0.146875 0.6625 0.05 0.05078125
0 0.39921875 0.828125 0.0578125 0.0671875
0 0.58046875 0.45078125 0.0203125 0.02265625
0 0.42109375 0.98515625 0.0609375 0.02890625
0 0.30546875 0.85703125 0.0640625 0.0765625
0 0.253125 0.93203125 0.07734375 0.09375
0 0.1859375 0.909375 0.08125 0.1078125
0 0.1296875 0.8765625 0.06640625 0.078125
