2 0.178125 0.9328125 0.153125 0.134375
2 0.2734375 0.84765625 0.1125 0.2328125
2 0.35078125 0.9265625 0.12578125 0.146875
0 0.3421875 0.7890625 0.0234375 0.071875
0 0.4203125 0.91328125 0.0109375 0.07421875
0 0.43671875 0.87421875 0.04296875 0.09140625
0 0.44765625 0.80703125 0.05625 0.10078125
0 0.465625 0.76875 0.040625 0.05859375
0 0.4765625 0.728125 0.04453125 0.0546875
0 0.5046875 0.4640625 0.0234375 0.0546875
0 0.58828125 0.3171875 0.01328125 0.01875
0 0.60390625 0.31328125 0.01328125 0.02421875
0 0.43125 0.50078125 0.04765625 0.02734375
0 0.6296875 0.36015625 0.01015625 0.01875
