3 0.6859375 0.84921875 0.0671875 0.2015625
0 0.6078125 0.65234375 0.04296875 0.07890625
0 0.4359375 0.5234375 0.0515625 0.08125
0 0.17265625 0.45 0.06328125 0.0484375
0 0.62890625 0.45625 0.028125 0.04296875
3 0.67109375 0.446875 0.0296875 0.059375
0 0.63828125 0.34140625 0.01953125 0.02734375
0 0.671875 0.33125 0.01875 0.028125
0 0.646875 0.30390625 0.01484375 0.0203125
0 0.59296875 0.2640625 0.0140625 0.01953125
0 0.6359375 0.26015625 0.0125 0.01796875
0 0.51875 0.29296875 0.0140625 0.028125
0 0.51796875 0.26171875 0.0140625 0.015625
0 0.5296875 0.25 0.01328125 0.01796875
3 0.90078125 0.3625 0.0375 0.04453125
0 0.39609375 0.38984375 0.0265625 0.03359375
