0 0.46796875 0.8578125 0.04375 0.07890625
0 0.44921875 0.7953125 0.046875 0.07109375
0 0.3859375 0.8140625 0.046875 0.071875
0 0.34453125 0.80390625 0.046875 0.0609375
0 0.33515625 0.75625 0.04375 0.05078125
0 0.39921875 0.72421875 0.03125 0.0515625
0 0.4484375 0.71953125 0.04140625 0.06328125
0 0.49296875 0.72734375 0.0375 0.05390625
0 0.4328125 0.67890625 0.03671875 0.0453125
0 0.484375 0.6671875 0.03515625 0.0453125
0 0.51484375 0.678125 0.034375 0.05390625
0 0.41796875 0.64453125 0.034375 0.046875
0 0.4671875 0.62890625 0.03046875 0.0390625
0 0.51953125 0.61484375 0.025 0.03984375
0 0.6546875 0.396875 0.015625 0.02734375
0 0.6765625 0.34375 0.01328125 0.01875
3 0.61640625 0.3328125 0.01640625 0.0359375
