0 0.1375 0.3703125 0.05234375 0.05234375
3 0.2140625 0.2671875 0.04765625 0.03046875
0 0.25 0.25 0.0296875 0.015625
3 0.2359375 0.25625 0.04140625 0.02734375
3 0.2640625 0.29453125 0.05625 0.0375
2 0.2984375 0.23203125 0.0375 0.05625
0 0.33359375 0.26171875 0.03203125 0.0203125
0 0.359375 0.25390625 0.021875 0.02421875
0 0.32890625 0.20390625 0.0390625 0.0203125
3 0.4078125 0.21640625 0.0171875 0.0359375
0 0.42421875 0.20546875 0.0171875 0.0203125
0 0.4484375 0.18203125 0.0171875 0.015625
3 0.42265625 0.178125 0.025 0.028125
0 0.421875 0.21640625 0.0125 0.01796875
3 0.14765625 0.278125 0.04453125 0.03515625
0 0.5984375 0.1421875 0.0078125 0.01484375
0 0.571875 0.1515625 0.0125 0.01640625
0 0.5625 0.16953125 0.01171875 0.015625
0 0.51328125 0.18515625 0.015625 0.01640625
0 0.50234375 0.2046875 0.01640625 0.0171875
0 0.465625 0.21484375 0.01484375 0.01796875
0 0.47890625 0.2359375 0.01796875 0.02109375
0 0.45078125 0.23125 0.02109375 0.0234375
3 0.48203125 0.34609375 0.03125 0.0375
0 0.3421875 0.36953125 0.0390625 0.04453125
0 0.26953125 0.384375 0.046875 0.0390625
