2 0.3375 0.9703125 0.096875 0.059375
2 0.40078125 0.72734375 0.05625 0.13046875
0 0.20234375 0.98828125 0.0609375 0.0234375
0 0.59765625 0.5078125 0.02265625 0.0328125
0 0.25 0.93359375 0.06328125 0.0984375
0 0.28046875 0.86796875 0.0609375 0.0765625
0 0.38046875 0.80390625 0.05703125 0.0890625
0 0.4375 0.70703125 0.015625 0.07265625
0 0.35703125 0.8671875 0.05546875 0.0765625
0 0.32421875 0.9203125 0.0625 0.07734375
0 0.39765625 0.93984375 0.0625 0.0734375
2 0.58671875 0.30703125 0.01875 0.04375
0 0.60390625 0.3171875 0.01328125 0.0140625
0 0.60703125 0.30390625 0.0125 0.0125
0 0.60859375 0.29140625 0.00859375 0.0125
