0 0.1375 0.3703125 0.05234375 0.05234375
3 0.2140625 0.2671875 0.04765625 0.03046875
0 0.25 0.25 0.0296875 0.015625
3 0.2359375 0.25625 0.04140625 0.02734375
3 0.2640625 0.29453125 0.05625 0.0375
2 0.303125 0.22578125 0.0375 0.05
0 0.3328125 0.26015625 0.03359375 0.02265625
0 0.359375 0.25390625 0.021875 0.02421875
3 0.4078125 0.21640625 0.0171875 0.0359375
0 0.42421875 0.20546875 0.0171875 0.0203125
0 0.44921875 0.18046875 0.0203125 0.02109375
3 0.42265625 0.178125 0.025 0.028125
0 0.421875 0.21640625 0.0125 0.01796875
0 0.10625 0.32265625 0.02265625 0.0296875
0 0.3328125 0.20390625 0.03671875 0.02265625
3 0.14609375 0.26875 0.05703125 0.05078125
2 0.640625 0.1484375 0.01875 0.03125
2 0.440625 0.23359375 0.03984375 0.053125
0 0.71328125 0.1890625 0.01640625 0.01953125
0 0.72578125 0.28203125 0.0234375 0.02734375
0 0.62109375 0.1484375 0.0109375 0.01484375
3 0.58359375 0.13359375 0.0109375 0.02109375
0 0.565625 0.1609375 0.0125 0.01875
0 0.55546875 0.14765625 0.01171875 0.01328125
0 0.5359375 0.1671875 0.01328125 0.01484375
0 0.55625 0.18125 0.0140625 0.01953125
0 0.6453125 0.18125 0.0140625 0.01640625
0 0.6515625 0.20625 0.015625 0.0203125
0 0.61953125 0.203125 0.0140625 0.01953125
0 0.62265625 0.22265625 0.01640625 0.0203125
0 0.6578125 0.24765625 0.01484375 0.0203125
0 0.62578125 0.24609375 0.0171875 0.0203125
0 0.65859375 0.29375 0.0203125 0.03046875
0 0.61484375 0.28984375 0.0203125 0.02578125
0 0.60703125 0.3421875 0.02578125 0.0265625
0 0.6515625 0.353125 0.0265625 0.03515625
0 0.5484375 0.2 0.015625 0.021875
0 0.5390625 0.228125 0.01953125 0.0234375
0 0.53125 0.25546875 0.02109375 0.03515625
0 0.54453125 0.30078125 0.0234375 0.03046875
3 0.5109375 0.29609375 0.021875 0.034375
0 0.49453125 0.1875 0.01328125 0.01875
0 0.50390625 0.20234375 0.0125 0.0171875
0 0.49765625 0.21015625 0.01640625 0.01640625
0 0.48984375 0.21875 0.01953125 0.0203125
0 0.48203125 0.23125 0.0171875 0.01953125
0 0.47109375 0.2046875 0.01640625 0.02265625
0 0.46875 0.246875 0.02421875 0.02421875
0 0.45625 0.2640625 0.02421875 0.02421875
0 0.44296875 0.2796875 0.0265625 0.0265625
0 0.42265625 0.29921875 0.02578125 0.0265625
0 0.4015625 0.31484375 0.0375 0.040625
0 0.4 0.2859375 0.02578125 0.0234375
0 0.36484375 0.309375 0.03203125 0.0296875
0 0.3765625 0.34375 0.0296875 0.03515625
0 0.33359375 0.33984375 0.0390625 0.03671875
0 0.34296875 0.365625 0.0390625 0.0421875
0 0.3046875 0.396875 0.05 0.046875
0 0.28359375 0.3703125 0.04375 0.04140625
0 0.3703125 0.50625 0.05234375 0.0625
0 0.23515625 0.40859375 0.0546875 0.04453125
0 0.246875 0.44765625 0.0609375 0.053125
0 0.1609375 0.46015625 0.053125 0.05625
0 0.1671875 0.5078125 0.071875 0.06171875
0 0.07578125 0.57578125 0.078125 0.0703125
3 0.05234375 0.53203125 0.0984375 0.06875
3 0.53828125 0.503125 0.0734375 0.13359375
0 0.57109375 0.63984375 0.0609375 0.07421875
0 0.4328125 0.77890625 0.08203125 0.09296875
0 0.490625 0.8796875 0.08984375 0.128125
