0 0.95625 0.5140625 0.0578125 0.03125
0 0.946875 0.50234375 0.065625 0.034375
0 0.9453125 0.49453125 0.075 0.0359375
0 0.684375 0.39609375 0.01484375 0.0125
0 0.70390625 0.3921875 0.0140625 0.01484375
0 0.68671875 0.3703125 0.01171875 0.01171875
0 0.71328125 0.36875 0.0140625 0.0109375
0 0.7234375 0.396875 0.0140625 0.01328125
0 0.71796875 0.38046875 0.01328125 0.0125
0 0.73125 0.38828125 0.0140625 0.0140625
0 0.69765625 0.3796875 0.01171875 0.01328125
0 0.83203125 0.52890625 0.025 0.03515625
0 0.471875 0.5375 0.040625 0.0359375
0 0.43671875 0.53359375 0.028125 0.034375
0 0.7109375 0.69921875 0.05390625 0.05859375
0 0.62890625 0.70859375 0.0640625 0.06640625
0 0.675 0.81484375 0.07890625 0.084375
0 0.5265625 0.84375 0.0859375 0.09140625
0 0.29765625 0.603125 0.0453125 0.046875
2 0.375 0.57421875 0.125 0.10859375
0 0.5953125 0.9640625 0.09609375 0.071875
0 0.075 0.940625 0.15 0.11875
0 0.73828125 0.38359375 0.01171875 0.01328125
