0 0.1875 0.40078125 0.05703125 0.0765625
0 0.23671875 0.46171875 0.0703125 0.04296875
0 0.27734375 0.4453125 0.06953125 0.04453125
0 0.290625 0.42109375 0.06796875 0.03984375
0 0.17734375 0.51484375 0.07421875 0.05390625
0 0.12578125 0.55390625 0.08515625 0.0640625
0 0.07421875 0.59921875 0.0828125 0.06953125
0 0.025 0.615625 0.04921875 0.071875
0 0.0640625 0.9234375 0.128125 0.153125
0 0.33671875 0.88125 0.08359375 0.13515625
0 0.521875 0.73359375 0.07890625 0.1265625
0 0.6359375 0.6828125 0.06171875 0.09453125
0 0.67578125 0.51171875 0.040625 0.06171875
0 0.6609375 0.425 0.03359375 0.05078125
0 0.5765625 0.31328125 0.02734375 0.03515625
0 0.67421875 0.31875 0.025 0.0359375
0 0.64296875 0.25 0.021875 0.0265625
0 0.70390625 0.2234375 0.01640625 0.01484375
0 0.69921875 0.17734375 0.0140625 0.01484375
