3 0.359375 0.6375 0.021875 0.06328125
0 0.91953125 0.665625 0.04765625 0.04609375
3 0.10390625 0.97421875 0.10078125 0.0515625
0 0.97734375 0.6984375 0.04453125 0.05546875
3 0.03359375 0.90625 0.0671875 0.06796875
0 0.60390625 0.80546875 0.03359375 0.0421875
0 0.4734375 0.63125 0.0171875 0.028125
0 0.50234375 0.60703125 0.0171875 0.021875
0 0.45546875 0.5859375 0.01328125 0.0203125
0 0.4765625 0.5578125 0.0140625 0.021875
0 0.43671875 0.53359375 0.0125 0.0171875
0 0.45703125 0.51796875 0.01015625 0.01640625
0 0.4453125 0.4953125 0.009375 0.0125
0 0.4265625 0.51015625 0.0109375 0.01484375
0 0.4578125 0.48984375 0.009375 0.0140625
0 0.4421875 0.46953125 0.00625 0.0109375
0 0.4234375 0.496875 0.0109375 0.01484375
0 0.4171875 0.4828125 0.00703125 0.0125
3 0.2453125 0.846875 0.090625 0.1609375
