0 0.17265625 0.4515625 0.065625 0.046875
0 0.39609375 0.390625 0.02734375 0.0375
0 0.51875 0.29453125 0.01640625 0.0234375
0 0.1390625 0.9828125 0.084375 0.034375
3 0.2875 0.78671875 0.10390625 0.13671875
0 0.35625 0.79765625 0.07890625 0.128125
3 0.35 0.64921875 0.07578125 0.14375
0 0.41171875 0.5734375 0.0484375 0.0671875
0 0.38515625 0.5265625 0.05078125 0.065625
0 0.440625 0.5140625 0.04296875 0.0671875
0 0.47734375 0.4640625 0.03359375 0.04765625
0 0.45546875 0.415625 0.03203125 0.046875
0 0.49765625 0.428125 0.03125 0.040625
0 0.5375 0.43125 0.02890625 0.05078125
3 0.5171875 0.37109375 0.03515625 0.0765625
0 0.49296875 0.365625 0.0140625 0.0359375
0 0.54609375 0.3515625 0.02109375 0.03125
0 0.5609375 0.32265625 0.01953125 0.028125
0 0.5703125 0.31015625 0.0140625 0.02265625
0 0.59921875 0.28984375 0.015625 0.0203125
0 0.5953125 0.26640625 0.01328125 0.01875
0 0.57265625 0.26875 0.01171875 0.0171875
0 0.63203125 0.27109375 0.0125 0.01875
0 0.64375 0.3171875 0.01796875 0.02734375
0 0.67578125 0.3453125 0.01640625 0.021875
0 0.671875 0.421875 0.02578125 0.0390625
0 0.6203125 0.503125 0.0359375 0.0578125
