0 0.1625 0.88984375 0.08984375 0.121875
0 0.20546875 0.93828125 0.1046875 0.1234375
0 0.3125 0.94921875 0.09296875 0.1015625
0 0.553125 0.965625 0.075 0.06796875
0 0.37734375 0.875 0.078125 0.11484375
0 0.2875 0.85234375 0.084375 0.11953125
0 0.23515625 0.79375 0.08203125 0.125
0 0.71015625 0.86875 0.05625 0.08984375
0 0.3546875 0.77578125 0.07109375 0.1359375
0 0.4484375 0.78359375 0.065625 0.10390625
0 0.35703125 0.68046875 0.06796875 0.0796875
0 0.40703125 0.72578125 0.05546875 0.0828125
0 0.45546875 0.6640625 0.05859375 0.07265625
0 0.43125 0.6375 0.0921875 0.06953125
0 0.490625 0.7140625 0.065625 0.09296875
0 0.65234375 0.75 0.0546875 0.06796875
0 0.53046875 0.66796875 0.053125 0.0875
0 0.5234375 0.584375 0.0484375 0.0625
0 0.56875 0.61328125 0.04921875 0.0640625
2 0.8375 0.653125 0.065625 0.18359375
2 0.65078125 0.46640625 0.06171875 0.125
0 0.5859375 0.56328125 0.0484375 0.0640625
0 0.61796875 0.5359375 0.03671875 0.0640625
0 0.7078125 0.63515625 0.0421875 0.06171875
0 0.696875 0.42265625 0.0328125 0.05390625
0 0.775 0.4671875 0.03203125 0.04140625
0 0.79140625 0.58203125 0.0390625 0.05078125
0 0.81484375 0.3734375 0.025 0.040625
0 0.8234375 0.4703125 0.02890625 0.04453125
