0 0.95625 0.5140625 0.0578125 0.03125
0 0.946875 0.50234375 0.065625 0.034375
0 0.9453125 0.49453125 0.075 0.0359375
0 0.74765625 0.36875 0.0109375 0.02109375
0 0.6859375 0.371875 0.0125 0.0109375
0 0.703125 0.39296875 0.01171875 0.01875
0 0.665625 0.40703125 0.01796875 0.01484375
0 0.6375 0.42734375 0.02109375 0.01171875
0 0.634375 0.44140625 0.025 0.02109375
0 0.46640625 0.53515625 0.0484375 0.04921875
0 0.39375 0.58046875 0.053125 0.0484375
0 0.359375 0.5671875 0.0578125 0.0515625
0 0.16015625 0.6890625 0.08359375 0.06015625
0 0.11171875 0.89296875 0.1546875 0.14765625
3 0.7734375 0.51015625 0.06328125 0.1015625
3 0.04375 0.87421875 0.0875 0.15234375
