0 0.06953125 0.3421875 0.015625 0.02421875
0 0.11875 0.37109375 0.02109375 0.02578125
0 0.075 0.38359375 0.0171875 0.02265625
0 0.22421875 0.48671875 0.02421875 0.03671875
0 0.20859375 0.546875 0.0390625 0.05859375
1 0.20546875 0.653125 0.0359375 0.0703125
0 0.2484375 0.6078125 0.0375 0.05390625
0 0.2875 0.57265625 0.04296875 0.0515625
0 0.39609375 0.87421875 0.053125 0.10390625
3 0.64375 0.95234375 0.103125 0.0953125
3 0.7796875 0.6796875 0.0546875 0.11328125
0 0.8515625 0.6859375 0.046875 0.07734375
0 0.825 0.5453125 0.03515625 0.05546875
0 0.88046875 0.55078125 0.03203125 0.04765625
0 0.8875 0.45546875 0.03046875 0.05078125
0 0.8703125 0.3921875 0.02265625 0.03203125
