0 0.95625 0.5140625 0.0578125 0.03125
0 0.946875 0.50234375 0.065625 0.034375
0 0.9453125 0.49453125 0.075 0.0359375
0 0.6875 0.37109375 0.01171875 0.009375
0 0.72109375 0.37734375 0.0109375 0.01328125
0 0.73125 0.3734375 0.01015625 0.01015625
0 0.765625 0.371875 0.0125 0.0109375
0 0.75546875 0.38828125 0.0140625 0.01796875
0 0.746875 0.3921875 0.0125 0.01484375
0 0.7671875 0.3484375 0.009375 0.0125
2 0.75703125 0.35078125 0.01015625 0.01796875
0 0.696875 0.38984375 0.01484375 0.01484375
0 0.73359375 0.4078125 0.01484375 0.0140625
0 0.68359375 0.403125 0.01640625 0.01171875
0 0.63984375 0.4265625 0.015625 0.01171875
0 0.69765625 0.43984375 0.0203125 0.02109375
0 0.7296875 0.446875 0.02109375 0.02421875
0 0.7484375 0.42890625 0.015625 0.01171875
0 0.775 0.43203125 0.01640625 0.0140625
0 0.75859375 0.4578125 0.01875 0.02421875
0 0.7296875 0.48359375 0.025 0.02890625
0 0.66015625 0.44453125 0.02109375 0.0171875
3 0.60703125 0.45078125 0.0265625 0.03828125
0 0.5921875 0.4453125 0.01328125 0.01953125
0 0.63515625 0.47890625 0.02734375 0.028125
0 0.6359375 0.51015625 0.0296875 0.0328125
0 0.67421875 0.52578125 0.03203125 0.034375
0 0.62109375 0.6046875 0.05234375 0.05078125
0 0.4109375 0.5421875 0.040625 0.03515625
0 0.396875 0.5828125 0.05625 0.04765625
3 0.41015625 0.60546875 0.06171875 0.05625
2 0.58046875 0.53828125 0.0828125 0.09921875
0 0.61484375 0.7578125 0.0703125 0.0828125
0 0.1734375 0.6703125 0.08828125 0.078125
0 0.1984375 0.71328125 0.07890625 0.0625
0 0.3515625 0.94609375 0.1375 0.1078125
0 0.534375 0.9453125 0.13125 0.109375
