0 0.89375 0.8421875 0.05625 0.07109375
0 0.646875 0.984375 0.06796875 0.03125
0 0.78046875 0.86875 0.06640625 0.07109375
0 0.73984375 0.68046875 0.0421875 0.04453125
0 0.4234375 0.97578125 0.06953125 0.0484375
0 0.4015625 0.915625 0.06015625 0.08671875
0 0.125 0.9140625 0.06875 0.171875
0 0.384375 0.72421875 0.02265625 0.046875
3 0.4453125 0.76640625 0.096875 0.2140625
3 0.3109375 0.65 0.0515625 0.07421875
0 0.3859375 0.6375 0.04140625 0.04453125
0 0.24765625 0.6296875 0.03203125 0.046875
0 0.38046875 0.3484375 0.01640625 0.0203125
0 0.01796875 0.39921875 0.0265625 0.02890625
3 0.1953125 0.46015625 0.03359375 0.05546875
2 0.25234375 0.4390625 0.02890625 0.07109375
0 0.153125 0.4765625 0.025 0.01640625
