3 0.19765625 0.90078125 0.11640625 0.15859375
0 0.3765625 0.90703125 0.05859375 0.10234375
0 0.33359375 0.815625 0.05 0.07578125
0 0.31875 0.76171875 0.046875 0.06796875
3 0.39609375 0.7953125 0.0515625 0.071875
0 0.4359375 0.80390625 0.046875 0.075
0 0.6921875 0.80625 0.03984375 0.053125
0 0.4421875 0.72421875 0.03984375 0.05859375
0 0.409375 0.715625 0.03671875 0.04765625
0 0.4765625 0.6765625 0.03203125 0.0421875
0 0.46015625 0.6484375 0.03125 0.04296875
0 0.76484375 0.6078125 0.02109375 0.03515625
