0 0.98984375 0.55234375 0.0203125 0.03359375
0 0.73125 0.57890625 0.05234375 0.02734375
0 0.71640625 0.465625 0.01640625 0.0265625
0 0.68671875 0.46484375 0.0203125 0.02578125
0 0.70078125 0.43203125 0.0359375 0.02265625
0 0.6953125 0.4265625 0.034375 0.01953125
0 0.68203125 0.415625 0.01640625 0.02265625
0 0.6828125 0.37265625 0.015625 0.0203125
0 0.46796875 0.3234375 0.01484375 0.0140625
0 0.51015625 0.3453125 0.0140625 0.01875
0 0.52578125 0.34921875 0.0140625 0.01484375
0 0.54921875 0.34609375 0.01484375 0.01875
0 0.57890625 0.359375 0.0203125 0.01640625
0 0.58046875 0.3703125 0.01328125 0.01640625
0 0.578125 0.3796875 0.015625 0.021875
2 0.60390625 0.365625 0.01875 0.03046875
0 0.61796875 0.40703125 0.01640625 0.02265625
0 0.46171875 0.4859375 0.0234375 0.03125
0 0.453125 0.5015625 0.02109375 0.0265625
0 0.43984375 0.515625 0.0296875 0.03203125
0 0.415625 0.503125 0.025 0.02734375
0 0.39921875 0.52421875 0.02734375 0.03046875
0 0.43203125 0.540625 0.03203125 0.0296875
0 0.41640625 0.56171875 0.03359375 0.03515625
0 0.3828125 0.54765625 0.028125 0.0359375
0 0.35625 0.52890625 0.021875 0.02421875
0 0.39375 0.59453125 0.0390625 0.04765625
3 0.3546875 0.57265625 0.04921875 0.059375
2 0.30703125 0.5671875 0.07734375 0.11015625
0 0.3390625 0.61015625 0.04140625 0.04375
0 0.3578125 0.6421875 0.04375 0.06171875
3 0.278125 0.61953125 0.0453125 0.04609375
0 0.30390625 0.65625 0.0453125 0.0453125
0 0.33046875 0.68515625 0.04921875 0.06015625
0 0.28203125 0.69375 0.0453125 0.0484375
0 0.24375 0.66796875 0.04765625 0.046875
0 0.29609375 0.7453125 0.053125 0.06015625
0 0.340625 0.7765625 0.05078125 0.06640625
0 0.23828125 0.7359375 0.0609375 0.0703125
0 0.1921875 0.71953125 0.0578125 0.06328125
0 0.2515625 0.559375 0.0375 0.034375
0 0.22734375 0.58828125 0.03828125 0.03828125
0 0.18671875 0.6234375 0.04609375 0.04453125
0 0.15234375 0.66015625 0.0515625 0.0484375
0 0.30078125 0.8546875 0.065625 0.078125
0 0.2546875 0.80546875 0.059375 0.0734375
0 0.1984375 0.79609375 0.0625 0.06953125
0 0.1453125 0.78203125 0.0625 0.06171875
0 0.2484375 0.94453125 0.075 0.08984375
0 0.19921875 0.88515625 0.0734375 0.0953125
0 0.1421875 0.865625 0.078125 0.096875
0 0.0765625 0.8609375 0.0796875 0.0875
0 0.13359375 0.98203125 0.0671875 0.03125
0 0.03125 0.98359375 0.0484375 0.0125
