0 0.98984375 0.55234375 0.0203125 0.03359375
0 0.73125 0.57890625 0.05234375 0.02734375
0 0.71640625 0.465625 0.01640625 0.0265625
0 0.68671875 0.46484375 0.0203125 0.02578125
0 0.70078125 0.43203125 0.0359375 0.02265625
0 0.6953125 0.4265625 0.034375 0.01953125
0 0.68203125 0.415625 0.01640625 0.02265625
0 0.6828125 0.37265625 0.015625 0.0203125
0 0.18515625 0.62421875 0.04609375 0.04765625
0 0.14375 0.6640625 0.05 0.05234375
0 0.575 0.334375 0.01328125 0.0140625
0 0.55625 0.33046875 0.0125 0.01328125
0 0.5421875 0.3375 0.01328125 0.02109375
0 0.53671875 0.35078125 0.0140625 0.0203125
0 0.475 0.36015625 0.021875 0.021875
0 0.51015625 0.3515625 0.0140625 0.01484375
0 0.60234375 0.3703125 0.01484375 0.01875
0 0.60859375 0.35234375 0.0109375 0.01796875
0 0.4640625 0.40234375 0.021875 0.0234375
0 0.3765625 0.43203125 0.0375 0.02421875
0 0.459375 0.44296875 0.01875 0.02578125
0 0.5125 0.45078125 0.02265625 0.02421875
2 0.52421875 0.425 0.03046875 0.04609375
2 0.5953125 0.47421875 0.034375 0.07265625
0 0.4875 0.5015625 0.025 0.034375
0 0.43671875 0.47421875 0.025 0.03359375
0 0.4 0.47734375 0.0265625 0.0265625
0 0.57890625 0.5671875 0.0265625 0.034375
0 0.3375 0.48203125 0.034375 0.02890625
0 0.34296875 0.5109375 0.03125 0.03125
0 0.3046875 0.51015625 0.02734375 0.0328125
0 0.45390625 0.55703125 0.02734375 0.034375
0 0.490625 0.62734375 0.03515625 0.0421875
0 0.40859375 0.60703125 0.0328125 0.046875
3 0.3234375 0.5875 0.0453125 0.06796875
0 0.2203125 0.5921875 0.04296875 0.03984375
0 0.5015625 0.7375 0.0421875 0.0515625
0 0.5171875 0.8828125 0.0515625 0.075
0 0.36015625 0.734375 0.04375 0.0578125
0 0.31875 0.70859375 0.05234375 0.0640625
0 0.21015625 0.77578125 0.0625 0.0765625
0 0.27421875 0.90625 0.06875 0.09140625
0 0.1375 0.86953125 0.0734375 0.0859375
0 0.17265625 0.93984375 0.08125 0.090625
0 0.084375 0.9484375 0.078125 0.0828125
0 0.04453125 0.890625 0.08046875 0.08671875
