3 0.76953125 0.48046875 0.04140625 0.08359375
0 0.52421875 0.2625 0.01328125 0.01953125
0 0.52734375 0.27109375 0.0109375 0.02109375
0 0.53671875 0.275 0.0140625 0.0203125
0 0.53828125 0.28515625 0.015625 0.01640625
0 0.54375 0.29140625 0.01640625 0.02109375
0 0.54765625 0.30078125 0.0171875 0.01875
0 0.55390625 0.3046875 0.01796875 0.021875
0 0.5609375 0.31953125 0.01875 0.02578125
0 0.5046875 0.26484375 0.01484375 0.021875
0 0.4828125 0.2703125 0.0140625 0.02421875
0 0.49296875 0.3015625 0.01640625 0.0203125
0 0.7203125 0.49609375 0.0328125 0.04609375
0 0.33359375 0.30703125 0.025 0.0265625
0 0.328125 0.334375 0.0203125 0.0265625
0 0.4203125 0.37890625 0.03046875 0.03359375
0 0.346875 0.39921875 0.0140625 0.04921875
0 0.37734375 0.45546875 0.02890625 0.04765625
0 0.39453125 0.94140625 0.0765625 0.1171875
0 0.41484375 0.8265625 0.05859375 0.1171875
0 0.1515625 0.975 0.0671875 0.05
0 0.184375 0.8734375 0.0765625 0.14609375
0 0.20859375 0.7859375 0.06796875 0.10625
0 0.178125 0.6890625 0.05546875 0.075
0 0.24609375 0.70234375 0.04609375 0.08671875
0 0.33125 0.66796875 0.0453125 0.08046875
0 0.31953125 0.728125 0.053125 0.07734375
0 0.31015625 0.80078125 0.06171875 0.11015625
0 0.3046875 0.87578125 0.05234375 0.11484375
2 0.3203125 0.43515625 0.05390625 0.1046875
2 0.2703125 0.43125 0.05625 0.1171875
2 0.28515625 0.50234375 0.06640625 0.13046875
3 0.10234375 0.60703125 0.06640625 0.13671875
3 0.24453125 0.9203125 0.11953125 0.159375
