0 0.34140625 0.86328125 0.03984375 0.09296875
0 0.29609375 0.66875 0.025 0.0515625
0 0.1796875 0.6671875 0.0265625 0.05546875
0 0.43671875 0.62421875 0.02421875 0.03359375
0 0.4375 0.39921875 0.03046875 0.0234375
0 0.41015625 0.49609375 0.02265625 0.02734375
0 0.35390625 0.48125 0.01875 0.02890625
0 0.2640625 0.475 0.0171875 0.03046875
0 0.21640625 0.446875 0.015625 0.02265625
0 0.246875 0.4484375 0.01640625 0.02578125
0 0.34140625 0.2921875 0.01640625 0.0171875
0 0.37734375 0.28984375 0.01171875 0.0140625
