0 0.015625 0.6984375 0.03046875 0.05078125
0 0.971875 0.7625 0.05625 0.04609375
0 0.96328125 0.81484375 0.0734375 0.10390625
0 0.453125 0.6484375 0.03125 0.04296875
0 0.45859375 0.60078125 0.01875 0.0265625
0 0.45859375 0.559375 0.009375 0.01328125
0 0.46953125 0.58203125 0.01328125 0.01796875
0 0.4921875 0.58515625 0.0140625 0.0203125
0 0.48984375 0.5765625 0.0109375 0.0171875
0 0.5015625 0.57109375 0.0125 0.01640625
0 0.503125 0.55625 0.00859375 0.0109375
0 0.4875 0.56953125 0.009375 0.01640625
0 0.4859375 0.56484375 0.01015625 0.015625
0 0.46796875 0.5703125 0.01015625 0.0125
2 0.478125 0.5421875 0.01015625 0.01875
0 0.4890625 0.55390625 0.00859375 0.01171875
