0 0.95625 0.5140625 0.0578125 0.03125
0 0.946875 0.50234375 0.065625 0.034375
0 0.9453125 0.49453125 0.075 0.0359375
0 0.4953125 0.44453125 0.034375 0.02109375
0 0.49140625 0.4578125 0.02890625 0.02421875
0 0.5375 0.45625 0.0453125 0.021875
0 0.76171875 0.36171875 0.0140625 0.01796875
0 0.74453125 0.37578125 0.01484375 0.01015625
0 0.68671875 0.37109375 0.01328125 0.009375
0 0.71484375 0.3890625 0.01640625 0.01953125
0 0.73125 0.40234375 0.015625 0.025
0 0.671875 0.40546875 0.01796875 0.01171875
0 0.696875 0.40859375 0.01875 0.0125
0 0.6921875 0.43046875 0.015625 0.0125
0 0.70546875 0.43359375 0.01640625 0.01796875
0 0.6390625 0.478125 0.025 0.028125
3 0.6078125 0.4984375 0.034375 0.0375
0 0.59375 0.48984375 0.02265625 0.02890625
0 0.56640625 0.5015625 0.0328125 0.028125
0 0.53359375 0.49609375 0.0265625 0.025
0 0.57734375 0.52734375 0.0390625 0.0375
0 0.5359375 0.521875 0.034375 0.02734375
0 0.50390625 0.5171875 0.03359375 0.03359375
0 0.5390625 0.5578125 0.0375 0.03984375
0 0.49765625 0.55390625 0.04921875 0.03828125
0 0.50546875 0.5875 0.04609375 0.040625
2 0.4390625 0.53046875 0.096875 0.0953125
2 0.43671875 0.49375 0.0828125 0.0453125
0 0.390625 0.58203125 0.0578125 0.04765625
3 0.2703125 0.6125 0.06953125 0.06015625
0 0.4015625 0.6171875 0.0625 0.0515625
0 0.4625 0.68125 0.0625 0.075
0 0.3234375 0.67265625 0.07109375 0.06484375
0 0.3625 0.70625 0.084375 0.06640625
0 0.22890625 0.68671875 0.0921875 0.06796875
3 0.15 0.6734375 0.0859375 0.0859375
0 0.046875 0.75859375 0.09296875 0.084375
3 0.10546875 0.8265625 0.14453125 0.11015625
0 0.24453125 0.80703125 0.1015625 0.08046875
0 0.34609375 0.79375 0.103125 0.10546875
0 0.2375 0.734375 0.090625 0.08359375
0 0.01484375 0.8421875 0.0296875 0.06484375
0 0.07109375 0.94140625 0.1421875 0.11640625
0 0.0890625 0.98046875 0.11015625 0.0390625
3 0.246875 0.9046875 0.146875 0.1328125
0 0.78515625 0.37109375 0.01171875 0.0140625
0 0.778125 0.3859375 0.0109375 0.0140625
0 0.7671875 0.403125 0.01328125 0.015625
0 0.77734375 0.43203125 0.0171875 0.0125
0 0.74375 0.42890625 0.0203125 0.0171875
0 0.753125 0.4625 0.02421875 0.028125
0 0.78828125 0.4796875 0.02109375 0.02890625
0 0.72734375 0.59140625 0.04375 0.0421875
0 0.66328125 0.6421875 0.053125 0.0578125
0 0.58125 0.64921875 0.05859375 0.04921875
