3 0.37421875 0.4765625 0.03203125 0.04921875
0 0.375 0.44140625 0.02578125 0.0328125
3 0.25234375 0.52265625 0.040625 0.0546875
0 0.08046875 0.90234375 0.0875 0.13125
0 0.60546875 0.3140625 0.02890625 0.01953125
0 0.59609375 0.3078125 0.01875 0.0140625
0 0.5921875 0.30078125 0.01875 0.0140625
0 0.44609375 0.24453125 0.0078125 0.01328125
0 0.58671875 0.25 0.0046875 0.01328125
0 0.421875 0.2640625 0.0234375 0.01640625
0 0.43984375 0.25625 0.01484375 0.01484375
0 0.2734375 0.92578125 0.078125 0.1484375
0 0.44453125 0.6 0.040625 0.065625
0 0.51015625 0.57421875 0.0375 0.0609375
0 0.50390625 0.38828125 0.02109375 0.028125
0 0.5 0.296875 0.0125 0.01640625
0 0.49609375 0.2796875 0.01015625 0.01640625
0 0.5328125 0.2703125 0.00859375 0.01171875
3 0.5125 0.2234375 0.0109375 0.01953125
0 0.48125 0.2578125 0.009375 0.01328125
0 0.48125 0.2453125 0.0078125 0.0109375
0 0.47890625 0.23671875 0.0078125 0.009375
0 0.4921875 0.2453125 0.00703125 0.01015625
0 0.49453125 0.23359375 0.00859375 0.009375
0 0.49375 0.22578125 0.00625 0.00703125
3 0.49296875 0.21640625 0.00859375 0.0171875
