0 0.95625 0.5140625 0.0578125 0.03125
0 0.946875 0.50234375 0.065625 0.034375
0 0.9453125 0.49453125 0.075 0.0359375
0 0.76953125 0.54609375 0.03515625 0.0359375
0 0.67421875 0.61484375 0.0453125 0.046875
0 0.72421875 0.6765625 0.05 0.05859375
0 0.46875 0.515625 0.04140625 0.03046875
0 0.4265625 0.53671875 0.0453125 0.0375
0 0.3890625 0.5578125 0.05 0.03515625
0 0.43984375 0.58671875 0.05234375 0.05
0 0.39375 0.5890625 0.0515625 0.04375
0 0.3125 0.59453125 0.0640625 0.05390625
0 0.4796875 0.65 0.0671875 0.0609375
0 0.51015625 0.75078125 0.08125 0.071875
0 0.6484375 0.915625 0.090625 0.11796875
0 0.10703125 0.9796875 0.1046875 0.040625
