1 0.109375 0.56328125 0.034375 0.06640625
1 0.70859375 0.70703125 0.0375 0.0875
0 0.14140625 0.33828125 0.0171875 0.02265625
0 0.0765625 0.41875 0.02109375 0.0328125
0 0.9015625 0.3890625 0.01953125 0.02578125
3 0.890625 0.42109375 0.021875 0.04921875
0 0.8640625 0.48828125 0.025 0.0390625
0 0.76953125 0.73828125 0.0546875 0.071875
0 0.87109375 0.67734375 0.04609375 0.07734375
0 0.83515625 0.565625 0.03046875 0.04921875
0 0.80546875 0.628125 0.04375 0.0671875
0 0.759375 0.58828125 0.03828125 0.05546875
0 0.67734375 0.55703125 0.0328125 0.04765625
0 0.69921875 0.52734375 0.03125 0.04296875
0 0.2046875 0.6421875 0.04765625 0.0640625
