3 0.58359375 0.51171875 0.0171875 0.0265625
0 0.0828125 0.6859375 0.040625 0.03828125
0 0.578125 0.5875 0.046875 0.025
0 0.04453125 0.6828125 0.0359375 0.03984375
3 0.0796875 0.8 0.06796875 0.08984375
0 0.25546875 0.7328125 0.0421875 0.0421875
1 0.44296875 0.8234375 0.0140625 0.04765625
0 0.403125 0.64609375 0.02734375 0.03046875
0 0.4765625 0.52578125 0.0109375 0.01640625
0 0.38984375 0.5578125 0.01875 0.021875
0 0.41484375 0.5046875 0.01171875 0.01171875
0 0.49453125 0.4875 0.01015625 0.0109375
0 0.56328125 0.546875 0.034375 0.0203125
3 0.3859375 0.50390625 0.02734375 0.0421875
3 0.41953125 0.48984375 0.0203125 0.02578125
