0 0.55 0.30078125 0.0296875 0.0421875
0 0.55 0.27734375 0.03046875 0.02734375
0 0.528125 0.26875 0.0203125 0.03125
0 0.50078125 0.2703125 0.02421875 0.01875
0 0.50625 0.28203125 0.04765625 0.0234375
0 0.4921875 0.278125 0.04140625 0.0296875
0 0.95546875 0.96875 0.0890625 0.059375
0 0.28203125 0.71484375 0.0734375 0.15859375
0 0.375 0.73359375 0.06953125 0.12421875
0 0.45390625 0.70078125 0.07421875 0.09765625
0 0.53984375 0.684375 0.084375 0.12109375
0 0.61015625 0.6546875 0.08125 0.08984375
0 0.55625 0.50546875 0.06328125 0.07734375
2 0.746875 0.5875 0.18125 0.2234375
0 0.690625 0.4859375 0.0703125 0.05234375
0 0.26171875 0.61484375 0.05390625 0.08828125
3 0.340625 0.60859375 0.05625 0.0890625
0 0.4078125 0.58046875 0.05546875 0.0859375
0 0.4796875 0.58515625 0.06484375 0.08828125
0 0.428125 0.5 0.05625 0.08984375
0 0.321875 0.53828125 0.05078125 0.08125
3 0.36875 0.4765625 0.05234375 0.12109375
0 0.40390625 0.45703125 0.040625 0.0625
0 0.24609375 0.50390625 0.04296875 0.084375
0 0.3 0.4796875 0.04140625 0.0671875
0 0.2328125 0.421875 0.0328125 0.05703125
0 0.2359375 0.4671875 0.03046875 0.04921875
0 0.2828125 0.42578125 0.034375 0.0515625
0 0.3375 0.43359375 0.0328125 0.06640625
0 0.37890625 0.40234375 0.034375 0.05
0 0.46015625 0.4484375 0.04609375 0.0578125
3 0.5546875 0.4265625 0.05390625 0.0734375
0 0.45390625 0.38046875 0.0375 0.046875
0 0.4671875 0.35078125 0.0328125 0.0375
3 0.39765625 0.34765625 0.0359375 0.065625
0 0.32421875 0.39296875 0.034375 0.05625
0 0.27421875 0.38671875 0.03359375 0.04765625
0 0.34609375 0.3515625 0.03203125 0.046875
0 0.26484375 0.35234375 0.028125 0.04296875
0 0.2984375 0.3359375 0.028125 0.040625
0 0.33359375 0.32734375 0.02578125 0.03984375
0 0.31875 0.30703125 0.025 0.034375
0 0.284375 0.3109375 0.02734375 0.05234375
0 0.25625 0.33203125 0.025 0.03671875
0 0.24921875 0.31171875 0.02109375 0.0328125
0 0.23984375 0.29296875 0.02265625 0.0359375
0 0.23359375 0.27421875 0.021875 0.0359375
0 0.271875 0.2671875 0.03203125 0.0265625
0 0.34765625 0.2984375 0.02578125 0.02890625
0 0.41328125 0.28984375 0.025 0.02578125
0 0.45 0.2984375 0.025 0.028125
0 0.321875 0.26796875 0.01953125 0.0265625
0 0.36171875 0.2546875 0.02109375 0.025
0 0.32109375 0.24296875 0.01796875 0.02265625
0 0.33515625 0.23984375 0.01328125 0.01953125
0 0.2953125 0.2390625 0.01875 0.03046875
0 0.284375 0.2125 0.0109375 0.0140625
0 0.26328125 0.20703125 0.015625 0.01171875
0 0.246875 0.2109375 0.0109375 0.015625
0 0.23828125 0.209375 0.00703125 0.0109375
3 0.08671875 0.3625 0.015625 0.05546875
0 0.165625 0.215625 0.009375 0.01171875
0 0.20703125 0.2109375 0.01015625 0.01171875
0 0.21484375 0.20859375 0.00859375 0.01328125
2 0.22890625 0.1921875 0.00703125 0.0140625
0 0.234375 0.203125 0.00625 0.009375
0 0.19375 0.20546875 0.00625 0.01171875
0 0.18828125 0.21015625 0.00703125 0.01484375
