0 0.50234375 0.503125 0.04375 0.05546875
0 0.4375 0.50390625 0.03671875 0.0484375
0 0.35703125 0.4921875 0.03359375 0.04609375
0 0.7390625 0.353125 0.01796875 0.028125
2 0.878125 0.26875 0.021875 0.03828125
0 0.903125 0.27109375 0.01328125 0.02109375
0 0.890625 0.28203125 0.0140625 0.01875
0 0.88203125 0.31796875 0.0140625 0.01953125
0 0.90078125 0.3359375 0.0140625 0.02265625
0 0.89296875 0.3046875 0.01484375 0.01640625
0 0.85859375 0.3171875 0.01484375 0.02734375
0 0.8359375 0.3171875 0.015625 0.01796875
0 0.8171875 0.334375 0.015625 0.025
0 0.85078125 0.34921875 0.0046875 0.0265625
0 0.83515625 0.34140625 0.01796875 0.03046875
0 0.8375 0.36796875 0.01875 0.02578125
0 0.7734375 0.38203125 0.021875 0.02578125
0 0.8203125 0.39140625 0.0203125 0.03828125
0 0.740625 0.4078125 0.02421875 0.02890625
0 0.7140625 0.44765625 0.025 0.03984375
0 0.77421875 0.49296875 0.0234375 0.0359375
0 0.746875 0.52734375 0.02734375 0.04140625
0 0.7171875 0.55625 0.034375 0.05
0 0.70859375 0.48515625 0.03046875 0.03828125
0 0.66953125 0.47734375 0.0296875 0.0375
3 0.63984375 0.5046875 0.0296875 0.065625
0 0.63828125 0.55625 0.02734375 0.0453125
0 0.6640625 0.6296875 0.04375 0.05390625
0 0.6296875 0.6125 0.04375 0.05234375
0 0.55859375 0.63046875 0.0421875 0.05625
0 0.546875 0.69453125 0.05625 0.065625
0 0.58046875 0.7234375 0.0578125 0.07578125
0 0.44609375 0.86484375 0.0703125 0.0921875
0 0.3765625 0.8703125 0.078125 0.0921875
0 0.40625 0.95 0.1 0.1
0 0.221875 0.934375 0.09765625 0.13125
0 0.24453125 0.8453125 0.0859375 0.0734375
0 0.90078125 0.24765625 0.00859375 0.015625
