0 0.1296875 0.9625 0.0625 0.075
0 0.12890625 0.90546875 0.05546875 0.08515625
0 0.13828125 0.70390625 0.0390625 0.05390625
2 0.196875 0.77421875 0.0734375 0.14921875
3 0.43203125 0.9484375 0.06953125 0.10234375
0 0.6578125 0.98984375 0.05859375 0.0203125
0 0.63046875 0.97734375 0.053125 0.04453125
0 0.5953125 0.94921875 0.06328125 0.0828125
0 0.50703125 0.959375 0.0625 0.08046875
0 0.5640625 0.89609375 0.05546875 0.078125
0 0.478125 0.88671875 0.05859375 0.071875
0 0.5421875 0.85859375 0.05625 0.07578125
0 0.44921875 0.8328125 0.05234375 0.06953125
0 0.53125 0.815625 0.05703125 0.0703125
0 0.5015625 0.790625 0.046875 0.0640625
0 0.43203125 0.79140625 0.05390625 0.06875
0 0.47421875 0.75234375 0.0359375 0.06171875
0 0.409375 0.74921875 0.04921875 0.06015625
0 0.4546875 0.72265625 0.04375 0.0578125
0 0.38984375 0.7203125 0.0453125 0.053125
0 0.43828125 0.7 0.0375 0.05
3 0.428125 0.671875 0.040625 0.0625
0 0.37265625 0.68671875 0.0421875 0.05546875
0 0.39921875 0.64921875 0.0328125 0.04453125
3 0.346875 0.6390625 0.03671875 0.04609375
3 0.9109375 0.853125 0.07265625 0.1046875
0 0.76328125 0.78359375 0.05859375 0.071875
0 0.68046875 0.7109375 0.0484375 0.04921875
3 0.76796875 0.66875 0.0703125 0.0921875
0 0.61796875 0.6515625 0.03046875 0.0421875
0 0.16796875 0.48203125 0.0203125 0.01796875
0 0.240625 0.503125 0.021875 0.0390625
0 0.30234375 0.47734375 0.02109375 0.03046875
0 0.24765625 0.465625 0.01796875 0.02890625
0 0.26875 0.44609375 0.01875 0.03046875
0 0.2640625 0.415625 0.0171875 0.02421875
0 0.23828125 0.4296875 0.01796875 0.02265625
0 0.22890625 0.40859375 0.01640625 0.02421875
0 0.2171875 0.39609375 0.0140625 0.0234375
0 0.203125 0.38515625 0.0125 0.02421875
0 0.39453125 0.440625 0.0203125 0.0171875
0 0.5765625 0.459375 0.01328125 0.0296875
0 0.4296875 0.41015625 0.01328125 0.02109375
