0 0.34140625 0.8421875 0.03671875 0.06953125
0 0.290625 0.85703125 0.03671875 0.0765625
0 0.24765625 0.89609375 0.0375 0.08359375
0 0.1921875 0.88046875 0.03671875 0.07890625
3 0.18359375 0.778125 0.03125 0.109375
0 0.2296875 0.79453125 0.03203125 0.0625
0 0.27890625 0.78203125 0.03125 0.0640625
0 0.3203125 0.74375 0.034375 0.06953125
0 0.2234375 0.7078125 0.02890625 0.053125
0 0.29375 0.67109375 0.0265625 0.05703125
0 0.43125 0.61796875 0.0234375 0.01796875
0 0.39296875 0.4078125 0.01328125 0.01953125
