0 0.03203125 0.9328125 0.0640625 0.134375
0 0.06328125 0.9609375 0.096875 0.07734375
0 0.09140625 0.87890625 0.06875 0.0875
0 0.19765625 0.8359375 0.07578125 0.0921875
0 0.1375 0.775 0.0609375 0.0765625
0 0.26875 0.84765625 0.06953125 0.0890625
0 0.28046875 0.75546875 0.06171875 0.0796875
0 0.25390625 0.71015625 0.06328125 0.07421875
0 0.371875 0.71328125 0.0671875 0.07734375
0 0.378125 0.64765625 0.04609375 0.05546875
0 0.3734375 0.60546875 0.04765625 0.05
0 0.446875 0.56484375 0.04765625 0.0890625
0 0.48125 0.5078125 0.03671875 0.04140625
0 0.534375 0.48828125 0.03125 0.03984375
0 0.48671875 0.4671875 0.03046875 0.03671875
