0 0.04296875 0.89609375 0.0859375 0.08515625
3 0.35703125 0.6359375 0.0203125 0.06953125
0 0.390625 0.46484375 0.0078125 0.0140625
0 0.9171875 0.66875 0.04609375 0.04296875
0 0.6171875 0.840625 0.03515625 0.04453125
3 0.52734375 0.77109375 0.02890625 0.046875
0 0.49453125 0.69375 0.02109375 0.03671875
0 0.4703125 0.63046875 0.01640625 0.02890625
3 0.45234375 0.584375 0.01953125 0.02421875
3 0.534375 0.509375 0.01484375 0.01875
0 0.4578125 0.51875 0.0125 0.0140625
0 0.440625 0.54296875 0.01171875 0.01640625
0 0.41875 0.4984375 0.0109375 0.01328125
0 0.4171875 0.4546875 0.0078125 0.01015625
0 0.4390625 0.46796875 0.00859375 0.0140625
0 0.43125 0.4765625 0.009375 0.01484375
3 0.32421875 0.846875 0.0734375 0.196875
