0 0.19609375 0.70234375 0.03515625 0.053125
3 0.31015625 0.89609375 0.0875 0.1546875
3 0.35078125 0.75234375 0.03984375 0.084375
0 0.359375 0.67109375 0.0390625 0.05625
0 0.915625 0.85390625 0.0578125 0.08359375
3 0.88671875 0.771875 0.0640625 0.07890625
0 0.81796875 0.73515625 0.0484375 0.05390625
0 0.55390625 0.64375 0.03984375 0.04140625
0 0.17265625 0.42109375 0.021875 0.0296875
0 0.22734375 0.40625 0.01640625 0.02890625
0 0.24609375 0.39296875 0.01484375 0.0234375
0 0.39375 0.43828125 0.02109375 0.02265625
0 0.43046875 0.44453125 0.01875 0.02109375
0 0.4328125 0.41484375 0.0203125 0.03203125
2 0.35546875 0.36875 0.0203125 0.0359375
0 0.4171875 0.3609375 0.02265625 0.021875
0 0.57734375 0.45703125 0.01171875 0.0296875
0 0.5515625 0.475 0.02109375 0.04296875
0 0.19296875 0.4765625 0.03046875 0.02421875
0 0.27421875 0.48671875 0.0265625 0.01171875
0 0.25390625 0.53125 0.009375 0.0359375
2 0.20703125 0.23125 0.02265625 0.03984375
0 0.1953125 0.34140625 0.01640625 0.0296875
0 0.178125 0.35859375 0.01953125 0.0203125
0 0.40703125 0.3125 0.0125 0.015625
0 0.99609375 0.8171875 0.0078125 0.034375
