2 0.3609375 0.290625 0.025 0.05390625
2 0.2578125 0.45390625 0.0640625 0.1203125
3 0.2859375 0.50625 0.06796875 0.1546875
3 0.3625 0.37109375 0.03671875 0.0484375
0 0.50703125 0.271875 0.02109375 0.0296875
0 0.53046875 0.26796875 0.01328125 0.0234375
0 0.5359375 0.275 0.01484375 0.02578125
0 0.54375 0.28828125 0.0171875 0.02578125
0 0.55703125 0.31640625 0.01953125 0.0265625
0 0.56640625 0.3296875 0.0203125 0.03359375
0 0.31484375 0.3375 0.01875 0.03125
0 0.30390625 0.37109375 0.0171875 0.02890625
0 0.29375 0.38046875 0.025 0.0328125
0 0.3875 0.4 0.021875 0.03828125
0 0.40703125 0.43203125 0.028125 0.040625
0 0.35625 0.4203125 0.02421875 0.0390625
0 0.54296875 0.41953125 0.02890625 0.040625
0 0.59765625 0.38046875 0.0234375 0.028125
0 0.615625 0.4140625 0.028125 0.03671875
0 0.6046875 0.45390625 0.03203125 0.03828125
0 0.41640625 0.253125 0.0140625 0.02578125
0 0.37578125 0.2578125 0.0125 0.01640625
0 0.3640625 0.25390625 0.01328125 0.02109375
3 0.77109375 0.47734375 0.03984375 0.075
0 0.97734375 0.975 0.04296875 0.0484375
0 0.13984375 0.62578125 0.05703125 0.07109375
0 0.31953125 0.72265625 0.04765625 0.08671875
3 0.29921875 0.81875 0.06484375 0.1703125
0 0.49921875 0.80078125 0.0609375 0.09453125
3 0.2859375 0.9421875 0.0765625 0.11484375
0 0.06171875 0.94765625 0.0984375 0.1046875
0 0.4109375 0.909375 0.07734375 0.1625
0 0.5125 0.890625 0.07109375 0.11796875
0 0.39765625 0.98125 0.07578125 0.03671875
0 0.52578125 0.978125 0.0796875 0.04375
