3 0.359375 0.6375 0.021875 0.06328125
0 0.91953125 0.665625 0.04765625 0.04609375
3 0.10390625 0.97421875 0.10078125 0.0515625
0 0.55625 0.659375 0.0234375 0.0328125
3 0.41484375 0.571875 0.0171875 0.03671875
3 0.3984375 0.5265625 0.015625 0.03984375
0 0.48203125 0.5640625 0.0140625 0.02109375
3 0.50859375 0.55859375 0.0296875 0.05625
0 0.42890625 0.503125 0.01171875 0.01953125
0 0.4609375 0.5171875 0.0125 0.01796875
0 0.434375 0.47265625 0.009375 0.01171875
3 0.44453125 0.46171875 0.0125 0.0234375
