0 0.503125 0.5046875 0.04375 0.053125
0 0.4375 0.50390625 0.03671875 0.0484375
0 0.35703125 0.4921875 0.03359375 0.04609375
0 0.6546875 0.40859375 0.021875 0.03359375
2 0.88046875 0.26328125 0.01953125 0.0390625
0 0.89453125 0.3015625 0.0140625 0.0203125
0 0.903125 0.29140625 0.01328125 0.01875
0 0.80859375 0.346875 0.0171875 0.021875
0 0.8265625 0.35078125 0.0109375 0.02109375
0 0.85703125 0.34921875 0.021875 0.02734375
0 0.90234375 0.3359375 0.0140625 0.02265625
0 0.78359375 0.36953125 0.01796875 0.02109375
0 0.69921875 0.5125 0.0328125 0.0421875
0 0.64375 0.5453125 0.034375 0.040625
0 0.61015625 0.63671875 0.03828125 0.0640625
0 0.471875 0.7765625 0.0625 0.07578125
0 0.49375 0.828125 0.06875 0.08359375
0 0.440625 0.8828125 0.071875 0.0984375
0 0.378125 0.95 0.084375 0.1
3 0.2796875 0.91171875 0.1 0.1765625
0 0.2015625 0.94140625 0.08984375 0.11640625
