0 0.04453125 0.89609375 0.0890625 0.08515625
3 0.35703125 0.6359375 0.0203125 0.06953125
0 0.9171875 0.66875 0.04609375 0.04296875
0 0.52734375 0.61484375 0.01953125 0.0234375
0 0.48671875 0.58125 0.01640625 0.02109375
0 0.46484375 0.50078125 0.0125 0.01875
0 0.41796875 0.48671875 0.009375 0.0140625
0 0.43359375 0.47734375 0.0078125 0.009375
0 0.51484375 0.4953125 0.0125 0.015625
3 0.38203125 0.48515625 0.0109375 0.025
0 0.43125 0.4578125 0.00703125 0.009375
3 0.19921875 0.8671875 0.16953125 0.165625
3 0.4171875 0.45 0.015625 0.028125
3 0.2984375 0.85234375 0.103125 0.19296875
