3 0.63671875 0.37578125 0.02109375 0.0359375
0 0.72890625 0.31796875 0.01875 0.0171875
0 0.7 0.41484375 0.059375 0.03359375
0 0.69921875 0.39609375 0.0546875 0.0359375
0 0.76875 0.39453125 0.06484375 0.03515625
0 0.7328125 0.390625 0.01015625 0.0265625
0 0.83984375 0.38671875 0.04375 0.03359375
0 0.91328125 0.3671875 0.02734375 0.034375
0 0.08125 0.93046875 0.16171875 0.1390625
0 0.97890625 0.57265625 0.0421875 0.1
0 0.575 0.42265625 0.02578125 0.03984375
0 0.58984375 0.4 0.01796875 0.02578125
0 0.5953125 0.3875 0.0171875 0.02421875
0 0.59921875 0.37421875 0.01328125 0.0171875
0 0.60703125 0.36640625 0.0140625 0.0171875
0 0.60625 0.35390625 0.00859375 0.01171875
