0 0.01796875 0.6984375 0.03515625 0.05390625
0 0.95546875 0.63984375 0.07265625 0.03203125
0 0.9765625 0.803125 0.04609375 0.06953125
0 0.68359375 0.8015625 0.15625 0.0984375
0 0.6765625 0.740625 0.13671875 0.0765625
0 0.45 0.6390625 0.034375 0.05390625
0 0.4421875 0.5765625 0.01171875 0.0234375
0 0.4625 0.62734375 0.02265625 0.04453125
0 0.465625 0.60625 0.01875 0.03125
0 0.421875 0.61640625 0.021875 0.02265625
2 0.503125 0.59375 0.03203125 0.06875
0 0.5203125 0.5859375 0.0046875 0.01640625
0 0.48671875 0.58046875 0.00390625 0.01875
0 0.48515625 0.56640625 0.00546875 0.01015625
0 0.4578125 0.57421875 0.00859375 0.015625
0 0.47109375 0.56328125 0.01171875 0.0125
0 0.46328125 0.58984375 0.0140625 0.0109375
0 0.46875 0.58671875 0.0140625 0.0125
