3 0.9921875 0.5046875 0.015625 0.0421875
0 0.96640625 0.428125 0.0328125 0.02265625
0 0.93359375 0.4265625 0.0296875 0.0234375
0 0.2859375 0.3625 0.01953125 0.01796875
0 0.33125 0.3 0.009375 0.01484375
0 0.35859375 0.93125 0.0890625 0.1375
0 0.30390625 0.7953125 0.05859375 0.07109375
3 0.296875 0.6859375 0.065625 0.08359375
0 0.45703125 0.75546875 0.05859375 0.08515625
0 0.68125 0.84921875 0.0484375 0.0734375
0 0.5125 0.65078125 0.04296875 0.06171875
0 0.66484375 0.66875 0.0375 0.05625
0 0.56953125 0.53828125 0.02890625 0.04140625
0 0.6625 0.546875 0.0265625 0.03203125
0 0.59296875 0.478125 0.025 0.0328125
0 0.51875 0.44453125 0.0375 0.0234375
0 0.578125 0.42265625 0.01875 0.02421875
0 0.665625 0.465625 0.0203125 0.025
3 0.703125 0.409375 0.03125 0.05703125
0 0.3953125 0.428125 0.040625 0.0265625
0 0.521875 0.415625 0.01640625 0.01953125
0 0.60703125 0.40078125 0.01796875 0.021875
0 0.525 0.38828125 0.01328125 0.01796875
0 0.5578125 0.39453125 0.01640625 0.01953125
0 0.5484375 0.36328125 0.01328125 0.0171875
0 0.60703125 0.34921875 0.0140625 0.015625
0 0.58125 0.346875 0.01328125 0.015625
0 0.5484375 0.29296875 0.009375 0.0125
0 0.571875 0.33125 0.0109375 0.015625
0 0.55703125 0.30625 0.01015625 0.0140625
0 0.565625 0.32109375 0.01015625 0.0125
0 0.53125 0.31171875 0.0109375 0.01171875
0 0.5359375 0.328125 0.01015625 0.01484375
0 0.99765625 0.42578125 0.0046875 0.01484375
