0 0.2625 0.35234375 0.01875 0.02890625
0 0.28828125 0.38515625 0.015625 0.0203125
0 0.31796875 0.41484375 0.01640625 0.0234375
2 0.35859375 0.3203125 0.028125 0.03984375
2 0.190625 0.434375 0.0421875 0.06796875
2 0.59765625 0.71328125 0.09140625 0.1296875
2 0.29375 0.640625 0.0515625 0.05234375
3 0.234375 0.61953125 0.0515625 0.07890625
0 0.43125 0.41796875 0.02109375 0.0296875
0 0.34921875 0.45625 0.0234375 0.02578125
0 0.421875 0.45703125 0.02734375 0.03828125
0 0.31484375 0.9421875 0.0703125 0.115625
0 0.403125 0.7546875 0.046875 0.07734375
3 0.465625 0.73125 0.05859375 0.075
0 0.49921875 0.78984375 0.05390625 0.075
0 0.4 0.88671875 0.0609375 0.13046875
0 0.459375 0.8421875 0.05546875 0.07265625
0 0.42578125 0.965625 0.0796875 0.06875
0 0.50234375 0.92734375 0.06484375 0.09765625
0 0.5640625 0.85078125 0.06328125 0.1234375
0 0.5875 0.925 0.0625 0.08046875
0 0.6375 0.96640625 0.065625 0.0671875
0 0.1578125 0.471875 0.0203125 0.025
0 0.778125 0.94453125 0.07421875 0.09375
0 0.9421875 0.94921875 0.08203125 0.1
0 0.8875 0.81171875 0.05390625 0.05703125
0 0.75546875 0.77734375 0.046875 0.059375
0 0.7109375 0.70703125 0.0453125 0.04765625
0 0.62109375 0.65625 0.03515625 0.05078125
0 0.5140625 0.65 0.03984375 0.0515625
0 0.5734375 0.64140625 0.0375 0.015625
0 0.57421875 0.61171875 0.03125 0.0375
