3 0.76953125 0.48046875 0.04140625 0.08359375
0 0.48203125 0.265625 0.01484375 0.025
0 0.51015625 0.265625 0.0203125 0.021875
0 0.50625 0.1921875 0.0109375 0.0125
0 0.49453125 0.30078125 0.01484375 0.02265625
2 0.5296875 0.3046875 0.03203125 0.065625
2 0.5609375 0.359375 0.034375 0.08203125
2 0.3375 0.31640625 0.0296875 0.04296875
0 0.590625 0.42890625 0.02890625 0.04453125
0 0.5796875 0.5140625 0.034375 0.0546875
0 0.70859375 0.65078125 0.05625 0.0734375
2 0.9140625 0.88125 0.17109375 0.2375
0 0.340625 0.3390625 0.02578125 0.03125
0 0.30234375 0.3625 0.02578125 0.03046875
0 0.29296875 0.3828125 0.02421875 0.03046875
0 0.34296875 0.37578125 0.0234375 0.03515625
0 0.475 0.4265625 0.02890625 0.03984375
0 0.278125 0.409375 0.0265625 0.0390625
0 0.33671875 0.43828125 0.034375 0.046875
0 0.25390625 0.52265625 0.04140625 0.05859375
0 0.20625 0.6140625 0.0453125 0.071875
3 0.1046875 0.609375 0.06328125 0.13984375
0 0.36015625 0.50859375 0.03515625 0.0484375
0 0.35390625 0.53828125 0.034375 0.0484375
0 0.34375 0.571875 0.04375 0.0734375
0 0.33046875 0.61796875 0.04765625 0.084375
0 0.3296875 0.6765625 0.04375 0.090625
0 0.31640625 0.75 0.05546875 0.08359375
0 0.30390625 0.8125 0.0625 0.1078125
0 0.2046875 0.82734375 0.0703125 0.10703125
0 0.1859375 0.91328125 0.053125 0.11015625
2 0.128125 0.934375 0.1375 0.13046875
0 0.28046875 0.928125 0.0765625 0.14375
0 0.56484375 0.70546875 0.05625 0.10625
2 0.40625 0.66875 0.06328125 0.15859375
0 0.403125 0.7640625 0.0578125 0.09140625
0 0.4015625 0.8375 0.06328125 0.10546875
0 0.4015625 0.92578125 0.07265625 0.13046875
0 0.40625 0.990625 0.071875 0.01875
