0 0.98984375 0.55234375 0.0203125 0.03359375
0 0.73125 0.57890625 0.05234375 0.02734375
0 0.71640625 0.465625 0.01640625 0.0265625
0 0.70078125 0.43203125 0.0359375 0.02265625
0 0.6953125 0.4265625 0.034375 0.01953125
0 0.68203125 0.415625 0.01640625 0.02265625
0 0.6828125 0.37265625 0.015625 0.0203125
0 0.73984375 0.55390625 0.040625 0.03203125
0 0.66796875 0.546875 0.059375 0.02890625
0 0.65234375 0.38828125 0.0265625 0.01640625
0 0.5234375 0.35234375 0.015625 0.01640625
0 0.55 0.3421875 0.01328125 0.0171875
0 0.53359375 0.3390625 0.0140625 0.01796875
0 0.5828125 0.35859375 0.015625 0.01796875
0 0.60078125 0.378125 0.01328125 0.0296875
0 0.5890625 0.39765625 0.01640625 0.025
0 0.57421875 0.384375 0.015625 0.01640625
0 0.56015625 0.33046875 0.01171875 0.01640625
0 0.54921875 0.31953125 0.0109375 0.01484375
0 0.55859375 0.30703125 0.0109375 0.01484375
0 0.578125 0.303125 0.0109375 0.01484375
0 0.52578125 0.38359375 0.01640625 0.02109375
0 0.50234375 0.38046875 0.01796875 0.01953125
0 0.43515625 0.39765625 0.02578125 0.01875
0 0.48828125 0.4046875 0.015625 0.01875
0 0.4609375 0.4421875 0.02109375 0.02578125
0 0.60390625 0.46640625 0.01796875 0.02734375
0 0.5796875 0.4359375 0.01875 0.02578125
0 0.56171875 0.51015625 0.02265625 0.0265625
0 0.59609375 0.5265625 0.01640625 0.028125
0 0.525 0.51171875 0.02421875 0.028125
0 0.49609375 0.48671875 0.02421875 0.03125
0 0.4078125 0.47890625 0.0234375 0.0296875
0 0.4203125 0.5 0.028125 0.0296875
0 0.4703125 0.52421875 0.028125 0.0359375
0 0.571875 0.47890625 0.021875 0.0234375
3 0.54296875 0.56171875 0.0328125 0.05703125
0 0.4984375 0.56796875 0.034375 0.04140625
0 0.53515625 0.6046875 0.03203125 0.03828125
0 0.46015625 0.55234375 0.02890625 0.0390625
0 0.359375 0.534375 0.03359375 0.0359375
0 0.446875 0.5796875 0.034375 0.03671875
0 0.40625 0.5734375 0.03359375 0.03984375
0 0.55703125 0.66875 0.02578125 0.0421875
0 0.284375 0.5734375 0.0375 0.04296875
0 0.28828125 0.615625 0.03515625 0.04296875
0 0.33359375 0.61640625 0.04140625 0.04921875
0 0.42890625 0.61484375 0.0359375 0.0421875
0 0.465625 0.64375 0.0375 0.04609375
3 0.48984375 0.715625 0.04453125 0.07578125
0 0.403125 0.659375 0.03828125 0.05
0 0.3828125 0.69296875 0.0453125 0.0609375
0 0.3578125 0.7328125 0.053125 0.0796875
0 0.33359375 0.7875 0.05546875 0.07578125
3 0.38984375 0.81875 0.0609375 0.0859375
0 0.3 0.8484375 0.06328125 0.08671875
0 0.26640625 0.78671875 0.059375 0.07265625
0 0.4125 0.98203125 0.0625 0.0359375
0 0.24921875 0.94453125 0.075 0.0890625
0 0.159375 0.84921875 0.07265625 0.07734375
0 0.1921875 0.61328125 0.0453125 0.0453125
0 0.15390625 0.65546875 0.0515625 0.0515625
0 0.12421875 0.72578125 0.053125 0.05390625
2 0.04609375 0.8015625 0.0921875 0.16875
