3 0.58359375 0.51171875 0.0171875 0.0265625
0 0.0828125 0.6859375 0.040625 0.03828125
0 0.578125 0.5875 0.046875 0.025
0 0.04453125 0.6828125 0.0359375 0.03984375
0 0.25390625 0.96875 0.06796875 0.06171875
0 0.05390625 0.9578125 0.096875 0.084375
0 0.01953125 0.8875 0.03828125 0.08203125
0 0.05546875 0.89609375 0.06640625 0.05703125
0 0.14140625 0.87421875 0.06171875 0.07109375
0 0.1125 0.83984375 0.05546875 0.05703125
0 0.18671875 0.8203125 0.059375 0.06953125
3 0.16484375 0.771875 0.06484375 0.07734375
0 0.21328125 0.73828125 0.0375 0.03984375
0 0.246875 0.69296875 0.0390625 0.046875
0 0.2921875 0.64296875 0.0265625 0.03046875
0 0.33984375 0.59296875 0.02265625 0.0234375
0 0.353125 0.54375 0.01484375 0.0171875
0 0.38046875 0.540625 0.0171875 0.01953125
0 0.41328125 0.52265625 0.0140625 0.015625
0 0.42890625 0.5046875 0.01171875 0.01484375
0 0.41484375 0.4890625 0.01015625 0.01171875
3 0.43828125 0.48359375 0.01484375 0.02109375
