0 0.95625 0.5140625 0.0578125 0.03125
0 0.946875 0.50234375 0.065625 0.034375
0 0.9453125 0.49453125 0.075 0.0359375
0 0.4953125 0.44453125 0.034375 0.02109375
0 0.49140625 0.4578125 0.02890625 0.02421875
0 0.625 0.44765625 0.025 0.0234375
0 0.6703125 0.40859375 0.01875 0.01328125
0 0.69375 0.390625 0.01640625 0.01328125
0 0.5921875 0.4859375 0.034375 0.03203125
0 0.53984375 0.47578125 0.03203125 0.0265625
0 0.41328125 0.54140625 0.04453125 0.04375
0 0.5578125 0.55 0.0453125 0.0421875
0 0.4671875 0.56484375 0.05390625 0.05234375
2 0.628125 0.49453125 0.053125 0.07421875
0 0.1609375 0.6703125 0.09609375 0.0609375
0 0.2296875 0.8390625 0.10078125 0.10390625
0 0.521875 0.434375 0.0328125 0.02421875
