0 0.39375 0.646875 0.0453125 0.07265625
0 0.4625 0.6625 0.04453125 0.06953125
0 0.41015625 0.60078125 0.040625 0.05546875
3 0.46484375 0.5890625 0.05546875 0.1296875
0 0.41796875 0.57109375 0.03046875 0.05078125
0 0.4296875 0.5453125 0.02734375 0.03828125
0 0.4359375 0.528125 0.0203125 0.01953125
0 0.4359375 0.51953125 0.02421875 0.0171875
0 0.4703125 0.51953125 0.02109375 0.00859375
0 0.590625 0.4859375 0.021875 0.021875
0 0.14140625 0.6515625 0.06328125 0.07421875
0 0.08046875 0.67421875 0.12734375 0.059375
0 0.50625 0.4484375 0.0109375 0.0171875
0 0.4453125 0.44140625 0.009375 0.0140625
0 0.46171875 0.4375 0.009375 0.015625
0 0.29296875 0.52890625 0.0140625 0.02578125
