3 0.359375 0.6375 0.021875 0.06328125
0 0.92109375 0.665625 0.05 0.04609375
3 0.10390625 0.97421875 0.10078125 0.0515625
0 0.97734375 0.6984375 0.04453125 0.05546875
3 0.03359375 0.90625 0.0671875 0.06796875
0 0.14296875 0.940625 0.125 0.11875
0 0.59921875 0.75703125 0.02421875 0.0375
3 0.5421875 0.6796875 0.01953125 0.03515625
0 0.45390625 0.5765625 0.015625 0.02578125
0 0.44375 0.54921875 0.0125 0.0203125
0 0.4265625 0.50625 0.0109375 0.02109375
0 0.53984375 0.5109375 0.015625 0.0203125
3 0.25546875 0.86171875 0.090625 0.16796875
