0 0.59140625 0.48671875 0.021875 0.0234375
0 0.03515625 0.70859375 0.0703125 0.0765625
0 0.08125 0.68125 0.125 0.075
0 0.14375 0.6515625 0.05546875 0.07890625
0 0.84609375 0.9734375 0.1625 0.053125
0 0.46640625 0.4109375 0.00625 0.01015625
0 0.47734375 0.41328125 0.00546875 0.01015625
0 0.45078125 0.4390625 0.00703125 0.0125
0 0.44453125 0.44296875 0.009375 0.015625
0 0.46015625 0.4421875 0.01015625 0.01015625
0 0.47265625 0.4625 0.01484375 0.0203125
0 0.45703125 0.45859375 0.01328125 0.01640625
0 0.453125 0.459375 0.0125 0.0125
3 0.44375 0.47265625 0.0171875 0.01875
0 0.43828125 0.509375 0.01796875 0.01484375
0 0.43671875 0.53125 0.0234375 0.0296875
0 0.4265625 0.47421875 0.0140625 0.0125
0 0.4203125 0.478125 0.0125 0.00625
0 0.4171875 0.4859375 0.01171875 0.01015625
0 0.41484375 0.50390625 0.01015625 0.02109375
0 0.41484375 0.51875 0.01015625 0.03046875
0 0.39921875 0.53046875 0.0265625 0.03359375
0 0.39140625 0.55 0.028125 0.0390625
0 0.43203125 0.54921875 0.028125 0.03671875
0 0.425 0.5671875 0.03046875 0.04375
0 0.3734375 0.5609375 0.03125 0.03046875
0 0.41875 0.584375 0.02578125 0.0359375
0 0.3671875 0.5765625 0.03359375 0.03359375
0 0.42109375 0.6234375 0.0140625 0.05859375
0 0.35859375 0.609375 0.0296875 0.0640625
0 0.33125 0.64921875 0.0546875 0.10234375
0 0.39140625 0.64140625 0.04609375 0.1296875
0 0.49296875 0.453125 0.01328125 0.02265625
0 0.50859375 0.45546875 0.009375 0.01484375
0 0.4953125 0.4671875 0.01328125 0.01484375
0 0.51171875 0.4609375 0.0078125 0.01328125
0 0.496875 0.471875 0.015625 0.0125
0 0.51171875 0.4734375 0.00390625 0.01640625
2 0.5265625 0.475 0.025 0.0515625
0 0.5 0.4828125 0.01640625 0.01875
0 0.4984375 0.49140625 0.0171875 0.0203125
0 0.50078125 0.496875 0.01953125 0.015625
0 0.5015625 0.5140625 0.0203125 0.0390625
0 0.50078125 0.525 0.01953125 0.02265625
0 0.50703125 0.52734375 0.02109375 0.01953125
0 0.5125 0.5421875 0.02734375 0.0296875
0 0.5140625 0.565625 0.02890625 0.03125
0 0.51953125 0.59296875 0.0359375 0.05234375
0 0.528125 0.496875 0.0171875 0.021875
0 0.5328125 0.50390625 0.0171875 0.02265625
0 0.52890625 0.51953125 0.00625 0.01640625
3 0.54140625 0.51796875 0.02421875 0.0421875
0 0.5484375 0.53984375 0.02890625 0.0390625
3 0.5875 0.61953125 0.04375 0.07109375
0 0.615625 0.68515625 0.05703125 0.08125
0 0.58671875 0.79609375 0.08828125 0.10625
0 0.53125 0.690625 0.053125 0.07265625
0 0.46875 0.584375 0.03828125 0.0578125
0 0.4703125 0.62421875 0.0375 0.05625
0 0.465625 0.6703125 0.0484375 0.07109375
0 0.29296875 0.52890625 0.01484375 0.02578125
