0 0.1375 0.3703125 0.05234375 0.05234375
3 0.2140625 0.2671875 0.04765625 0.03046875
0 0.25 0.25 0.0296875 0.015625
0 0.2359375 0.25625 0.04140625 0.02734375
3 0.26328125 0.29453125 0.05625 0.0375
2 0.30390625 0.22578125 0.0359375 0.05
0 0.3328125 0.26015625 0.03359375 0.02265625
0 0.359375 0.25390625 0.021875 0.02421875
3 0.4078125 0.21640625 0.0171875 0.0359375
0 0.42421875 0.20546875 0.0171875 0.0203125
0 0.44921875 0.18046875 0.0203125 0.02109375
3 0.42265625 0.178125 0.025 0.028125
0 0.421875 0.21640625 0.0125 0.01796875
0 0.10625 0.32265625 0.02265625 0.0296875
0 0.3328125 0.20390625 0.03671875 0.02265625
0 0.375 0.2328125 0.03203125 0.03203125
3 0.62109375 0.171875 0.0203125 0.03203125
0 0.64609375 0.171875 0.0109375 0.015625
0 0.63984375 0.1609375 0.0109375 0.01328125
0 0.6890625 0.15234375 0.01171875 0.01953125
0 0.6765625 0.1609375 0.0109375 0.0171875
0 0.64765625 0.2 0.01484375 0.01953125
0 0.6234375 0.20390625 0.015625 0.0203125
0 0.6203125 0.23125 0.01640625 0.01953125
0 0.65234375 0.225 0.015625 0.01953125
0 0.65390625 0.24921875 0.0171875 0.0234375
3 0.61640625 0.2828125 0.021875 0.03359375
0 0.6546875 0.290625 0.021875 0.0265625
0 0.653125 0.33984375 0.02734375 0.02890625
0 0.64765625 0.38515625 0.03046875 0.03671875
0 0.62734375 0.4609375 0.0390625 0.0546875
0 0.5890625 0.59453125 0.05 0.059375
0 0.51953125 0.56875 0.0515625 0.0578125
0 0.5921875 0.39140625 0.034375 0.046875
0 0.56328125 0.16796875 0.01171875 0.01640625
0 0.57421875 0.15 0.0109375 0.01328125
0 0.578125 0.1875 0.01328125 0.01875
0 0.54609375 0.20703125 0.0171875 0.021875
0 0.503125 0.20078125 0.015625 0.0203125
0 0.5296875 0.25390625 0.01875 0.02421875
0 0.5015625 0.321875 0.025 0.034375
0 0.52890625 0.334375 0.028125 0.0390625
0 0.35625 0.5421875 0.04609375 0.059375
0 0.5328125 0.78125 0.0703125 0.09140625
3 0.3296875 0.3265625 0.04140625 0.0578125
0 0.3484375 0.3625 0.040625 0.03984375
0 0.30390625 0.39921875 0.05078125 0.0515625
0 0.278125 0.38125 0.03828125 0.040625
0 0.23125 0.4078125 0.059375 0.05234375
0 0.24140625 0.45234375 0.0578125 0.05
3 0.171875 0.4546875 0.07421875 0.05546875
0 0.10625 0.50078125 0.078125 0.0609375
0 0.15703125 0.515625 0.0734375 0.06015625
0 0.0703125 0.57421875 0.08125 0.08125
0 0.01015625 0.63046875 0.0203125 0.05234375
