0 0.59140625 0.48671875 0.021875 0.0234375
0 0.03515625 0.70859375 0.0703125 0.0765625
0 0.08125 0.68125 0.125 0.075
0 0.14375 0.6515625 0.05546875 0.07890625
2 0.3234375 0.84765625 0.14921875 0.3046875
0 0.64609375 0.925 0.14921875 0.15
0 0.3296875 0.640625 0.04609375 0.06328125
0 0.3921875 0.69609375 0.05234375 0.08671875
0 0.40859375 0.6125 0.0375 0.0578125
0 0.43359375 0.5453125 0.028125 0.0421875
0 0.4359375 0.51484375 0.02265625 0.0234375
0 0.5015625 0.4921875 0.01640625 0.0234375
0 0.4953125 0.475 0.01484375 0.01875
3 0.52578125 0.48203125 0.01484375 0.03125
2 0.51484375 0.45390625 0.01796875 0.03515625
0 0.4890625 0.45625 0.0109375 0.0171875
0 0.4875 0.44375 0.01015625 0.0125
0 0.48046875 0.4359375 0.00859375 0.0125
0 0.50390625 0.44609375 0.00546875 0.01328125
0 0.5046875 0.4390625 0.00859375 0.0125
0 0.4875 0.42890625 0.00703125 0.01171875
0 0.459375 0.4109375 0.0109375 0.01015625
0 0.44296875 0.45703125 0.0125 0.015625
0 0.44296875 0.43984375 0.01171875 0.00859375
0 0.45859375 0.44921875 0.01171875 0.01796875
0 0.45 0.4390625 0.00625 0.0125
0 0.46171875 0.4390625 0.01015625 0.01796875
0 0.4765625 0.42578125 0.00703125 0.01015625
0 0.47734375 0.4125 0.0046875 0.01015625
0 0.29296875 0.52890625 0.01484375 0.0234375
