0 0.55 0.30078125 0.0296875 0.0421875
0 0.55 0.27734375 0.03046875 0.02734375
0 0.528125 0.26875 0.0203125 0.03125
0 0.50078125 0.2703125 0.02421875 0.01875
0 0.50625 0.28203125 0.04765625 0.0234375
0 0.484375 0.3171875 0.03203125 0.03359375
0 0.4734375 0.28125 0.0234375 0.03671875
3 0.58203125 0.925 0.128125 0.15
0 0.39375 0.5703125 0.0484375 0.084375
0 0.278125 0.6421875 0.0609375 0.12421875
3 0.18359375 0.49765625 0.0421875 0.071875
0 0.24140625 0.4203125 0.034375 0.053125
0 0.27734375 0.39296875 0.03203125 0.0484375
0 0.3109375 0.37265625 0.02734375 0.04453125
0 0.33046875 0.3328125 0.02890625 0.0390625
0 0.38125 0.303125 0.02890625 0.03046875
0 0.6734375 0.46875 0.065625 0.06484375
3 0.6203125 0.41640625 0.059375 0.065625
0 0.38203125 0.2625 0.03046875 0.0296875
0 0.21015625 0.3234375 0.025 0.034375
0 0.171875 0.30703125 0.02265625 0.034375
0 0.19609375 0.28671875 0.01640625 0.01640625
0 0.234375 0.284375 0.0203125 0.0296875
0 0.2625 0.28125 0.02109375 0.02890625
0 0.29453125 0.2796875 0.02109375 0.03203125
0 0.2234375 0.25390625 0.01640625 0.02578125
0 0.23671875 0.23203125 0.015625 0.02578125
0 0.225 0.2234375 0.01171875 0.01875
0 0.203125 0.22265625 0.01328125 0.015625
0 0.18203125 0.2171875 0.01171875 0.02265625
0 0.171875 0.2265625 0.0125 0.00703125
0 0.2375 0.20546875 0.01015625 0.01796875
0 0.25 0.209375 0.00859375 0.0140625
0 0.21328125 0.2109375 0.009375 0.01484375
0 0.20078125 0.215625 0.0109375 0.015625
