2 0.26953125 0.94765625 0.0953125 0.10390625
0 0.34609375 0.87578125 0.06640625 0.11953125
0 0.5625 0.94375 0.05859375 0.07578125
0 0.5375 0.7625 0.04453125 0.07265625
0 0.60390625 0.69921875 0.0375 0.0546875
0 0.58125 0.56171875 0.03125 0.02890625
0 0.58515625 0.5390625 0.028125 0.0296875
0 0.48828125 0.51875 0.02578125 0.04375
0 0.50390625 0.49765625 0.0484375 0.0390625
3 0.590625 0.30390625 0.0171875 0.046875
0 0.60859375 0.36015625 0.01328125 0.021875
0 0.6296875 0.35703125 0.0078125 0.021875
