0 0.59609375 0.3078125 0.01875 0.0140625
0 0.5921875 0.30078125 0.01875 0.0140625
0 0.58671875 0.25 0.0046875 0.01328125
0 0.421875 0.2640625 0.0234375 0.01640625
0 0.43984375 0.25625 0.01484375 0.01484375
0 0.6046875 0.3140625 0.02890625 0.01796875
0 0.27890625 0.95703125 0.075 0.0859375
0 0.50234375 0.8328125 0.071875 0.16875
0 0.5796875 0.76484375 0.05078125 0.096875
0 0.4171875 0.7609375 0.05546875 0.09921875
0 0.5 0.72890625 0.053125 0.0953125
0 0.33828125 0.73984375 0.06015625 0.1015625
0 0.39296875 0.62890625 0.0421875 0.0890625
0 0.42578125 0.5453125 0.04609375 0.078125
0 0.534375 0.35703125 0.01796875 0.0234375
0 0.47421875 0.334375 0.015625 0.0234375
0 0.52109375 0.29375 0.0125 0.0171875
0 0.534375 0.275 0.00859375 0.01484375
0 0.5328125 0.26484375 0.009375 0.01328125
0 0.52890625 0.25078125 0.0078125 0.0171875
0 0.4734375 0.23828125 0.00625 0.0109375
0 0.50625 0.246875 0.0078125 0.01171875
0 0.49296875 0.23671875 0.00703125 0.009375
0 0.51328125 0.23125 0.00625 0.009375
0 0.51015625 0.21328125 0.0046875 0.00625
0 0.49296875 0.21328125 0.00546875 0.00546875
