0 0.44453125 0.87265625 0.06328125 0.11875
0 0.63203125 0.9703125 0.0796875 0.059375
0 0.734375 0.9328125 0.08984375 0.10703125
0 0.60546875 0.78046875 0.0609375 0.075
0 0.32265625 0.684375 0.034375 0.0640625
3 0.5265625 0.6375 0.06796875 0.128125
0 0.3765625 0.57890625 0.02578125 0.0484375
0 0.3375 0.57109375 0.03046875 0.05859375
0 0.4546875 0.5625 0.0359375 0.059375
0 0.40234375 0.49921875 0.0234375 0.034375
0 0.3171875 0.51328125 0.0234375 0.0421875
0 0.33671875 0.50078125 0.02109375 0.03671875
0 0.6890625 0.459375 0.034375 0.03046875
0 0.38203125 0.4703125 0.021875 0.0296875
