0 0.17890625 0.45078125 0.05859375 0.05390625
0 0.396875 0.3875 0.028125 0.03828125
0 0.5203125 0.2921875 0.01875 0.028125
0 0.05234375 0.95703125 0.1046875 0.0859375
0 0.1453125 0.97265625 0.0984375 0.0546875
0 0.275 0.91875 0.11640625 0.1625
0 0.25546875 0.81875 0.0921875 0.14609375
0 0.2203125 0.75625 0.08828125 0.115625
0 0.3734375 0.7484375 0.0828125 0.15390625
0 0.2734375 0.64609375 0.07734375 0.12109375
0 0.3296875 0.6953125 0.08203125 0.1375
0 0.440625 0.625 0.065625 0.11484375
0 0.38671875 0.60859375 0.0578125 0.08125
3 0.365625 0.54453125 0.05859375 0.103125
0 0.49765625 0.51015625 0.04140625 0.0671875
3 0.58359375 0.740625 0.0671875 0.15234375
0 0.68359375 0.77578125 0.06015625 0.11015625
3 0.61015625 0.5625 0.04140625 0.1109375
0 0.67421875 0.5734375 0.02890625 0.04921875
0 0.56640625 0.5125 0.03828125 0.0578125
0 0.421875 0.36796875 0.02421875 0.0359375
3 0.253125 0.50078125 0.08515625 0.16796875
0 0.52578125 0.3734375 0.0296875 0.0453125
0 0.628125 0.4375 0.02578125 0.0390625
3 0.678125 0.35234375 0.02109375 0.04609375
0 0.65078125 0.29140625 0.015625 0.01875
3 0.62734375 0.28359375 0.021875 0.0359375
0 0.6765625 0.31015625 0.0171875 0.01953125
