0 0.4484375 0.6453125 0.0328125 0.04609375
0 0.5234375 0.62734375 0.03671875 0.03671875
0 0.45546875 0.63515625 0.021875 0.03671875
0 0.45859375 0.61796875 0.01875 0.01875
0 0.4625 0.61328125 0.02265625 0.03125
0 0.465625 0.59765625 0.01796875 0.01015625
0 0.46484375 0.58984375 0.01640625 0.00546875
0 0.4625 0.5859375 0.015625 0.0078125
0 0.51015625 0.58046875 0.015625 0.02421875
0 0.48984375 0.57421875 0.0140625 0.01875
0 0.4890625 0.5625 0.00703125 0.0046875
0 0.47421875 0.55390625 0.01015625 0.01640625
0 0.503125 0.5578125 0.00859375 0.0140625
0 0.465625 0.5484375 0.00859375 0.0125
0 0.50234375 0.54921875 0.00703125 0.00625
0 0.4828125 0.53828125 0.00546875 0.00859375
0 0.47265625 0.5390625 0.0078125 0.01171875
