0 0.5140625 0.87578125 0.109375 0.18984375
0 0.35703125 0.6796875 0.0609375 0.11171875
0 0.42109375 0.603125 0.0625 0.08203125
0 0.428125 0.49765625 0.04921875 0.06640625
0 0.3609375 0.475 0.04453125 0.07734375
0 0.2875 0.50078125 0.04765625 0.07109375
0 0.371875 0.39453125 0.04140625 0.06015625
2 0.22578125 0.3671875 0.03515625 0.09765625
0 0.1625 0.684375 0.0546875 0.10078125
0 0.29140625 0.33203125 0.028125 0.03828125
0 0.2375 0.29296875 0.0234375 0.03046875
0 0.30234375 0.296875 0.02734375 0.0390625
0 0.25625 0.26953125 0.0203125 0.025
0 0.26640625 0.246875 0.015625 0.02578125
0 0.23359375 0.23359375 0.01328125 0.02109375
2 0.1578125 0.2078125 0.015625 0.02734375
0 0.26640625 0.209375 0.0078125 0.0125
0 0.2484375 0.20859375 0.009375 0.0140625
0 0.21640625 0.2125 0.01015625 0.015625
0 0.17421875 0.22109375 0.0125 0.0171875
0 0.19375 0.2109375 0.0109375 0.0140625
0 0.22734375 0.21015625 0.00859375 0.01015625
0 0.259375 0.209375 0.0078125 0.0125
0 0.23984375 0.2109375 0.00703125 0.0109375
0 0.234375 0.2109375 0.003125 0.009375
0 0.55 0.30078125 0.0296875 0.0421875
0 0.55 0.27734375 0.03046875 0.02734375
0 0.528125 0.26875 0.0203125 0.03125
0 0.47578125 0.27109375 0.028125 0.03828125
0 0.49453125 0.28125 0.034375 0.02109375
0 0.50078125 0.2703125 0.02421875 0.01875
0 0.553125 0.26015625 0.01953125 0.00703125
