3 0.76953125 0.48046875 0.04140625 0.08359375
2 0.34921875 0.296875 0.02734375 0.04921875
0 0.46015625 0.26875 0.0140625 0.0234375
0 0.49140625 0.30390625 0.015625 0.0296875
0 0.50390625 0.265625 0.01484375 0.02265625
0 0.5109375 0.2765625 0.01640625 0.02421875
0 0.53203125 0.26875 0.015625 0.01953125
0 0.53984375 0.28671875 0.02109375 0.0234375
0 0.54765625 0.30078125 0.01796875 0.02421875
0 0.4796875 0.2640625 0.0125 0.02421875
0 0.51875 0.3015625 0.01796875 0.02890625
0 0.39609375 0.25703125 0.0171875 0.02578125
0 0.53203125 0.3203125 0.01875 0.03671875
2 0.55390625 0.35 0.0234375 0.0546875
2 0.58046875 0.3890625 0.0421875 0.09296875
0 0.60546875 0.365625 0.0203125 0.03984375
0 0.3171875 0.3390625 0.0203125 0.028125
0 0.61953125 0.4546875 0.03515625 0.04296875
0 0.665625 0.56171875 0.053125 0.08515625
3 0.7734375 0.665625 0.103125 0.12421875
0 0.3 0.371875 0.01875 0.03125
0 0.290625 0.390625 0.02109375 0.0328125
0 0.284375 0.40625 0.02421875 0.03828125
0 0.3484375 0.38203125 0.028125 0.0421875
3 0.4453125 0.3921875 0.0390625 0.0703125
2 0.41015625 0.4296875 0.0421875 0.1015625
2 0.4078125 0.5671875 0.06328125 0.13125
2 0.40703125 0.77421875 0.0984375 0.29140625
3 0.10390625 0.6078125 0.06171875 0.1359375
0 0.30625 0.48046875 0.0375 0.065625
3 0.35 0.53671875 0.0390625 0.1078125
0 0.15859375 0.66015625 0.071875 0.08046875
0 0.26640625 0.61953125 0.04609375 0.071875
0 0.3390625 0.6 0.0375 0.05625
0 0.33046875 0.653125 0.046875 0.0765625
3 0.31875 0.7359375 0.0625 0.1515625
0 0.23671875 0.69453125 0.0515625 0.078125
0 0.23125 0.76328125 0.05703125 0.1
0 0.2125 0.83828125 0.0703125 0.11875
3 0.2984375 0.81015625 0.0640625 0.1984375
0 0.184375 0.92265625 0.07421875 0.1375
0 0.2859375 0.95859375 0.071875 0.0828125
0 0.40234375 0.9515625 0.0765625 0.096875
0 0.49765625 0.7453125 0.05625 0.10546875
3 0.53359375 0.875 0.0765625 0.18359375
