0 0.17578125 0.45234375 0.06953125 0.0546875
0 0.39609375 0.38828125 0.02734375 0.0375
0 0.50078125 0.26015625 0.0203125 0.021875
0 0.51796875 0.26171875 0.0125 0.01875
0 0.53046875 0.25078125 0.01484375 0.01953125
0 0.16796875 0.94609375 0.11875 0.1078125
0 0.29375 0.91875 0.11953125 0.1625
0 0.31015625 0.7390625 0.0828125 0.12578125
0 0.42109375 0.68359375 0.06640625 0.1
0 0.378125 0.603125 0.06171875 0.09375
0 0.4296875 0.52421875 0.046875 0.071875
0 0.4109375 0.48203125 0.04375 0.053125
0 0.51640625 0.4625 0.03671875 0.05078125
0 0.42109375 0.36953125 0.02578125 0.03125
1 0.54609375 0.39921875 0.02578125 0.053125
0 0.6171875 0.546875 0.03984375 0.0609375
0 0.65703125 0.45078125 0.0296875 0.05
3 0.89921875 0.3625 0.0421875 0.04609375
0 0.5203125 0.2921875 0.01953125 0.028125
0 0.55078125 0.3375 0.02265625 0.03125
0 0.5875 0.32265625 0.01953125 0.025
0 0.67265625 0.30625 0.015625 0.025
0 0.54609375 0.303125 0.0203125 0.0265625
0 0.60078125 0.2890625 0.01640625 0.01953125
0 0.5734375 0.265625 0.01328125 0.01953125
0 0.60078125 0.24765625 0.0140625 0.01875
0 0.58984375 0.24296875 0.0125 0.015625
