0 0.359375 0.6375 0.021875 0.06328125
0 0.41953125 0.596875 0.02109375 0.0359375
0 0.91953125 0.665625 0.04765625 0.04609375
3 0.54296875 0.775 0.04921875 0.06953125
3 0.83515625 0.69375 0.0921875 0.10703125
0 0.98828125 0.84453125 0.0234375 0.0515625
0 0.49375 0.6921875 0.02578125 0.04609375
0 0.4734375 0.62421875 0.0203125 0.05078125
0 0.565625 0.5265625 0.01953125 0.02890625
0 0.39921875 0.53125 0.01328125 0.02421875
0 0.4546875 0.5765625 0.01484375 0.02265625
0 0.4421875 0.53828125 0.0125 0.021875
0 0.4265625 0.50546875 0.01015625 0.0140625
0 0.43359375 0.5234375 0.0109375 0.0171875
