0 0.98984375 0.55234375 0.0203125 0.03359375
0 0.73125 0.57890625 0.05234375 0.02734375
0 0.70078125 0.43203125 0.0359375 0.02265625
0 0.6953125 0.4265625 0.034375 0.01953125
0 0.68203125 0.415625 0.01640625 0.02265625
0 0.69765625 0.4015625 0.0390625 0.0234375
0 0.67265625 0.3625 0.02890625 0.015625
0 0.578125 0.334375 0.0125 0.01484375
0 0.57265625 0.33984375 0.0140625 0.01640625
0 0.54609375 0.33828125 0.01640625 0.01328125
0 0.584375 0.35625 0.0125 0.0140625
0 0.521875 0.3640625 0.015625 0.01796875
3 0.6078125 0.3515625 0.02421875 0.0515625
0 0.5921875 0.39609375 0.01640625 0.021875
0 0.63828125 0.3359375 0.01796875 0.01328125
0 0.5109375 0.34921875 0.015625 0.0171875
0 0.49296875 0.35859375 0.02109375 0.0171875
0 0.47265625 0.390625 0.0203125 0.0234375
0 0.6171875 0.4125 0.01875 0.02578125
0 0.56484375 0.415625 0.01953125 0.02578125
3 0.5640625 0.48984375 0.034375 0.06015625
0 0.5109375 0.4578125 0.021875 0.03359375
0 0.33046875 0.47890625 0.0296875 0.03203125
3 0.540625 0.57578125 0.028125 0.04921875
0 0.45625 0.5625 0.03046875 0.0375
0 0.41484375 0.5640625 0.028125 0.03984375
0 0.36640625 0.56796875 0.0296875 0.040625
0 0.39296875 0.596875 0.03671875 0.05
0 0.35078125 0.5953125 0.0359375 0.0421875
0 0.37265625 0.6265625 0.0390625 0.04765625
0 0.3140625 0.63359375 0.040625 0.05
0 0.353125 0.6609375 0.040625 0.046875
0 0.17578125 0.6359375 0.0484375 0.046875
0 0.4609375 0.715625 0.046875 0.06015625
0 0.475 0.8265625 0.05 0.0671875
0 0.37890625 0.71328125 0.03828125 0.06171875
0 0.3171875 0.71875 0.05078125 0.05859375
0 0.26796875 0.70078125 0.0484375 0.05078125
3 0.34453125 0.75546875 0.059375 0.1109375
0 0.27890625 0.778125 0.0609375 0.07734375
0 0.2265625 0.75625 0.059375 0.06171875
3 0.153125 0.77109375 0.06875 0.075
0 0.178125 0.83515625 0.06171875 0.06953125
0 0.22578125 0.85234375 0.07265625 0.08125
0 0.303125 0.85 0.0625 0.0765625
0 0.2609375 0.9203125 0.08125 0.1203125
0 0.17890625 0.9328125 0.08046875 0.1015625
0 0.0984375 0.8421875 0.078125 0.07734375
0 0.103125 0.9203125 0.090625 0.09296875
0 0.02265625 0.95078125 0.0453125 0.07265625
