3 0.9921875 0.5046875 0.015625 0.0421875
0 0.9984375 0.421875 0.003125 0.01875
0 0.96640625 0.428125 0.0328125 0.02265625
0 0.93359375 0.4265625 0.0296875 0.0234375
0 0.2859375 0.3625 0.01953125 0.01796875
0 0.33125 0.3 0.009375 0.01484375
0 0.1296875 0.98359375 0.06875 0.03203125
0 0.33359375 0.9859375 0.0609375 0.028125
0 0.33984375 0.84921875 0.0703125 0.0875
0 0.39375 0.8921875 0.0796875 0.1125
3 0.6953125 0.82734375 0.04765625 0.10625
0 0.4421875 0.7953125 0.06015625 0.08671875
0 0.48046875 0.71171875 0.053125 0.0734375
0 0.51328125 0.66328125 0.04609375 0.05625
0 0.534375 0.61328125 0.0421875 0.065625
0 0.55 0.5734375 0.03828125 0.05546875
3 0.565625 0.54296875 0.0328125 0.040625
0 0.578125 0.51796875 0.02890625 0.0375
3 0.7 0.5453125 0.03828125 0.07265625
0 0.58515625 0.4921875 0.02578125 0.0359375
0 0.59296875 0.475 0.02109375 0.03046875
0 0.59609375 0.4609375 0.025 0.03359375
0 0.60546875 0.4390625 0.021875 0.028125
3 0.60859375 0.4078125 0.02734375 0.05390625
0 0.6359375 0.39765625 0.015625 0.021875
0 0.70703125 0.4359375 0.01875 0.02421875
3 0.69453125 0.396875 0.01796875 0.0296875
0 0.64296875 0.415625 0.01640625 0.0171875
0 0.671875 0.42578125 0.01875 0.02265625
0 0.66171875 0.4 0.01640625 0.01796875
0 0.66875 0.4125 0.01953125 0.02578125
0 0.59453125 0.36953125 0.0125 0.01953125
0 0.57265625 0.3734375 0.0140625 0.021875
0 0.54921875 0.3734375 0.015625 0.01484375
0 0.5625 0.35703125 0.01640625 0.01875
0 0.525 0.3734375 0.01484375 0.01640625
0 0.54453125 0.36015625 0.0171875 0.0203125
0 0.52109375 0.36015625 0.01484375 0.01953125
0 0.51953125 0.33203125 0.01171875 0.01484375
0 0.51953125 0.346875 0.01171875 0.009375
0 0.52109375 0.28046875 0.01015625 0.01640625
2 0.584375 0.284375 0.0125 0.01953125
0 0.54140625 0.28671875 0.00859375 0.00625
3 0.559375 0.27421875 0.01328125 0.01796875
