2 0.02265625 0.65 0.0453125 0.140625
2 0.44921875 0.7953125 0.1546875 0.3125
0 0.98671875 0.83046875 0.0265625 0.06484375
0 0.4 0.63828125 0.03359375 0.025
0 0.4484375 0.6421875 0.0296875 0.03828125
0 0.5046875 0.63046875 0.02578125 0.03203125
0 0.53984375 0.64609375 0.03359375 0.04140625
0 0.44140625 0.59453125 0.01796875 0.0234375
0 0.46015625 0.60390625 0.01875 0.0390625
0 0.46640625 0.5921875 0.01640625 0.034375
0 0.4703125 0.5625 0.01015625 0.01328125
2 0.46484375 0.5484375 0.0125 0.021875
0 0.48828125 0.55859375 0.00859375 0.0125
0 0.503125 0.55703125 0.00859375 0.0109375
0 0.50234375 0.55 0.0078125 0.00703125
