0 0.02109375 0.89453125 0.04140625 0.08515625
3 0.35703125 0.6359375 0.0203125 0.06953125
0 0.390625 0.46484375 0.0078125 0.0140625
0 0.9171875 0.66875 0.04609375 0.04296875
3 0.10234375 0.903125 0.1421875 0.11875
2 0.9390625 0.74765625 0.121875 0.1515625
0 0.515625 0.74140625 0.02578125 0.0421875
0 0.58046875 0.7078125 0.02734375 0.0296875
0 0.42265625 0.61875 0.021875 0.034375
0 0.50625 0.57578125 0.01953125 0.01953125
3 0.478125 0.51796875 0.01796875 0.03046875
0 0.4359375 0.53828125 0.0125 0.01953125
3 0.43828125 0.46484375 0.0109375 0.01640625
0 0.42109375 0.496875 0.0109375 0.0125
0 0.43515625 0.4796875 0.0109375 0.01015625
0 0.41015625 0.47109375 0.009375 0.0140625
