3 0.9921875 0.5046875 0.015625 0.0421875
0 0.96640625 0.428125 0.0328125 0.02265625
0 0.93359375 0.4265625 0.0296875 0.0234375
0 0.2859375 0.3625 0.01953125 0.01796875
0 0.33125 0.3 0.009375 0.01484375
0 0.35625 0.9578125 0.08125 0.084375
0 0.40546875 0.86015625 0.0671875 0.08984375
0 0.45 0.78203125 0.05625 0.07109375
0 0.49453125 0.70390625 0.04375 0.05703125
0 0.7328125 0.834375 0.05 0.078125
0 0.6125 0.7515625 0.04609375 0.05859375
0 0.42109375 0.57109375 0.0390625 0.03828125
0 0.52578125 0.6375 0.03984375 0.05078125
0 0.58359375 0.6359375 0.03828125 0.03984375
3 0.54453125 0.59140625 0.03984375 0.046875
0 0.653125 0.59296875 0.03203125 0.0359375
0 0.55703125 0.56015625 0.0265625 0.034375
0 0.57265625 0.53046875 0.02734375 0.03203125
0 0.58203125 0.50234375 0.02578125 0.0328125
3 0.61640625 0.521875 0.0390625 0.05625
0 0.7078125 0.48046875 0.01953125 0.02578125
0 0.59140625 0.4828125 0.0234375 0.03125
0 0.6015625 0.46640625 0.021875 0.02421875
0 0.61171875 0.42109375 0.02265625 0.02265625
0 0.603125 0.4359375 0.0296875 0.025
0 0.60234375 0.43984375 0.01953125 0.028125
0 0.4109375 0.43046875 0.04296875 0.02109375
0 0.4828125 0.44453125 0.040625 0.02578125
0 0.54375 0.34765625 0.01328125 0.01796875
0 0.5234375 0.36171875 0.0140625 0.01953125
0 0.51796875 0.3328125 0.0109375 0.01640625
0 0.59453125 0.328125 0.0140625 0.0109375
0 0.6296875 0.3515625 0.01328125 0.0171875
0 0.55234375 0.30078125 0.01015625 0.01796875
0 0.59453125 0.30703125 0.009375 0.0125
0 0.98046875 0.5828125 0.0390625 0.0359375
