3 0.9921875 0.5046875 0.015625 0.0421875
0 0.96640625 0.428125 0.0328125 0.02265625
0 0.93359375 0.4265625 0.0296875 0.0234375
0 0.2859375 0.3625 0.01953125 0.01796875
0 0.33125 0.3 0.009375 0.01484375
0 0.9828125 0.5828125 0.034375 0.0390625
0 0.99765625 0.42265625 0.0046875 0.01640625
3 0.6703125 0.9578125 0.059375 0.084375
0 0.409375 0.6703125 0.04609375 0.0546875
0 0.54609375 0.58671875 0.03359375 0.04453125
0 0.64296875 0.65703125 0.03515625 0.0453125
0 0.69296875 0.7359375 0.03984375 0.0546875
0 0.49453125 0.52734375 0.0328125 0.03828125
3 0.69765625 0.571875 0.02890625 0.0546875
2 0.534375 0.44609375 0.04375 0.07421875
0 0.396875 0.43046875 0.04375 0.021875
0 0.5921875 0.47734375 0.02421875 0.0328125
0 0.55 0.3765625 0.01328125 0.0203125
0 0.6078125 0.4203125 0.01640625 0.025
0 0.60625 0.39296875 0.01484375 0.021875
0 0.5921875 0.3671875 0.0140625 0.01875
0 0.58046875 0.34765625 0.01328125 0.0203125
0 0.56875 0.325 0.01328125 0.0171875
0 0.5625 0.31328125 0.01015625 0.01015625
