0 0.1375 0.3703125 0.05234375 0.05234375
3 0.21328125 0.2671875 0.04765625 0.03046875
0 0.25 0.25 0.0296875 0.015625
0 0.2359375 0.25625 0.04140625 0.02734375
0 0.2640625 0.29453125 0.05625 0.0375
2 0.2984375 0.23203125 0.0375 0.05625
0 0.33359375 0.26171875 0.03203125 0.0203125
0 0.359375 0.25390625 0.021875 0.02421875
0 0.3296875 0.20390625 0.03984375 0.02109375
3 0.4078125 0.21640625 0.0171875 0.0359375
0 0.42421875 0.20546875 0.0171875 0.0203125
0 0.44921875 0.18046875 0.0203125 0.02109375
3 0.42265625 0.178125 0.025 0.028125
0 0.421875 0.21640625 0.0125 0.01796875
0 0.64375 0.178125 0.01328125 0.01640625
0 0.57890625 0.17890625 0.0140625 0.02109375
0 0.55390625 0.18671875 0.01171875 0.01875
0 0.6203125 0.203125 0.015625 0.0203125
0 0.65234375 0.2078125 0.01640625 0.01875
0 0.725 0.2 0.0140625 0.01640625
0 0.74453125 0.253125 0.01875 0.02265625
0 0.73125 0.2796875 0.0203125 0.0234375
3 0.734375 0.31796875 0.02890625 0.05625
0 0.6234375 0.23515625 0.01640625 0.02421875
2 0.653125 0.271875 0.03046875 0.06875
0 0.615625 0.28984375 0.02109375 0.0265625
3 0.6453125 0.38515625 0.04140625 0.07578125
0 0.578125 0.4234375 0.03515625 0.04296875
0 0.621875 0.490625 0.03984375 0.05078125
0 0.49140625 0.775 0.07109375 0.09140625
0 0.56484375 0.2421875 0.01796875 0.02421875
0 0.57578125 0.1484375 0.01171875 0.0140625
0 0.5359375 0.2359375 0.0203125 0.025
0 0.5546875 0.275 0.02109375 0.028125
0 0.50078125 0.3171875 0.0265625 0.0359375
0 0.434375 0.41953125 0.03203125 0.040625
0 0.2328125 0.69609375 0.07734375 0.0828125
0 0.49609375 0.21015625 0.01953125 0.0203125
0 0.4703125 0.20703125 0.01875 0.01953125
0 0.42578125 0.25859375 0.0265625 0.02578125
0 0.39375 0.32265625 0.0359375 0.0390625
0 0.24609375 0.4015625 0.05546875 0.0453125
0 0.2625 0.43515625 0.05390625 0.046875
0 0.14453125 0.47109375 0.06484375 0.05625
0 0.16484375 0.49921875 0.08046875 0.07109375
0 0.05 0.58671875 0.09296875 0.0859375
2 0.0515625 0.5234375 0.103125 0.14765625
