3 0.2625 0.965625 0.075 0.06875
0 0.36796875 0.9765625 0.07421875 0.046875
0 0.31796875 0.96953125 0.03359375 0.059375
0 0.334375 0.896875 0.0625 0.08984375
0 0.51328125 0.8953125 0.05390625 0.078125
0 0.3703125 0.83828125 0.053125 0.0875
0 0.39140625 0.7953125 0.0515625 0.071875
0 0.40859375 0.71953125 0.0640625 0.1328125
0 0.6109375 0.603125 0.021875 0.0421875
0 0.6296875 0.35703125 0.00859375 0.01953125
0 0.60234375 0.3203125 0.01171875 0.01328125
0 0.6046875 0.31171875 0.01015625 0.01484375
