3 0.9921875 0.5046875 0.015625 0.0421875
0 0.96640625 0.428125 0.0328125 0.02265625
0 0.93359375 0.4265625 0.0296875 0.0234375
0 0.2859375 0.3625 0.01953125 0.01796875
0 0.33125 0.3 0.009375 0.01484375
3 0.2171875 0.96875 0.1125 0.0625
0 0.08359375 0.92890625 0.10859375 0.11328125
0 0.19140625 0.81328125 0.08125 0.0859375
0 0.35625 0.95703125 0.07734375 0.0859375
0 0.41171875 0.85234375 0.06640625 0.090625
0 0.45390625 0.77421875 0.05625 0.075
0 0.4875 0.70390625 0.04765625 0.059375
0 0.49921875 0.85625 0.06015625 0.08203125
0 0.68828125 0.88125 0.05625 0.08359375
0 0.73125 0.76640625 0.0515625 0.0625
0 0.6171875 0.69140625 0.04375 0.05859375
0 0.525 0.62421875 0.0375 0.04453125
0 0.55 0.58125 0.0375 0.04296875
0 0.57890625 0.5140625 0.028125 0.040625
0 0.634375 0.484375 0.021875 0.025
3 0.6609375 0.534375 0.0296875 0.0453125
0 0.99765625 0.42578125 0.0046875 0.01484375
2 0.45078125 0.5125 0.06796875 0.0921875
0 0.40078125 0.428125 0.0421875 0.0234375
0 0.525 0.42578125 0.01640625 0.0203125
0 0.52265625 0.38359375 0.015625 0.02109375
0 0.98125 0.58203125 0.0375 0.0359375
