0 0.95625 0.5140625 0.0578125 0.03125
0 0.946875 0.50234375 0.065625 0.034375
0 0.9453125 0.49453125 0.075 0.0359375
0 0.6859375 0.37109375 0.01328125 0.0109375
0 0.740625 0.36328125 0.0125 0.01015625
0 0.76328125 0.37265625 0.0125 0.0125
0 0.75 0.38515625 0.01171875 0.01328125
0 0.72265625 0.39765625 0.01484375 0.0125
0 0.8421875 0.409375 0.0140625 0.01328125
0 0.7890625 0.4015625 0.01171875 0.0140625
0 0.7703125 0.4359375 0.0171875 0.01875
0 0.7921875 0.46796875 0.01640625 0.02265625
0 0.6375 0.43828125 0.0203125 0.015625
3 0.73671875 0.4953125 0.0265625 0.03984375
0 0.70234375 0.4859375 0.02265625 0.0265625
0 0.65703125 0.478125 0.025 0.0296875
0 0.71171875 0.5515625 0.03359375 0.03515625
0 0.6765625 0.52890625 0.0328125 0.0328125
0 0.625 0.5203125 0.034375 0.0421875
0 0.58046875 0.49375 0.0328125 0.0296875
0 0.54765625 0.47578125 0.0328125 0.0265625
0 0.58046875 0.525 0.0328125 0.03203125
0 0.5984375 0.546875 0.03671875 0.03515625
3 0.534375 0.51875 0.04375 0.05390625
0 0.49296875 0.5015625 0.03125 0.028125
0 0.49375 0.52578125 0.03671875 0.0328125
0 0.48984375 0.55703125 0.04296875 0.03125
0 0.56171875 0.57734375 0.0484375 0.034375
0 0.43828125 0.55546875 0.046875 0.034375
0 0.44140625 0.5890625 0.0515625 0.04453125
0 0.48984375 0.59140625 0.0484375 0.046875
0 0.38515625 0.58984375 0.05546875 0.04453125
0 0.47890625 0.6484375 0.06015625 0.0640625
0 0.32421875 0.66640625 0.0734375 0.0734375
0 0.65859375 0.6625 0.0609375 0.06796875
2 0.56328125 0.64765625 0.12578125 0.15390625
0 0.4125 0.725 0.0828125 0.07421875
0 0.328125 0.7203125 0.08515625 0.07265625
0 0.2375 0.721875 0.0890625 0.0796875
3 0.51796875 0.890625 0.11171875 0.15625
0 0.23046875 0.8078125 0.09765625 0.08125
0 0.11171875 0.82109375 0.1234375 0.1109375
0 0.22890625 0.90703125 0.13125 0.12265625
0 0.1015625 0.9171875 0.1546875 0.13671875
0 0.009375 0.925 0.01796875 0.0703125
0 0.1046875 0.98515625 0.1109375 0.0296875
2 0.05078125 0.77265625 0.1015625 0.1875
