0 0.1734375 0.453125 0.06484375 0.05
0 0.39609375 0.38828125 0.02734375 0.0375
0 0.50078125 0.26015625 0.0203125 0.021875
0 0.51796875 0.26171875 0.0125 0.01875
0 0.53046875 0.25078125 0.01484375 0.01953125
0 0.18203125 0.93046875 0.11640625 0.13828125
0 0.2765625 0.9265625 0.1125 0.140625
0 0.2859375 0.76015625 0.0859375 0.13046875
0 0.37265625 0.53828125 0.053125 0.06484375
3 0.371875 0.6171875 0.08203125 0.11484375
3 0.67890625 0.54296875 0.040625 0.12109375
0 0.49453125 0.52578125 0.040625 0.0609375
0 0.478125 0.46171875 0.0390625 0.053125
3 0.47109375 0.396875 0.0328125 0.04453125
0 0.53203125 0.434375 0.03203125 0.0484375
0 0.68046875 0.43125 0.028125 0.0546875
0 0.6515625 0.3109375 0.0171875 0.02265625
0 0.51953125 0.29453125 0.0171875 0.02421875
0 0.13515625 0.5671875 0.0671875 0.0625
