0 0.19296875 0.8890625 0.0359375 0.08046875
0 0.2421875 0.88515625 0.02734375 0.07109375
0 0.29921875 0.8921875 0.0390625 0.08671875
0 0.18125 0.784375 0.0296875 0.06171875
0 0.23515625 0.80546875 0.02890625 0.0625
0 0.27890625 0.80859375 0.03671875 0.08046875
0 0.1796875 0.71640625 0.0265625 0.05703125
0 0.228125 0.746875 0.03125 0.053125
0 0.2703125 0.7296875 0.02890625 0.05703125
0 0.18125 0.66875 0.02109375 0.034375
0 0.22109375 0.6859375 0.0234375 0.04453125
0 0.25625 0.66953125 0.025 0.05390625
0 0.2171875 0.65 0.02109375 0.0296875
0 0.2546875 0.63671875 0.02265625 0.01171875
0 0.3984375 0.52734375 0.01953125 0.02734375
0 0.3828125 0.4265625 0.01484375 0.0234375
0 0.25234375 0.45234375 0.01796875 0.02578125
