3 0.76953125 0.48046875 0.04140625 0.08359375
2 0.51484375 0.23203125 0.028125 0.0515625
2 0.3578125 0.2875 0.025 0.05703125
2 0.33671875 0.30234375 0.01953125 0.0453125
2 0.32109375 0.3203125 0.02578125 0.0546875
2 0.59296875 0.346875 0.04453125 0.075
2 0.62265625 0.46328125 0.059375 0.10703125
2 0.78828125 0.69609375 0.13125 0.22578125
2 0.41015625 0.49375 0.053125 0.1203125
2 0.3953125 0.84921875 0.1203125 0.30078125
2 0.12578125 0.9109375 0.1640625 0.178125
0 0.52890625 0.26796875 0.0140625 0.0234375
0 0.53359375 0.2765625 0.0140625 0.0203125
0 0.53828125 0.284375 0.0125 0.025
0 0.5421875 0.28828125 0.01328125 0.0234375
0 0.54453125 0.29375 0.0140625 0.02421875
0 0.5484375 0.30078125 0.01484375 0.0265625
0 0.55703125 0.3046875 0.01640625 0.028125
0 0.5140625 0.28828125 0.01484375 0.02265625
0 0.52890625 0.3234375 0.01953125 0.02578125
0 0.5546875 0.37421875 0.05234375 0.053125
0 0.48359375 0.27421875 0.01640625 0.01796875
0 0.49375 0.29609375 0.01796875 0.025
0 0.47890625 0.3109375 0.0171875 0.0234375
0 0.5828125 0.51328125 0.03125 0.04296875
0 0.72890625 0.8640625 0.08203125 0.10078125
0 0.50546875 0.265625 0.01640625 0.0203125
0 0.390625 0.2984375 0.01796875 0.02421875
0 0.38046875 0.3390625 0.0234375 0.04296875
0 0.29921875 0.3671875 0.0234375 0.028125
0 0.29375 0.3890625 0.0203125 0.040625
0 0.28515625 0.40234375 0.02265625 0.03671875
3 0.340625 0.39453125 0.02890625 0.05
0 0.3734375 0.4046875 0.0265625 0.03359375
0 0.30703125 0.446875 0.03515625 0.0453125
0 0.365625 0.4390625 0.02890625 0.0328125
0 0.36328125 0.46953125 0.03125 0.0359375
0 0.35546875 0.50859375 0.03671875 0.053125
0 0.31796875 0.4875 0.01953125 0.0421875
3 0.28671875 0.5234375 0.05625 0.14453125
0 0.27265625 0.6140625 0.04375 0.059375
0 0.3453125 0.53515625 0.03515625 0.06796875
0 0.4109375 0.5625 0.04296875 0.0546875
0 0.503125 0.48203125 0.03515625 0.05703125
0 0.3515625 0.56796875 0.03671875 0.053125
0 0.3453125 0.59296875 0.040625 0.04296875
0 0.4078125 0.6125 0.046875 0.07421875
0 0.5265625 0.5625 0.0453125 0.09140625
0 0.4125 0.65859375 0.046875 0.07109375
0 0.34296875 0.64609375 0.0453125 0.06875
0 0.2578125 0.659375 0.04765625 0.08125
0 0.3296875 0.7046875 0.05 0.09296875
3 0.3140625 0.75390625 0.0578125 0.1078125
0 0.23828125 0.74296875 0.053125 0.08828125
0 0.1640625 0.703125 0.05546875 0.08359375
0 0.109375 0.803125 0.06640625 0.09921875
0 0.2125 0.8046875 0.065625 0.084375
0 0.209375 0.89296875 0.028125 0.11484375
0 0.3 0.85625 0.0671875 0.115625
0 0.28984375 0.94921875 0.0828125 0.1015625
0 0.540625 0.61953125 0.04609375 0.0921875
0 0.5703125 0.70234375 0.05859375 0.09140625
0 0.4984375 0.73828125 0.05625 0.10390625
0 0.51875 0.8359375 0.06875 0.1171875
0 0.52421875 0.93203125 0.0734375 0.1328125
