0 0.04296875 0.89609375 0.0859375 0.08515625
3 0.38671875 0.69140625 0.0265625 0.053125
3 0.35703125 0.6359375 0.0203125 0.06953125
0 0.6546875 0.88671875 0.03671875 0.0328125
0 0.5046875 0.7203125 0.0203125 0.0359375
0 0.484375 0.66484375 0.01875 0.0296875
0 0.51484375 0.63984375 0.0203125 0.0234375
0 0.46484375 0.61640625 0.02109375 0.03046875
0 0.50078125 0.5859375 0.0171875 0.0203125
3 0.4765625 0.5203125 0.0125 0.0234375
0 0.44921875 0.50703125 0.0109375 0.01484375
3 0.4484375 0.471875 0.01484375 0.03046875
0 0.4359375 0.4796875 0.01015625 0.01796875
3 0.17578125 0.9234375 0.1265625 0.153125
