1 0.54140625 0.69765625 0.03203125 0.0796875
0 0.39296875 0.94765625 0.0609375 0.09765625
0 0.3546875 0.73125 0.03828125 0.0625
0 0.425 0.84609375 0.05859375 0.10078125
0 0.4078125 0.64140625 0.03359375 0.053125
2 0.4515625 0.7625 0.06640625 0.140625
0 0.4890625 0.73828125 0.0078125 0.05390625
0 0.57421875 0.61640625 0.0328125 0.05078125
0 0.59453125 0.50390625 0.02421875 0.03203125
0 0.61171875 0.41171875 0.0109375 0.02421875
0 0.5859375 0.35859375 0.0140625 0.0234375
0 0.5734375 0.3515625 0.01484375 0.01875
0 0.57734375 0.33828125 0.01171875 0.01328125
0 0.58203125 0.32890625 0.0125 0.021875
