0 0.87109375 0.8765625 0.2203125 0.13828125
0 0.396875 0.65 0.0375 0.05234375
0 0.44921875 0.6484375 0.03359375 0.0484375
2 0.4109375 0.609375 0.05 0.08828125
0 0.4578125 0.62421875 0.02421875 0.0484375
0 0.54453125 0.63125 0.04609375 0.04296875
0 0.43984375 0.60625 0.00625 0.0390625
0 0.4640625 0.6046875 0.01875 0.03515625
0 0.5296875 0.596875 0.0265625 0.028125
0 0.490625 0.5953125 0.01796875 0.03125
2 0.503125 0.559375 0.0171875 0.03046875
0 0.471875 0.55703125 0.009375 0.0125
2 0.46953125 0.5484375 0.01171875 0.025
2 0.478125 0.54140625 0.00546875 0.009375
