0 0.44140625 0.534375 0.08515625 0.0734375
0 0.66171875 0.6765625 0.15078125 0.16328125
0 0.52421875 0.4671875 0.05859375 0.06171875
0 0.55859375 0.42109375 0.0609375 0.05390625
0 0.15859375 0.79140625 0.1921875 0.19375
0 0.62578125 0.415625 0.05625 0.04609375
0 0.596875 0.3453125 0.03125 0.021875
0 0.6140625 0.36796875 0.0390625 0.0265625
0 0.6328125 0.409375 0.05546875 0.046875
0 0.68515625 0.34140625 0.0296875 0.02109375
0 0.68984375 0.34140625 0.03046875 0.02265625
0 0.628125 0.35078125 0.034375 0.025
0 0.6109375 0.3609375 0.03828125 0.03125
0 0.521875 0.5921875 0.09296875 0.103125
