0 0.54296875 0.5703125 0.10234375 0.11328125
0 0.5796875 0.3984375 0.0515625 0.0484375
0 0.6453125 0.37734375 0.0375 0.03046875
0 0.64765625 0.37265625 0.0375 0.03203125
0 0.61328125 0.35859375 0.03671875 0.02578125
0 0.58515625 0.39375 0.04921875 0.04140625
0 0.66484375 0.73828125 0.15625 0.178125
0 0.390625 0.59453125 0.1140625 0.11171875
0 0.61328125 0.36328125 0.03671875 0.02734375
0 0.6734375 0.34296875 0.02578125 0.01796875
0 0.6390625 0.3484375 0.0328125 0.02109375
0 0.6765625 0.34453125 0.028125 0.01796875
0 0.58046875 0.40546875 0.0484375 0.046875
0 0.59296875 0.34609375 0.025 0.01953125
0 0.68046875 0.3515625 0.02734375 0.0203125
0 0.29453125 0.665625 0.125 0.128125
