0 0.49296875 0.49375 0.065625 0.06796875
0 0.65546875 0.7203125 0.16796875 0.16875
0 0.57890625 0.47421875 0.06328125 0.065625
0 0.49921875 0.48671875 0.0671875 0.06640625
0 0.61171875 0.42890625 0.05625 0.04921875
0 0.56796875 0.4078125 0.05078125 0.04765625
0 0.65078125 0.34609375 0.034375 0.0296875
0 0.59609375 0.38515625 0.03671875 0.0265625
0 0.57578125 0.3640625 0.03671875 0.0265625
0 0.5734375 0.35859375 0.034375 0.0234375
0 0.58046875 0.36875 0.034375 0.02421875
0 0.59140625 0.378125 0.03515625 0.02734375
