0 0.29921875 0.67265625 0.14296875 0.15234375
0 0.44140625 0.71171875 0.15078125 0.159375
0 0.66328125 0.5671875 0.10390625 0.09609375
0 0.52265625 0.5390625 0.0984375 0.096875
0 0.6671875 0.7359375 0.15390625 0.16328125
0 0.45859375 0.4515625 0.05078125 0.053125
0 0.62734375 0.3625 0.03515625 0.0296875
0 0.59140625 0.35390625 0.03125 0.02734375
0 0.6609375 0.34921875 0.04296875 0.03046875
0 0.63203125 0.365625 0.0359375 0.03046875
0 0.53046875 0.453125 0.0484375 0.0578125
0 0.6265625 0.36875 0.034375 0.03046875
0 0.63203125 0.36015625 0.0375 0.03046875
