0 0.2203125 0.7578125 0.153125 0.16640625
0 0.4296875 0.7640625 0.14453125 0.16875
0 0.2234375 0.6 0.096875 0.09296875
0 0.39296875 0.57265625 0.1078125 0.1078125
0 0.659375 0.728125 0.159375 0.18203125
0 0.59765625 0.384375 0.05 0.04375
0 0.57578125 0.35703125 0.0328125 0.02734375
0 0.59453125 0.3796875 0.0453125 0.040625
0 0.65234375 0.35859375 0.0359375 0.0265625
0 0.653125 0.36484375 0.0328125 0.02578125
0 0.615625 0.3625 0.0390625 0.03359375
0 0.62109375 0.36640625 0.03671875 0.03125
0 0.6015625 0.37734375 0.0546875 0.04140625
0 0.5953125 0.34375 0.028125 0.02109375
