0 0.5515625 0.871875 0.3046875 0.25390625
0 0.5734375 0.41953125 0.0625 0.08203125
3 0.57890625 0.5421875 0.03359375 0.11796875
3 0.4984375 0.384375 0.06171875 0.15625
0 0.415625 0.4140625 0.05078125 0.08359375
2 0.328125 0.359375 0.0765625 0.21328125
0 0.41796875 0.35234375 0.0546875 0.0625
0 0.4125 0.3140625 0.04140625 0.0359375
0 0.40625 0.2875 0.03828125 0.028125
0 0.40078125 0.2640625 0.0328125 0.028125
3 0.434375 0.15390625 0.03515625 0.07578125
0 0.19765625 0.3140625 0.075 0.0859375
0 0.5515625 0.36171875 0.05546875 0.0765625
0 0.465625 0.35859375 0.0171875 0.0890625
0 0.4734375 0.30625 0.04140625 0.034375
0 0.46484375 0.27265625 0.03671875 0.05390625
0 0.45546875 0.24765625 0.03203125 0.04140625
0 0.44453125 0.23203125 0.028125 0.05546875
0 0.44453125 0.20703125 0.0265625 0.028125
0 0.4359375 0.19140625 0.02578125 0.04140625
0 0.3984375 0.2015625 0.0328125 0.040625
2 0.334375 0.24296875 0.05703125 0.0640625
0 0.3484375 0.20078125 0.034375 0.0375
0 0.31875 0.1453125 0.025 0.04609375
0 0.35546875 0.1703125 0.03203125 0.0453125
0 0.3890625 0.1796875 0.0265625 0.03359375
0 0.3921875 0.15234375 0.025 0.03515625
0 0.35625 0.1015625 0.0171875 0.02421875
0 0.36328125 0.08359375 0.0125 0.01640625
0 0.384375 0.11328125 0.015625 0.025
0 0.38359375 0.096875 0.01484375 0.0171875
3 0.4109375 0.090625 0.02265625 0.03515625
0 0.4125 0.10703125 0.01796875 0.0171875
0 0.41484375 0.1171875 0.01484375 0.02890625
