0 0.43203125 0.77890625 0.14140625 0.1921875
0 0.2171875 0.77578125 0.14609375 0.19375
0 0.5859375 0.48203125 0.0671875 0.06640625
0 0.4984375 0.66875 0.115625 0.12578125
0 0.6609375 0.73046875 0.1421875 0.17265625
0 0.54296875 0.43515625 0.05546875 0.046875
0 0.53046875 0.5875 0.0921875 0.096875
0 0.54609375 0.3875 0.03828125 0.03359375
0 0.6625 0.3546875 0.028125 0.0203125
0 0.34453125 0.63984375 0.10625 0.14140625
0 0.596875 0.38984375 0.0359375 0.03671875
0 0.03046875 0.79296875 0.0609375 0.18984375
0 0.615625 0.37421875 0.03671875 0.02578125
0 0.48828125 0.40703125 0.03828125 0.028125
0 0.484375 0.41328125 0.03984375 0.0296875
0 0.596875 0.3453125 0.02421875 0.01953125
0 0.6328125 0.35390625 0.028125 0.02109375
0 0.584375 0.39140625 0.0546875 0.040625
0 0.08203125 0.72421875 0.1578125 0.16875
0 0.6109375 0.3765625 0.0390625 0.028125
0 0.6375 0.35234375 0.03046875 0.0203125
0 0.63359375 0.3578125 0.03046875 0.02109375
0 0.59375 0.38515625 0.0359375 0.03828125
0 0.403125 0.5515625 0.08125 0.14375
