0 0.21640625 0.7765625 0.14609375 0.1890625
0 0.4328125 0.7765625 0.13984375 0.1984375
0 0.48828125 0.66328125 0.1203125 0.12890625
0 0.2140625 0.621875 0.13515625 0.1171875
0 0.5765625 0.52109375 0.0765625 0.0703125
0 0.62109375 0.40859375 0.0421875 0.0375
0 0.57890625 0.39296875 0.040625 0.03125
0 0.66328125 0.73671875 0.14375 0.1765625
0 0.46796875 0.51484375 0.071875 0.06640625
0 0.65078125 0.36875 0.03125 0.02421875
0 0.353125 0.64140625 0.09765625 0.1328125
0 0.596875 0.34453125 0.02578125 0.01953125
0 0.03046875 0.78828125 0.0609375 0.19375
0 0.0796875 0.70390625 0.15859375 0.2015625
0 0.62578125 0.41328125 0.040625 0.0359375
0 0.3859375 0.5796875 0.11171875 0.0875
0 0.4890625 0.421875 0.03125 0.025
0 0.61640625 0.37578125 0.03515625 0.02421875
0 0.6234375 0.35390625 0.02578125 0.02109375
0 0.48984375 0.40859375 0.03125 0.02265625
0 0.65078125 0.3640625 0.03203125 0.025
0 0.48671875 0.41796875 0.03125 0.0234375
0 0.46875 0.4359375 0.03671875 0.02578125
0 0.484375 0.42890625 0.034375 0.0265625
0 0.46640625 0.40546875 0.025 0.01875
0 0.303125 0.6984375 0.1 0.12734375
