0 0.2171875 0.775 0.146875 0.19375
0 0.43359375 0.7796875 0.1390625 0.19296875
0 0.590625 0.48515625 0.06640625 0.065625
0 0.446875 0.5390625 0.0921875 0.08046875
0 0.48046875 0.50625 0.06953125 0.06171875
0 0.66171875 0.74140625 0.1390625 0.16953125
0 0.5984375 0.378125 0.040625 0.03125
0 0.63515625 0.4 0.04375 0.0390625
0 0.59765625 0.34453125 0.02734375 0.02109375
0 0.5125 0.475 0.06328125 0.05078125
0 0.5953125 0.371875 0.03984375 0.0328125
0 0.6515625 0.34453125 0.02578125 0.021875
0 0.08046875 0.70546875 0.16015625 0.20078125
0 0.0296875 0.78828125 0.059375 0.1953125
0 0.4796875 0.66875 0.13125 0.12265625
0 0.53984375 0.584375 0.07265625 0.09921875
0 0.54921875 0.43671875 0.034375 0.0328125
0 0.63203125 0.40703125 0.04296875 0.0375
0 0.465625 0.43828125 0.03359375 0.028125
0 0.4921875 0.4078125 0.02734375 0.01953125
0 0.3859375 0.58125 0.125 0.103125
0 0.62890625 0.396875 0.04765625 0.03671875
0 0.28671875 0.6875 0.13359375 0.16328125
0 0.4875 0.41796875 0.02890625 0.02109375
0 0.215625 0.62578125 0.12890625 0.1203125
0 0.46640625 0.40625 0.025 0.01953125
0 0.46640625 0.4140625 0.025 0.01796875
0 0.4890625 0.41484375 0.028125 0.02109375
0 0.6640625 0.6078125 0.10390625 0.1171875
0 0.6875 0.55625 0.07578125 0.1203125
