0 0.17578125 0.64140625 0.14140625 0.11328125
0 0.2296875 0.7515625 0.1515625 0.18671875
0 0.29375 0.94609375 0.2140625 0.1078125
0 0.58125 0.49609375 0.0765625 0.06328125
0 0.05 0.93515625 0.1 0.1296875
0 0.43828125 0.5375 0.09140625 0.07734375
0 0.47109375 0.50546875 0.071875 0.06796875
0 0.38515625 0.81484375 0.17421875 0.2171875
0 0.5296875 0.603125 0.08515625 0.103125
0 0.621875 0.8046875 0.13515625 0.15546875
0 0.47265625 0.72890625 0.1203125 0.171875
0 0.478125 0.49765625 0.0765625 0.07421875
0 0.5625 0.5625 0.08046875 0.0890625
0 0.625 0.35625 0.028125 0.02265625
0 0.54140625 0.4515625 0.05234375 0.0515625
0 0.59609375 0.44765625 0.07890625 0.06875
0 0.60234375 0.453125 0.07265625 0.05625
0 0.66171875 0.35390625 0.03125 0.02109375
0 0.59453125 0.34609375 0.02734375 0.02265625
0 0.62421875 0.36171875 0.028125 0.0234375
0 0.3109375 0.6515625 0.134375 0.159375
0 0.49140625 0.41015625 0.03359375 0.02578125
0 0.68203125 0.57265625 0.09609375 0.1125
0 0.6296875 0.3578125 0.0296875 0.021875
0 0.49296875 0.41953125 0.03515625 0.0296875
0 0.65234375 0.6640625 0.1203125 0.12890625
0 0.4890625 0.41640625 0.034375 0.0265625
0 0.65390625 0.34609375 0.02734375 0.01875
0 0.49453125 0.49453125 0.07890625 0.07265625
0 0.3890625 0.5984375 0.0796875 0.10859375
