0 0.36015625 0.6046875 0.115625 0.12109375
0 0.51015625 0.609375 0.08828125 0.1109375
0 0.11796875 0.8484375 0.215625 0.21328125
0 0.21640625 0.7140625 0.15546875 0.16875
0 0.359375 0.86796875 0.1578125 0.20390625
0 0.565625 0.55234375 0.07734375 0.0765625
0 0.45625 0.69296875 0.11796875 0.14453125
0 0.6015625 0.38125 0.03828125 0.034375
0 0.41953125 0.553125 0.11328125 0.09375
0 0.59765625 0.378125 0.0375 0.0328125
0 0.59296875 0.3453125 0.034375 0.0265625
0 0.6546875 0.36484375 0.03203125 0.021875
0 0.6515625 0.36015625 0.03671875 0.02578125
0 0.48984375 0.40703125 0.03125 0.02265625
0 0.63203125 0.353125 0.03203125 0.0234375
0 0.64765625 0.3578125 0.0390625 0.0265625
0 0.4875 0.41484375 0.03046875 0.02421875
0 0.4671875 0.41484375 0.02578125 0.0203125
0 0.64375 0.82265625 0.15625 0.3015625
0 0.4921875 0.5015625 0.0609375 0.08125
0 0.51796875 0.45859375 0.05390625 0.0640625
