0 0.3421875 0.6078125 0.1078125 0.10859375
0 0.584375 0.4578125 0.059375 0.05859375
0 0.4390625 0.52890625 0.0890625 0.0796875
0 0.41796875 0.56328125 0.08203125 0.08203125
0 0.39296875 0.759375 0.16484375 0.16484375
0 0.603125 0.37578125 0.03203125 0.02890625
0 0.596875 0.3453125 0.02109375 0.01875
0 0.35625 0.90703125 0.18984375 0.1796875
0 0.62109375 0.3578125 0.02578125 0.01953125
0 0.49140625 0.48046875 0.06484375 0.059375
0 0.48828125 0.41796875 0.03046875 0.02421875
0 0.490625 0.4078125 0.0296875 0.02578125
0 0.64609375 0.390625 0.03046875 0.03046875
0 0.46640625 0.4046875 0.02421875 0.0203125
0 0.59765625 0.3734375 0.03125 0.02890625
0 0.640625 0.3921875 0.03359375 0.03125
0 0.4671875 0.41171875 0.0265625 0.02265625
0 0.48515625 0.40859375 0.02890625 0.0234375
0 0.1734375 0.803125 0.15390625 0.184375
