0 0.3703125 0.603125 0.11875 0.12109375
0 0.37421875 0.8984375 0.19453125 0.203125
0 0.54375 0.44765625 0.053125 0.053125
0 0.125 0.765625 0.19609375 0.190625
0 0.59296875 0.390625 0.0421875 0.0359375
0 0.60078125 0.4734375 0.053125 0.0578125
0 0.61171875 0.36875 0.03203125 0.02421875
0 0.49296875 0.40546875 0.03203125 0.025
0 0.48984375 0.4140625 0.03046875 0.02421875
0 0.63046875 0.3515625 0.02578125 0.0203125
0 0.59609375 0.3453125 0.02265625 0.01796875
0 0.60546875 0.3609375 0.0328125 0.02734375
0 0.490625 0.42109375 0.034375 0.02265625
0 0.4671875 0.4046875 0.02890625 0.021875
0 0.634375 0.35234375 0.02890625 0.02265625
0 0.6046875 0.3421875 0.025 0.01875
0 0.61171875 0.36484375 0.03203125 0.025
0 0.48828125 0.42421875 0.0375 0.02578125
0 0.059375 0.91875 0.109375 0.1625
0 0.90234375 0.74765625 0.00078125 0.00078125
