0 0.32109375 0.79375 0.1484375 0.1859375
0 0.49921875 0.490625 0.06875 0.0671875
0 0.49296875 0.49765625 0.06796875 0.06796875
0 0.5765625 0.4046875 0.04296875 0.03984375
0 0.66171875 0.34140625 0.02890625 0.0234375
0 0.59375 0.3765625 0.03515625 0.02890625
0 0.578125 0.41171875 0.04296875 0.0421875
0 0.59453125 0.3453125 0.0265625 0.021875
0 0.4890625 0.40234375 0.0421875 0.03828125
0 0.61171875 0.3625 0.0328125 0.02734375
0 0.48671875 0.4078125 0.04140625 0.03828125
0 0.6234375 0.3390625 0.02265625 0.0203125
0 0.58984375 0.34453125 0.02734375 0.02265625
0 0.60703125 0.35859375 0.03203125 0.02734375
0 0.48828125 0.41640625 0.03984375 0.028125
