0 0.59140625 0.39296875 0.034375 0.03984375
0 0.6578125 0.3453125 0.028125 0.02109375
0 0.5953125 0.34453125 0.025 0.0203125
0 0.4921875 0.40625 0.0328125 0.02578125
0 0.59140625 0.4015625 0.03359375 0.03984375
0 0.62109375 0.35078125 0.0234375 0.021875
0 0.490625 0.41484375 0.03046875 0.02578125
0 0.61953125 0.34296875 0.028125 0.0203125
0 0.49140625 0.41953125 0.03125 0.0234375
0 0.490625 0.42578125 0.034375 0.0265625
0 0.65546875 0.3484375 0.028125 0.02265625
0 0.65 0.35 0.0265625 0.021875
0 0.46640625 0.4046875 0.025 0.0203125
0 0.61875 0.3359375 0.02734375 0.0203125
0 0.58984375 0.34453125 0.025 0.02109375
0 0.6046875 0.34453125 0.028125 0.02109375
