0 0.4515625 0.521875 0.07578125 0.08125
0 0.5515625 0.43515625 0.05625 0.05703125
0 0.46328125 0.45703125 0.05078125 0.05078125
0 0.634375 0.40078125 0.04296875 0.0421875
0 0.59140625 0.38984375 0.0390625 0.04765625
0 0.59765625 0.375 0.03828125 0.03515625
0 0.59375 0.37890625 0.0421875 0.0375
0 0.59453125 0.34375 0.02734375 0.02109375
0 0.590625 0.3984375 0.03984375 0.0453125
0 0.6234375 0.3625 0.0375 0.02890625
0 0.6203125 0.3578125 0.03671875 0.028125
0 0.67578125 0.3390625 0.02265625 0.021875
0 0.63046875 0.3578125 0.0390625 0.03046875
