0 0.06640625 0.71875 0.12578125 0.1421875
0 0.38671875 0.57734375 0.0984375 0.09375
0 0.1875 0.77734375 0.15859375 0.184375
0 0.2953125 0.67734375 0.15234375 0.15
0 0.425 0.76015625 0.1328125 0.1671875
0 0.47421875 0.50234375 0.06796875 0.06484375
0 0.5515625 0.42578125 0.06328125 0.059375
0 0.6015625 0.3890625 0.028125 0.028125
0 0.471875 0.67578125 0.12734375 0.1484375
0 0.59765625 0.34453125 0.0234375 0.01953125
0 0.60234375 0.36640625 0.02890625 0.021875
0 0.596875 0.38515625 0.03203125 0.02890625
0 0.63125 0.35234375 0.025 0.0203125
0 0.6 0.359375 0.0265625 0.021875
0 0.63671875 0.353125 0.02578125 0.02109375
0 0.01015625 0.78125 0.0203125 0.18125
0 0.515625 0.46796875 0.0515625 0.06640625
0 0.1765625 0.65078125 0.1046875 0.11953125
