0 0.18046875 0.77578125 0.1828125 0.17890625
0 0.32265625 0.915625 0.2 0.1625
0 0.29765625 0.66640625 0.11953125 0.1109375
0 0.5671875 0.440625 0.0578125 0.06484375
0 0.3390625 0.61796875 0.128125 0.09765625
0 0.59296875 0.34453125 0.02578125 0.02265625
0 0.4265625 0.53828125 0.08203125 0.07265625
0 0.62109375 0.35625 0.02890625 0.02421875
0 0.58828125 0.34453125 0.02734375 0.02265625
0 0.4203125 0.7328125 0.15546875 0.15546875
0 0.62109375 0.3625 0.02890625 0.02421875
0 0.6171875 0.3421875 0.0265625 0.02109375
0 0.459375 0.4171875 0.03046875 0.03984375
0 0.4203125 0.546875 0.09765625 0.0890625
0 0.6140625 0.33828125 0.0265625 0.02265625
