0 0.6625 0.55078125 0.10546875 0.11171875
0 0.17890625 0.78671875 0.171875 0.19453125
0 0.6078125 0.44765625 0.0671875 0.05078125
0 0.5234375 0.6328125 0.0984375 0.13046875
0 0.23984375 0.6890625 0.16484375 0.1765625
0 0.63515625 0.75078125 0.14140625 0.178125
0 0.63046875 0.403125 0.04609375 0.03828125
0 0.41328125 0.5515625 0.11953125 0.11640625
0 0.44453125 0.73828125 0.12734375 0.16953125
0 0.5828125 0.390625 0.0484375 0.03828125
0 0.334375 0.64609375 0.13046875 0.14921875
0 0.6359375 0.40546875 0.0421875 0.03828125
0 0.61328125 0.3734375 0.03203125 0.02734375
0 0.38125 0.6 0.115625 0.0984375
