0 0.30859375 0.6515625 0.13046875 0.15078125
0 0.3640625 0.6109375 0.12265625 0.1109375
0 0.53359375 0.4640625 0.0578125 0.0578125
0 0.56015625 0.4234375 0.053125 0.04765625
0 0.46171875 0.5125 0.0875 0.08203125
0 0.50546875 0.64921875 0.115625 0.1375
0 0.4203125 0.80078125 0.165625 0.2046875
0 0.421875 0.5640625 0.096875 0.09375
0 0.61484375 0.4140625 0.0421875 0.04296875
0 0.61328125 0.42109375 0.040625 0.0453125
0 0.671875 0.76171875 0.16484375 0.17578125
0 0.61484375 0.36875 0.03203125 0.02421875
0 0.659375 0.365625 0.02734375 0.0203125
0 0.15 0.7734375 0.23359375 0.26953125
0 0.6125 0.36484375 0.03359375 0.025
0 0.65859375 0.36171875 0.0296875 0.0203125
