0 0.3421875 0.625 0.13984375 0.13203125
0 0.50234375 0.653125 0.1296875 0.15546875
0 0.67578125 0.76484375 0.1578125 0.17890625
0 0.30390625 0.68671875 0.13203125 0.1703125
0 0.584375 0.38984375 0.04140625 0.03515625
0 0.4671875 0.51796875 0.08984375 0.0953125
0 0.42421875 0.78671875 0.165625 0.21171875
0 0.56640625 0.5609375 0.08828125 0.0921875
0 0.42421875 0.5609375 0.0953125 0.08203125
0 0.6625 0.353125 0.03125 0.0234375
0 0.49609375 0.48515625 0.0890625 0.08515625
0 0.1515625 0.778125 0.2328125 0.2671875
0 0.62578125 0.35390625 0.0328125 0.02421875
0 0.6296875 0.39140625 0.03359375 0.03203125
