0 0.49921875 0.65625 0.13203125 0.14453125
0 0.34296875 0.6375 0.115625 0.10859375
0 0.421875 0.79453125 0.16171875 0.20078125
0 0.575 0.409375 0.04921875 0.0453125
0 0.31015625 0.6921875 0.09921875 0.159375
0 0.63515625 0.42109375 0.04921875 0.05
0 0.3921875 0.5 0.065625 0.05546875
0 0.6703125 0.7625 0.16484375 0.178125
0 0.39921875 0.4921875 0.06796875 0.05625
0 0.54453125 0.38828125 0.03515625 0.0265625
0 0.18125 0.73671875 0.1828125 0.33359375
0 0.05703125 0.73671875 0.1140625 0.19375
0 0.55859375 0.56953125 0.0796875 0.12578125
0 0.51015625 0.4625 0.06640625 0.1078125
0 0.59921875 0.5171875 0.08046875 0.1015625
