0 0.6046875 0.49296875 0.0796875 0.0640625
0 0.33671875 0.63515625 0.1109375 0.11484375
0 0.49140625 0.675 0.12578125 0.153125
0 0.6625 0.86875 0.1609375 0.1890625
0 0.53828125 0.4 0.040625 0.0359375
0 0.26875 0.721875 0.10859375 0.1765625
0 0.45859375 0.53046875 0.11171875 0.10234375
0 0.3546875 0.89609375 0.16171875 0.19296875
0 0.59453125 0.3453125 0.02734375 0.02421875
0 0.61640625 0.36171875 0.0328125 0.025
0 0.61796875 0.365625 0.03046875 0.02421875
0 0.5890625 0.3453125 0.028125 0.0234375
0 0.45859375 0.51484375 0.10625 0.06953125
0 0.12890625 0.7796875 0.2046875 0.37578125
0 0.0296875 0.7640625 0.059375 0.14375
0 0.41953125 0.77734375 0.125 0.20078125
0 0.57265625 0.58984375 0.0765625 0.11796875
0 0.4609375 0.51953125 0.00234375 0.00078125
