0 0.44453125 0.684375 0.14296875 0.1171875
0 0.54921875 0.60390625 0.10390625 0.08984375
0 0.33515625 0.6296875 0.1359375 0.13046875
0 0.23359375 0.69375 0.15078125 0.14609375
0 0.49765625 0.4859375 0.1046875 0.075
0 0.46015625 0.5234375 0.109375 0.0953125
0 0.53984375 0.4234375 0.06328125 0.05546875
0 0.575 0.55859375 0.0859375 0.090625
0 0.38671875 0.85546875 0.17265625 0.24375
0 0.60625 0.38828125 0.0359375 0.0328125
0 0.11328125 0.84921875 0.221875 0.22578125
0 0.6015625 0.38671875 0.03515625 0.03671875
0 0.59140625 0.346875 0.0296875 0.02421875
0 0.4734375 0.45 0.071875 0.05703125
