0 0.596875 0.428125 0.0515625 0.0484375
0 0.41484375 0.8015625 0.1625 0.18984375
0 0.5859375 0.38671875 0.03671875 0.03203125
0 0.52421875 0.4515625 0.06015625 0.05390625
0 0.5140625 0.63046875 0.09453125 0.11015625
0 0.19609375 0.73828125 0.203125 0.19921875
0 0.3359375 0.64140625 0.15625 0.1390625
0 0.425 0.54921875 0.1046875 0.09296875
0 0.59453125 0.346875 0.02890625 0.025
0 0.475 0.51328125 0.0828125 0.06953125
0 0.29765625 0.703125 0.1234375 0.16015625
0 0.5890625 0.34765625 0.02890625 0.02578125
0 0.6828125 0.5859375 0.125 0.19453125
