2 0.0671875 0.68671875 0.13359375 0.4234375
0 0.26640625 0.68984375 0.13125 0.21015625
0 0.146875 0.66328125 0.0953125 0.13828125
0 0.2140625 0.59921875 0.08359375 0.13359375
0 0.440625 0.7625 0.12578125 0.18515625
0 0.65703125 0.7484375 0.1203125 0.19375
0 0.4796875 0.61875 0.1078125 0.1609375
0 0.434375 0.525 0.08125 0.1171875
0 0.553125 0.53046875 0.06875 0.10625
0 0.659375 0.621875 0.0921875 0.1515625
0 0.67109375 0.52421875 0.07109375 0.10078125
0 0.478125 0.49609375 0.04375 0.059375
0 0.4578125 0.40625 0.0375 0.05390625
0 0.50859375 0.40546875 0.034375 0.0515625
0 0.59296875 0.4828125 0.0546875 0.0671875
0 0.6015625 0.446875 0.04140625 0.0609375
0 0.653125 0.37578125 0.0296875 0.04140625
0 0.59296875 0.38359375 0.02578125 0.0390625
0 0.55078125 0.42734375 0.03671875 0.05546875
0 0.56875 0.4140625 0.0296875 0.0390625
0 0.528125 0.37734375 0.021875 0.0296875
2 0.571875 0.353125 0.046875 0.06640625
