0 0.4734375 0.68984375 0.13984375 0.16015625
0 0.24921875 0.671875 0.1546875 0.1578125
0 0.30390625 0.54140625 0.08203125 0.07734375
0 0.58828125 0.3875 0.040625 0.0484375
0 0.5890625 0.34453125 0.0359375 0.028125
0 0.4765625 0.4 0.04453125 0.0484375
0 0.6609375 0.34453125 0.0265625 0.02265625
0 0.62265625 0.35859375 0.03125 0.02734375
0 0.47734375 0.41015625 0.04296875 0.0515625
0 0.62265625 0.36328125 0.03125 0.02890625
0 0.628125 0.35703125 0.03203125 0.02578125
0 0.33046875 0.63046875 0.1109375 0.1234375
