0 0.39765625 0.5734375 0.1 0.1
0 0.4546875 0.5046875 0.07890625 0.07109375
0 0.559375 0.43125 0.0546875 0.05390625
0 0.51015625 0.61171875 0.09375 0.09140625
0 0.4328125 0.7484375 0.153125 0.1578125
0 0.26640625 0.68515625 0.14453125 0.1703125
0 0.178125 0.7359375 0.18671875 0.21015625
0 0.64765625 0.3765625 0.03125 0.028125
0 0.59296875 0.34375 0.025 0.01953125
0 0.64609375 0.34453125 0.025 0.02109375
0 0.03359375 0.79140625 0.06640625 0.18984375
0 0.621875 0.35234375 0.0234375 0.02109375
0 0.58828125 0.34453125 0.0234375 0.01875
