0 0.35078125 0.6046875 0.1296875 0.1359375
0 0.61875 0.43046875 0.04921875 0.04609375
0 0.43515625 0.77890625 0.15078125 0.1984375
0 0.55625 0.54765625 0.0859375 0.08125
0 0.496875 0.471875 0.07109375 0.08125
0 0.59296875 0.34609375 0.02421875 0.02109375
0 0.61328125 0.36171875 0.028125 0.025
0 0.61640625 0.36640625 0.02890625 0.0234375
0 0.6390625 0.3546875 0.03203125 0.025
0 0.26484375 0.68671875 0.13203125 0.1671875
0 0.15859375 0.74921875 0.18359375 0.2140625
0 0.63203125 0.3515625 0.03203125 0.02734375
0 0.471875 0.64609375 0.125 0.18125
