0 0.1140625 0.78046875 0.22109375 0.21328125
0 0.35 0.615625 0.115625 0.1265625
0 0.234375 0.7140625 0.15078125 0.1734375
0 0.51953125 0.45546875 0.06953125 0.0640625
0 0.6265625 0.4203125 0.04140625 0.040625
0 0.63203125 0.4234375 0.04140625 0.04375
0 0.66015625 0.3671875 0.03046875 0.02421875
0 0.5578125 0.54296875 0.0734375 0.08203125
0 0.2734375 0.55 0.09609375 0.1078125
0 0.390625 0.82734375 0.16875 0.21796875
0 0.6171875 0.36796875 0.0296875 0.0265625
0 0.65859375 0.36328125 0.03359375 0.025
0 0.596875 0.34453125 0.025 0.01953125
0 0.4515625 0.525 0.0953125 0.09296875
0 0.45625 0.6671875 0.1328125 0.14296875
0 0.5265625 0.62109375 0.1109375 0.1671875
