0 0.71328125 0.34921875 0.04296875 0.04921875
0 0.490625 0.36953125 0.0578125 0.05859375
0 0.0109375 0.43359375 0.021875 0.06171875
1 0.5125 0.45390625 0.034375 0.0765625
0 0.54921875 0.37421875 0.05546875 0.06015625
0 0.60546875 0.365625 0.05703125 0.07109375
3 0.675 0.925 0.38359375 0.14921875
3 0.64140625 0.30234375 0.06328125 0.11796875
3 0.59375 0.30859375 0.053125 0.08046875
0 0.5375 0.3296875 0.05 0.06328125
0 0.6890625 0.2953125 0.0328125 0.05546875
0 0.690625 0.259375 0.02421875 0.03125
0 0.71484375 0.28203125 0.0265625 0.04140625
