0 0.9234375 0.65703125 0.14609375 0.11875
0 0.7 0.40859375 0.05390625 0.07578125
0 0.48359375 0.3765625 0.05546875 0.065625
0 0.53671875 0.37421875 0.05703125 0.0609375
0 0.5984375 0.3796875 0.059375 0.06484375
0 0.65859375 0.328125 0.03671875 0.0546875
0 0.57265625 0.3140625 0.04921875 0.05
3 0.69375 0.28359375 0.0578125 0.08515625
0 0.53046875 0.3296875 0.06015625 0.07265625
0 0.63203125 0.309375 0.03515625 0.0578125
0 0.60625 0.29375 0.0328125 0.053125
0 0.6375 0.2734375 0.03046875 0.03828125
0 0.6578125 0.2859375 0.02265625 0.04140625
0 0.7359375 0.26953125 0.02421875 0.03515625
2 0.71875 0.21875 0.0453125 0.05078125
