0 0.3390625 0.9015625 0.178125 0.196875
0 0.2703125 0.71640625 0.1375 0.16796875
0 0.3484375 0.62421875 0.11796875 0.1265625
0 0.52890625 0.45546875 0.0390625 0.05703125
0 0.4140625 0.5546875 0.0828125 0.07734375
0 0.09609375 0.8625 0.178125 0.23984375
0 0.53125 0.57734375 0.08125 0.09921875
0 0.60859375 0.440625 0.04140625 0.0546875
3 0.48046875 0.47734375 0.065625 0.17421875
0 0.609375 0.38984375 0.034375 0.03359375
0 0.44296875 0.69375 0.12890625 0.14609375
2 0.57109375 0.3453125 0.04375 0.059375
