0 0.26796875 0.70078125 0.1609375 0.15078125
0 0.5921875 0.46015625 0.0640625 0.06484375
0 0.63515625 0.40078125 0.04609375 0.03984375
0 0.54765625 0.64140625 0.09921875 0.12890625
0 0.59296875 0.37578125 0.03671875 0.03203125
0 0.61015625 0.34765625 0.03671875 0.02734375
0 0.59453125 0.38046875 0.03515625 0.0296875
0 0.57578125 0.35546875 0.03125 0.0234375
0 0.4234375 0.75703125 0.12265625 0.18125
0 0.4765625 0.6671875 0.10078125 0.16171875
0 0.634375 0.740625 0.1265625 0.2234375
0 0.38828125 0.60625 0.1015625 0.1375
