0 0.5390625 0.53984375 0.10625 0.09140625
0 0.215625 0.96484375 0.21640625 0.06953125
0 0.36640625 0.821875 0.171875 0.1953125
0 0.184375 0.77265625 0.18125 0.1890625
0 0.6171875 0.43671875 0.05390625 0.04453125
0 0.5828125 0.484375 0.0625 0.05390625
0 0.5625 0.4328125 0.0421875 0.03671875
0 0.46953125 0.6796875 0.14765625 0.17890625
0 0.6046875 0.371875 0.0328125 0.02734375
0 0.64296875 0.38125 0.03125 0.02890625
0 0.6453125 0.375 0.03125 0.03203125
0 0.6609375 0.353125 0.03359375 0.02421875
0 0.6 0.3703125 0.03359375 0.03125
0 0.25546875 0.68125 0.09921875 0.17265625
0 0.33984375 0.65078125 0.1140625 0.15234375
0 0.39140625 0.60703125 0.0953125 0.14375
0 0.42890625 0.54453125 0.07421875 0.125
