0 0.46171875 0.5015625 0.08046875 0.0875
0 0.54375 0.54140625 0.07890625 0.08046875
0 0.21171875 0.7609375 0.178125 0.17890625
0 0.67578125 0.63125 0.11484375 0.12421875
0 0.56796875 0.4078125 0.0421875 0.0421875
0 0.55 0.371875 0.03828125 0.0296875
0 0.65234375 0.37109375 0.03515625 0.0265625
0 0.64296875 0.7703125 0.16484375 0.17421875
0 0.5453125 0.43046875 0.053125 0.04921875
0 0.60859375 0.4265625 0.03671875 0.05078125
0 0.6453125 0.43125 0.028125 0.04140625
0 0.6078125 0.378125 0.04375 0.03828125
