0 0.284375 0.67421875 0.14453125 0.153125
0 0.53359375 0.571875 0.10078125 0.1015625
0 0.44453125 0.53828125 0.09453125 0.09140625
0 0.6515625 0.78359375 0.12890625 0.13671875
0 0.678125 0.64296875 0.13046875 0.14453125
0 0.5171875 0.45625 0.0828125 0.071875
0 0.61640625 0.44453125 0.05859375 0.0484375
0 0.41953125 0.76640625 0.17421875 0.1984375
0 0.62890625 0.4078125 0.04296875 0.0390625
0 0.5890625 0.37890625 0.040625 0.03359375
0 0.56484375 0.40703125 0.04609375 0.040625
0 0.61328125 0.3671875 0.034375 0.02578125
0 0.6140625 0.36171875 0.03515625 0.0265625
0 0.6546875 0.3546875 0.04609375 0.02578125
0 0.63359375 0.4109375 0.04296875 0.04140625
