0 0.48828125 0.64140625 0.11953125 0.1265625
0 0.64921875 0.7890625 0.13125 0.1265625
0 0.46796875 0.50078125 0.0828125 0.08125
0 0.34921875 0.5375 0.0953125 0.08125
0 0.5140625 0.4484375 0.05859375 0.06171875
0 0.665625 0.640625 0.14140625 0.153125
0 0.18125 0.78125 0.20078125 0.1984375
0 0.3546875 0.62265625 0.1109375 0.08984375
0 0.57421875 0.396875 0.0484375 0.04296875
0 0.33203125 0.8953125 0.19140625 0.2015625
0 0.621875 0.359375 0.03125 0.02578125
0 0.6375 0.35859375 0.04140625 0.028125
0 0.6234375 0.3640625 0.03203125 0.02421875
0 0.59140625 0.3671875 0.0296875 0.0296875
0 0.6390625 0.3640625 0.0390625 0.02890625
0 0.58828125 0.36328125 0.03046875 0.0296875
0 0.628125 0.359375 0.04140625 0.0265625
