0 0.5359375 0.53671875 0.090625 0.10078125
0 0.36796875 0.803125 0.1765625 0.16953125
0 0.62265625 0.4015625 0.0390625 0.04296875
0 0.14921875 0.75625 0.20234375 0.2
0 0.59453125 0.38203125 0.03828125 0.03203125
0 0.5921875 0.3765625 0.0375 0.03359375
0 0.6390625 0.7890625 0.14765625 0.14140625
0 0.6234375 0.35703125 0.02734375 0.02421875
0 0.62109375 0.41015625 0.03828125 0.04375
0 0.62890625 0.4078125 0.0375 0.0421875
0 0.67265625 0.3484375 0.02734375 0.02265625
0 0.625 0.36328125 0.0296875 0.0234375
0 0.6296875 0.35859375 0.0296875 0.0234375
0 0.6765625 0.65625 0.12109375 0.18671875
