0 0.65078125 0.790625 0.128125 0.13046875
0 0.41171875 0.5390625 0.09375 0.0890625
0 0.509375 0.5875 0.1125 0.1171875
0 0.35546875 0.825 0.175 0.16015625
0 0.5890625 0.453125 0.059375 0.05625
0 0.63828125 0.37890625 0.034375 0.03203125
0 0.5890625 0.384375 0.04296875 0.0421875
0 0.6421875 0.37421875 0.03359375 0.0328125
0 0.14609375 0.75625 0.2109375 0.22421875
0 0.65078125 0.346875 0.028125 0.02265625
0 0.61484375 0.35078125 0.02578125 0.02265625
0 0.66875 0.646875 0.1484375 0.153125
0 0.425 0.70390625 0.1078125 0.17578125
