0 0.27421875 0.67578125 0.14296875 0.15234375
0 0.65390625 0.7890625 0.121875 0.12890625
0 0.54765625 0.571875 0.09296875 0.10625
0 0.44140625 0.5421875 0.08984375 0.07578125
0 0.35703125 0.81328125 0.1765625 0.1859375
0 0.603125 0.44375 0.0671875 0.0640625
0 0.14296875 0.7625 0.2234375 0.20546875
0 0.521875 0.459375 0.0609375 0.0625
0 0.6375 0.359375 0.03125 0.02734375
0 0.46953125 0.65859375 0.13046875 0.15234375
0 0.634375 0.36328125 0.03125 0.02734375
0 0.6625 0.3421875 0.02734375 0.02421875
0 0.43046875 0.7015625 0.115625 0.16640625
0 0.678125 0.67109375 0.1203125 0.2015625
