0 0.6546875 0.790625 0.12890625 0.13125
0 0.4078125 0.553125 0.08984375 0.096875
0 0.2359375 0.7078125 0.1578125 0.15859375
0 0.36484375 0.8125 0.16875 0.18125
0 0.61875 0.39453125 0.03984375 0.04453125
0 0.13671875 0.765625 0.2078125 0.19140625
0 0.509375 0.61640625 0.10390625 0.10859375
0 0.5390625 0.56171875 0.125 0.125
0 0.478125 0.66015625 0.115625 0.15546875
0 0.6421875 0.346875 0.0296875 0.0234375
0 0.309375 0.65625 0.12734375 0.13515625
0 0.67109375 0.646875 0.128125 0.14296875
0 0.01015625 0.75703125 0.0203125 0.115625
