0 0.575 0.478125 0.07734375 0.078125
0 0.37265625 0.80859375 0.15625 0.19140625
0 0.36875 0.590625 0.12265625 0.1078125
0 0.5296875 0.5796875 0.14453125 0.12265625
0 0.29296875 0.66171875 0.15859375 0.14375
0 0.6578125 0.7890625 0.1359375 0.140625
0 0.1328125 0.7578125 0.22890625 0.20078125
0 0.5046875 0.6171875 0.12421875 0.128125
0 0.66875 0.646875 0.121875 0.159375
0 0.64765625 0.353125 0.02734375 0.025
0 0.5125 0.59296875 0.125 0.1234375
0 0.60859375 0.36640625 0.021875 0.02734375
0 0.4296875 0.7078125 0.125 0.13203125
