0 0.36171875 0.58125 0.11796875 0.10390625
0 0.37109375 0.815625 0.153125 0.1921875
0 0.2984375 0.65625 0.14765625 0.1515625
0 0.65625 0.78671875 0.13359375 0.14140625
0 0.1359375 0.76015625 0.234375 0.21484375
0 0.55703125 0.37109375 0.04921875 0.04296875
0 0.67265625 0.6421875 0.128125 0.1515625
0 0.640625 0.371875 0.03828125 0.025
0 0.62265625 0.359375 0.03125 0.0265625
0 0.6265625 0.3640625 0.03671875 0.0265625
0 0.428125 0.6890625 0.09765625 0.1359375
0 0.4921875 0.65703125 0.10078125 0.1921875
0 0.521875 0.59296875 0.1 0.153125
0 0.5671875 0.528125 0.06875 0.11640625
