0 0.23515625 0.9265625 0.1734375 0.146875
0 0.47421875 0.65703125 0.153125 0.15625
0 0.19453125 0.74921875 0.175 0.18125
0 0.34296875 0.62421875 0.134375 0.13828125
0 0.27578125 0.678125 0.1578125 0.1578125
0 0.6328125 0.415625 0.04296875 0.0390625
0 0.35546875 0.775 0.16875 0.215625
0 0.60078125 0.3796875 0.040625 0.034375
0 0.6671875 0.6921875 0.15 0.171875
0 0.6375 0.4203125 0.0421875 0.040625
0 0.5234375 0.5875 0.11640625 0.1171875
0 0.596875 0.3765625 0.03984375 0.0359375
0 0.6421875 0.37734375 0.03828125 0.03046875
0 0.66875 0.34609375 0.0265625 0.01875
0 0.6109375 0.34296875 0.0265625 0.01953125
0 0.6515625 0.90078125 0.1625 0.1984375
0 0.453125 0.48515625 0.06171875 0.11875
