0 0.634375 0.671875 0.12890625 0.10625
0 0.16953125 0.77265625 0.18203125 0.18203125
0 0.6328125 0.8015625 0.11640625 0.1234375
0 0.546875 0.42890625 0.0515625 0.04296875
0 0.4203125 0.6921875 0.13203125 0.1515625
0 0.35703125 0.796875 0.19296875 0.2109375
0 0.23515625 0.68984375 0.15546875 0.1484375
0 0.6171875 0.4453125 0.04921875 0.04921875
0 0.5703125 0.39140625 0.0359375 0.03671875
0 0.6609375 0.3546875 0.028125 0.02109375
0 0.63046875 0.353125 0.0234375 0.02109375
0 0.54140625 0.4703125 0.0578125 0.0515625
0 0.63515625 0.35546875 0.02578125 0.025
