3 0.63515625 0.54765625 0.27578125 0.48203125
0 0.38125 0.3984375 0.1015625 0.11015625
0 0.52890625 0.2921875 0.05546875 0.05625
3 0.603125 0.24296875 0.07421875 0.15859375
0 0.56875 0.20078125 0.03359375 0.05859375
0 0.640625 0.1890625 0.03359375 0.0734375
0 0.653125 0.1234375 0.02734375 0.04609375
0 0.63984375 0.07109375 0.02109375 0.04609375
0 0.67109375 0.0859375 0.02734375 0.053125
0 0.809375 0.0953125 0.0203125 0.0296875
0 0.66015625 0.03359375 0.01875 0.02890625
0 0.6875 0.03671875 0.02421875 0.04453125
