3 0.80546875 0.13203125 0.08203125 0.0640625
0 0.91875 0.90859375 0.15 0.18125
0 0.7390625 0.5546875 0.14453125 0.190625
0 0.5296875 0.478125 0.0671875 0.13671875
0 0.525 0.325 0.05390625 0.109375
0 0.60625 0.30859375 0.06484375 0.1734375
1 0.60234375 0.1921875 0.0140625 0.06015625
0 0.6046875 0.1515625 0.03828125 0.04921875
0 0.64296875 0.1765625 0.03046875 0.06015625
0 0.659375 0.121875 0.03046875 0.05546875
0 0.640625 0.07421875 0.028125 0.04453125
0 0.67109375 0.08828125 0.02421875 0.040625
0 0.653125 0.04609375 0.01875 0.0359375
0 0.68125 0.05390625 0.01953125 0.03984375
