1 0.8296875 0.6703125 0.13828125 0.18359375
1 0.62265625 0.534375 0.03828125 0.1203125
0 0.4703125 0.48359375 0.06328125 0.13359375
0 0.13984375 0.45546875 0.10859375 0.09296875
0 0.4484375 0.33828125 0.06796875 0.09921875
0 0.61875 0.37421875 0.06171875 0.115625
3 0.565625 0.21484375 0.08828125 0.1515625
0 0.64296875 0.18984375 0.0390625 0.0796875
0 0.66328125 0.1265625 0.03515625 0.05
0 0.6203125 0.12734375 0.03046875 0.0546875
0 0.60234375 0.10703125 0.02421875 0.04921875
0 0.63671875 0.0796875 0.02265625 0.040625
0 0.61171875 0.05859375 0.01640625 0.04453125
0 0.68125 0.05625 0.0234375 0.04453125
0 0.646875 0.0515625 0.02109375 0.03515625
0 0.63203125 0.03203125 0.01953125 0.03203125
0 0.81015625 0.10390625 0.021875 0.04140625
0 0.6609375 0.034375 0.01953125 0.03515625
