0 0.6546875 0.7515625 0.12109375 0.2140625
0 0.94140625 0.77265625 0.115625 0.2140625
0 0.68125 0.46640625 0.08359375 0.1203125
0 0.81015625 0.10078125 0.02265625 0.040625
0 0.53828125 0.30625 0.05234375 0.0890625
0 0.63984375 0.17890625 0.03515625 0.0734375
0 0.60546875 0.15859375 0.028125 0.05
0 0.5578125 0.15703125 0.03828125 0.05625
1 0.590625 0.10078125 0.0140625 0.05546875
0 0.6296875 0.09921875 0.02578125 0.040625
0 0.6796875 0.06171875 0.0203125 0.05
0 0.66015625 0.01640625 0.01875 0.02890625
3 0.66015625 0.09921875 0.04296875 0.11171875
