0 0.8109375 0.0984375 0.02421875 0.03515625
1 0.81328125 0.11640625 0.0109375 0.025
1 0.5640625 0.26640625 0.0203125 0.0765625
0 0.634375 0.21796875 0.0421875 0.065625
0 0.58125 0.203125 0.04140625 0.06796875
0 0.60703125 0.14375 0.03671875 0.059375
0 0.6484375 0.16328125 0.0390625 0.0515625
1 0.6359375 0.12109375 0.0140625 0.05390625
1 0.63828125 0.08828125 0.01171875 0.03671875
0 0.6609375 0.12578125 0.02265625 0.03828125
3 0.64921875 0.0359375 0.02578125 0.0640625
0 0.678125 0.0546875 0.025 0.040625
0 0.66640625 0.10546875 0.02578125 0.03984375
