0 0.6 0.6546875 0.1140625 0.18671875
0 0.74765625 0.63828125 0.12265625 0.18046875
0 0.809375 0.0984375 0.01953125 0.03515625
0 0.61171875 0.428125 0.07421875 0.13046875
0 0.43359375 0.35078125 0.07578125 0.09609375
0 0.55 0.28046875 0.0484375 0.071875
0 0.6234375 0.178125 0.034375 0.06796875
0 0.61953125 0.125 0.0359375 0.05
0 0.665625 0.1046875 0.03046875 0.0484375
0 0.646875 0.05390625 0.02265625 0.04296875
0 0.67734375 0.06328125 0.02578125 0.0484375
1 0.63359375 0.04375 0.0078125 0.034375
1 0.66640625 0.03203125 0.00703125 0.03203125
0 0.61640625 0.2765625 0.0484375 0.10546875
