0 0.61875 0.74296875 0.13359375 0.28515625
0 0.76953125 0.634375 0.13515625 0.1765625
0 0.81328125 0.946875 0.1125 0.10390625
0 0.6296875 0.41640625 0.07109375 0.128125
0 0.39140625 0.38984375 0.09140625 0.09609375
0 0.5375 0.340625 0.0546875 0.0984375
0 0.53359375 0.20546875 0.04140625 0.0640625
3 0.5796875 0.20078125 0.0421875 0.065625
0 0.6296875 0.21875 0.0390625 0.07890625
0 0.66171875 0.1109375 0.02734375 0.0484375
0 0.63828125 0.0703125 0.02265625 0.0484375
0 0.6609375 0.0359375 0.01640625 0.04609375
0 0.67265625 0.075 0.02109375 0.04609375
1 0.6390625 0.025 0.0078125 0.03515625
0 0.80859375 0.0953125 0.02109375 0.03671875
0 0.6171875 0.1421875 0.04140625 0.08046875
0 0.02578125 0.5171875 0.0515625 0.103125
0 0.0203125 0.43125 0.040625 0.071875
