0 0.65 0.4828125 0.08984375 0.15625
0 0.54375 0.403125 0.05546875 0.1234375
0 0.44453125 0.3515625 0.07734375 0.090625
1 0.12265625 0.46015625 0.05546875 0.08359375
0 0.8109375 0.1015625 0.02421875 0.0390625
0 0.62421875 0.2421875 0.04140625 0.06796875
0 0.56640625 0.2375 0.04453125 0.0734375
0 0.540625 0.18046875 0.03984375 0.06015625
0 0.590625 0.17421875 0.0390625 0.05625
1 0.6109375 0.20546875 0.01484375 0.0515625
0 0.64765625 0.16875 0.03359375 0.05546875
0 0.57890625 0.12109375 0.03046875 0.0390625
1 0.57890625 0.08671875 0.009375 0.021875
0 0.6609375 0.1265625 0.02734375 0.03828125
0 0.66640625 0.0921875 0.02421875 0.034375
0 0.625 0.10390625 0.02890625 0.04375
0 0.64140625 0.07421875 0.02890625 0.04296875
0 0.68046875 0.0765625 0.021875 0.03828125
0 0.675 0.04921875 0.0171875 0.02578125
0 0.65546875 0.0390625 0.02109375 0.03125
