0 0.16875 0.46484375 0.121875 0.10390625
0 0.68359375 0.58671875 0.12734375 0.20859375
1 0.525 0.44453125 0.02734375 0.1140625
1 0.528125 0.325 0.01796875 0.08671875
0 0.46328125 0.32421875 0.0640625 0.0890625
0 0.5671875 0.24609375 0.0453125 0.07890625
0 0.60859375 0.36640625 0.046875 0.10859375
0 0.80859375 0.10546875 0.021875 0.0359375
1 0.8109375 0.1140625 0.0078125 0.02890625
1 0.5796875 0.15234375 0.0109375 0.05078125
0 0.6 0.16171875 0.02890625 0.05703125
0 0.6265625 0.20546875 0.03671875 0.06015625
0 0.6515625 0.146875 0.028125 0.05546875
0 0.62265625 0.109375 0.03125 0.04453125
0 0.64296875 0.06953125 0.02109375 0.03515625
0 0.67109375 0.0890625 0.021875 0.0390625
0 0.6546875 0.03828125 0.0203125 0.034375
0 0.6859375 0.03671875 0.02109375 0.04609375
0 0.63828125 0.02421875 0.01640625 0.0296875
0 0.76328125 0.08359375 0.02578125 0.04375
