0 0.93203125 0.82421875 0.13515625 0.23671875
0 0.6859375 0.72578125 0.1484375 0.21171875
1 0.48046875 0.94609375 0.10390625 0.10625
0 0.71796875 0.56875 0.11328125 0.1546875
0 0.6234375 0.42109375 0.06484375 0.121875
0 0.53515625 0.38203125 0.05390625 0.1046875
0 0.57578125 0.22109375 0.04296875 0.06796875
0 0.625 0.22265625 0.04140625 0.07890625
1 0.65078125 0.1546875 0.01328125 0.05
0 0.596875 0.171875 0.03515625 0.065625
0 0.6203125 0.13125 0.028125 0.05
0 0.66328125 0.10703125 0.028125 0.0484375
0 0.64296875 0.06875 0.0265625 0.059375
0 0.6796875 0.06171875 0.02109375 0.04140625
0 0.6578125 0.0421875 0.0203125 0.034375
0 0.809375 0.10078125 0.02109375 0.03671875
