1 0.65703125 0.4703125 0.025 0.10390625
0 0.546875 0.3609375 0.05078125 0.1046875
0 0.48515625 0.29140625 0.05546875 0.09296875
0 0.6078125 0.3171875 0.05078125 0.125
1 0.55703125 0.246875 0.0109375 0.06953125
0 0.5265625 0.21953125 0.03984375 0.06171875
0 0.6234375 0.2359375 0.04609375 0.0734375
0 0.55078125 0.15859375 0.03671875 0.04921875
0 0.64453125 0.17578125 0.03671875 0.059375
3 0.6015625 0.11953125 0.06015625 0.103125
0 0.66796875 0.10703125 0.03203125 0.05390625
0 0.64296875 0.07578125 0.02578125 0.04453125
0 0.61484375 0.0609375 0.02265625 0.03515625
0 0.64609375 0.05546875 0.01953125 0.0296875
0 0.675 0.0828125 0.025 0.04140625
0 0.6828125 0.0546875 0.02109375 0.0390625
0 0.63671875 0.0265625 0.01796875 0.03125
0 0.81328125 0.096875 0.03359375 0.04765625
