0 0.63515625 0.6359375 0.103125 0.17109375
0 0.9765625 0.76171875 0.04609375 0.15859375
3 0.63046875 0.40859375 0.08984375 0.16171875
0 0.525 0.38828125 0.0484375 0.11796875
1 0.54453125 0.29375 0.015625 0.07890625
0 0.51484375 0.25234375 0.04140625 0.06953125
0 0.6234375 0.22890625 0.04765625 0.1015625
0 0.59921875 0.159375 0.03359375 0.04453125
0 0.64921875 0.15546875 0.03828125 0.0640625
0 0.628125 0.10859375 0.03046875 0.04609375
0 0.60234375 0.0734375 0.02421875 0.0390625
0 0.63984375 0.078125 0.03125 0.05546875
0 0.67734375 0.0734375 0.02578125 0.05703125
0 0.6515625 0.0453125 0.01640625 0.03359375
0 0.8109375 0.10234375 0.02421875 0.034375
0 0.66484375 0.0171875 0.01484375 0.0265625
