0 0.828125 0.78203125 0.18125 0.26015625
3 0.68828125 0.43515625 0.15546875 0.271875
1 0.509375 0.40078125 0.01484375 0.09609375
0 0.54375 0.31015625 0.05078125 0.1
1 0.6 0.26953125 0.01640625 0.0765625
1 0.5515625 0.22421875 0.0140625 0.059375
1 0.540625 0.24453125 0.01484375 0.0265625
0 0.63359375 0.1953125 0.04765625 0.0796875
0 0.65546875 0.13828125 0.02734375 0.05703125
1 0.55859375 0.16328125 0.01328125 0.05625
1 0.6296875 0.04140625 0.00859375 0.0390625
1 0.65234375 0.04375 0.01015625 0.034375
0 0.64453125 0.0640625 0.02109375 0.03828125
0 0.67578125 0.08125 0.025 0.0359375
0 0.68515625 0.0390625 0.01953125 0.0359375
0 0.81015625 0.10078125 0.021875 0.034375
