0 0.76328125 0.92578125 0.15078125 0.14609375
0 0.63046875 0.63671875 0.0984375 0.1765625
0 0.659375 0.45859375 0.0890625 0.16171875
0 0.5265625 0.37109375 0.0453125 0.109375
0 0.59921875 0.33828125 0.04609375 0.09296875
0 0.62109375 0.23515625 0.04296875 0.07421875
0 0.55078125 0.27421875 0.04921875 0.07890625
0 0.55859375 0.17421875 0.0375 0.07109375
0 0.63984375 0.16953125 0.03515625 0.06953125
0 0.66484375 0.128125 0.02578125 0.0484375
0 0.63828125 0.0890625 0.02109375 0.04609375
0 0.8109375 0.1015625 0.0203125 0.0359375
0 0.6234375 0.046875 0.02265625 0.034375
0 0.65 0.0546875 0.02265625 0.03359375
0 0.6765625 0.0828125 0.02421875 0.03828125
0 0.6859375 0.0515625 0.02265625 0.04296875
0 0.66953125 0.015625 0.01640625 0.025
