0 0.659375 0.82109375 0.12734375 0.24140625
3 0.765625 0.615625 0.22109375 0.39453125
1 0.50859375 0.70703125 0.03203125 0.15859375
1 0.5640625 0.6671875 0.0296875 0.14921875
1 0.5671875 0.56640625 0.03203125 0.134375
0 0.6203125 0.39765625 0.06171875 0.10859375
0 0.5234375 0.40703125 0.06015625 0.11796875
0 0.540625 0.284375 0.04921875 0.08828125
0 0.5046875 0.240625 0.05078125 0.07578125
0 0.6125 0.25234375 0.05234375 0.08828125
0 0.5890625 0.19296875 0.0390625 0.06328125
0 0.64375 0.1484375 0.0328125 0.06171875
0 0.66640625 0.09765625 0.028125 0.0453125
0 0.63515625 0.08125 0.0265625 0.03984375
0 0.6484375 0.04453125 0.02578125 0.0359375
0 0.63984375 0.02109375 0.01875 0.03046875
0 0.6859375 0.04921875 0.02265625 0.03515625
0 0.8109375 0.1015625 0.025 0.03671875
