0 0.48046875 0.51796875 0.07890625 0.15625
0 0.65234375 0.5125 0.084375 0.16015625
0 0.709375 0.715625 0.14453125 0.21171875
0 0.9390625 0.7796875 0.11796875 0.20546875
0 0.55859375 0.25625 0.040625 0.08125
0 0.64453125 0.17734375 0.02890625 0.0546875
0 0.6 0.16953125 0.03125 0.06171875
0 0.575 0.1265625 0.03125 0.04296875
0 0.615625 0.11328125 0.0328125 0.059375
0 0.64609375 0.05859375 0.02734375 0.04375
1 0.78046875 0.09375 0.0140625 0.0484375
0 0.80859375 0.0984375 0.021875 0.0390625
1 0.8109375 0.1109375 0.00859375 0.03203125
0 0.6859375 0.053125 0.02109375 0.040625
0 0.6703125 0.02109375 0.01796875 0.0390625
0 0.640625 0.025 0.021875 0.03125
0 0.55 0.37734375 0.07265625 0.1375
