0 0.57109375 0.65390625 0.11484375 0.20859375
0 0.91328125 0.77890625 0.17265625 0.246875
0 0.7046875 0.55234375 0.11015625 0.16015625
0 0.58984375 0.3453125 0.05 0.13125
0 0.53984375 0.296875 0.053125 0.08046875
1 0.48828125 0.16640625 0.02265625 0.05546875
0 0.63046875 0.23359375 0.03828125 0.07421875
0 0.596875 0.17890625 0.04296875 0.08671875
0 0.65 0.1609375 0.03515625 0.059375
1 0.628125 0.134375 0.0171875 0.0515625
0 0.61953125 0.1203125 0.02265625 0.040625
0 0.61640625 0.0890625 0.0203125 0.03203125
0 0.6 0.06640625 0.025 0.06015625
0 0.6421875 0.07578125 0.01953125 0.03359375
0 0.67734375 0.07109375 0.02734375 0.04296875
0 0.6578125 0.03125 0.01796875 0.034375
0 0.634375 0.0484375 0.01796875 0.028125
0 0.8109375 0.1015625 0.02265625 0.03984375
