0 0.93046875 0.70234375 0.1375 0.23203125
0 0.8109375 0.09921875 0.02265625 0.03671875
0 0.57109375 0.209375 0.03359375 0.06953125
1 0.6 0.21328125 0.0140625 0.059375
0 0.63203125 0.19921875 0.03671875 0.06796875
0 0.6484375 0.15234375 0.03046875 0.046875
1 0.6296875 0.12109375 0.0109375 0.05
0 0.65859375 0.11640625 0.02421875 0.040625
0 0.61875 0.05859375 0.025 0.03984375
0 0.67578125 0.0734375 0.01953125 0.0390625
0 0.68046875 0.0359375 0.01796875 0.025
1 0.85625 0.93515625 0.09453125 0.1296875
