0 0.61953125 0.7640625 0.11640625 0.228125
0 0.59609375 0.3875 0.06171875 0.11171875
0 0.5359375 0.31640625 0.04453125 0.10859375
0 0.61796875 0.24140625 0.0453125 0.0765625
0 0.57109375 0.22578125 0.04140625 0.0734375
0 0.809375 0.09609375 0.0203125 0.03515625
0 0.75546875 0.028125 0.01875 0.0296875
0 0.60390625 0.1453125 0.02578125 0.0484375
0 0.6421875 0.165625 0.02734375 0.0609375
1 0.590625 0.11015625 0.01640625 0.05
0 0.62265625 0.10625 0.028125 0.0453125
0 0.63984375 0.059375 0.02578125 0.03828125
0 0.67109375 0.1 0.021875 0.0390625
0 0.68046875 0.06328125 0.02265625 0.03828125
3 0.6578125 0.0203125 0.02265625 0.03671875
