0 0.8109375 0.1015625 0.02265625 0.03203125
0 0.5703125 0.20859375 0.034375 0.0609375
0 0.634375 0.20078125 0.03828125 0.05859375
0 0.6015625 0.1640625 0.03515625 0.05
0 0.64140625 0.159375 0.02890625 0.03671875
0 0.615625 0.11640625 0.028125 0.040625
0 0.58828125 0.10390625 0.02734375 0.04296875
0 0.65625 0.13125 0.0203125 0.04609375
0 0.6328125 0.1015625 0.02265625 0.04609375
0 0.65078125 0.0359375 0.02109375 0.0359375
0 0.66953125 0.0953125 0.02421875 0.040625
0 0.67734375 0.06875 0.01953125 0.03671875
