0 0.74296875 0.8390625 0.1625 0.26328125
0 0.7859375 0.59375 0.13671875 0.165625
1 0.6609375 0.534375 0.0390625 0.1203125
0 0.55234375 0.4640625 0.0640625 0.13671875
1 0.51484375 0.378125 0.021875 0.0890625
0 0.54921875 0.2890625 0.04453125 0.0890625
0 0.6078125 0.27578125 0.046875 0.10390625
0 0.6328125 0.08671875 0.02890625 0.04296875
3 0.67421875 0.07109375 0.03125 0.078125
0 0.81015625 0.10078125 0.021875 0.03671875
1 0.8125 0.115625 0.01171875 0.03359375
3 0.65390625 0.02890625 0.04140625 0.05703125
