0 0.82890625 0.70625 0.1640625 0.23359375
0 0.59921875 0.553125 0.09921875 0.1484375
1 0.790625 0.5390625 0.04765625 0.1140625
1 0.59453125 0.4359375 0.02421875 0.08125
0 0.52421875 0.36953125 0.053125 0.115625
0 0.61171875 0.34140625 0.04765625 0.09609375
0 0.61875 0.2359375 0.04140625 0.059375
0 0.596875 0.165625 0.03828125 0.0546875
0 0.53515625 0.209375 0.03984375 0.06953125
0 0.653125 0.1265625 0.02734375 0.053125
0 0.6546875 0.0890625 0.0203125 0.02890625
0 0.65 0.04921875 0.02265625 0.03359375
0 0.68125 0.059375 0.02265625 0.04140625
0 0.8078125 0.10234375 0.021875 0.034375
1 0.815625 0.1109375 0.01171875 0.040625
0 0.63984375 0.0265625 0.01875 0.0296875
