0 0.63828125 0.74296875 0.153125 0.26328125
0 0.690625 0.49765625 0.0921875 0.146875
0 0.528125 0.4078125 0.06328125 0.1453125
0 0.60625 0.28671875 0.04609375 0.09296875
0 0.5359375 0.2890625 0.053125 0.0765625
0 0.6265625 0.20625 0.03984375 0.065625
0 0.59140625 0.1640625 0.04453125 0.06484375
0 0.62421875 0.10703125 0.028125 0.04921875
0 0.66171875 0.1234375 0.03125 0.05390625
0 0.67578125 0.078125 0.02421875 0.0359375
0 0.684375 0.034375 0.01640625 0.034375
0 0.8109375 0.09921875 0.0203125 0.03203125
1 0.81328125 0.11796875 0.01328125 0.03515625
