1 0.60859375 0.84296875 0.04765625 0.16953125
1 0.7390625 0.7484375 0.05078125 0.16953125
0 0.82421875 0.73828125 0.12890625 0.21171875
0 0.72734375 0.378125 0.04609375 0.0890625
0 0.6953125 0.53046875 0.13046875 0.178125
0 0.5234375 0.52578125 0.07265625 0.140625
0 0.60859375 0.384375 0.06015625 0.11796875
0 0.53984375 0.3109375 0.05078125 0.10859375
0 0.63359375 0.22421875 0.0359375 0.06015625
3 0.58125 0.14375 0.078125 0.171875
1 0.63125 0.14609375 0.01015625 0.0546875
1 0.64296875 0.09765625 0.01171875 0.046875
0 0.6671875 0.1015625 0.02734375 0.05
0 0.68359375 0.06015625 0.02109375 0.0484375
0 0.81015625 0.103125 0.021875 0.03984375
3 0.65078125 0.0375 0.03359375 0.06796875
0 0.9421875 0.9375 0.115625 0.125
