1 0.7296875 0.7640625 0.06171875 0.15703125
1 0.640625 0.60703125 0.04453125 0.1390625
0 0.6375 0.45390625 0.10234375 0.18515625
1 0.4859375 0.290625 0.01796875 0.07890625
0 0.5984375 0.28984375 0.04609375 0.090625
0 0.553125 0.25546875 0.0390625 0.0796875
1 0.5859375 0.190625 0.01875 0.05703125
0 0.63671875 0.19375 0.034375 0.05625
0 0.61328125 0.125 0.028125 0.05
1 0.6140625 0.08046875 0.01171875 0.04296875
0 0.6515625 0.13671875 0.03203125 0.06171875
0 0.65 0.05625 0.02109375 0.04453125
0 0.80859375 0.10390625 0.01953125 0.04140625
0 0.6484375 0.03359375 0.02109375 0.03125
