0 0.8953125 0.8890625 0.14453125 0.21953125
0 0.66484375 0.7484375 0.125 0.22421875
0 0.621875 0.43984375 0.06875 0.1203125
0 0.53125 0.38359375 0.05234375 0.10859375
1 0.47109375 0.36875 0.02265625 0.09296875
0 0.609375 0.26796875 0.04609375 0.08046875
0 0.5578125 0.24921875 0.053125 0.07890625
0 0.61171875 0.265625 0.04140625 0.08203125
0 0.8109375 0.10078125 0.02421875 0.03671875
0 0.59765625 0.165625 0.03359375 0.05390625
0 0.6375 0.18203125 0.034375 0.059375
0 0.6546875 0.13671875 0.028125 0.05390625
1 0.628125 0.13359375 0.01015625 0.04453125
0 0.62734375 0.10390625 0.03046875 0.04140625
0 0.64296875 0.065625 0.0234375 0.03828125
0 0.6765625 0.06953125 0.02265625 0.03515625
0 0.6546875 0.03515625 0.021875 0.03125
0 0.68671875 0.03515625 0.02265625 0.03671875
