0 0.74296875 0.928125 0.14140625 0.14296875
0 0.534375 0.48828125 0.06328125 0.14609375
0 0.62890625 0.5015625 0.07578125 0.14296875
0 0.525 0.315625 0.0640625 0.13671875
0 0.60625 0.26640625 0.05234375 0.096875
0 0.55 0.1859375 0.03828125 0.05546875
0 0.6390625 0.16875 0.03984375 0.06796875
0 0.59140625 0.103125 0.02421875 0.0484375
1 0.6125 0.08359375 0.0140625 0.04609375
0 0.66015625 0.125 0.02734375 0.05
0 0.63203125 0.0890625 0.021875 0.0390625
0 0.64921875 0.05234375 0.01796875 0.03046875
0 0.67421875 0.0890625 0.02109375 0.04296875
0 0.68359375 0.059375 0.0203125 0.04140625
1 0.63125 0.0359375 0.0078125 0.03203125
0 0.66015625 0.02890625 0.01953125 0.0296875
0 0.6640625 0.01328125 0.01640625 0.02109375
