0 0.9265625 0.8046875 0.14609375 0.240625
0 0.67890625 0.52578125 0.09765625 0.14921875
0 0.55859375 0.4125 0.05703125 0.115625
1 0.496875 0.3734375 0.02265625 0.09453125
0 0.6078125 0.28125 0.05078125 0.09609375
0 0.55078125 0.26875 0.04921875 0.08203125
0 0.50390625 0.2484375 0.04765625 0.065625
0 0.81171875 0.103125 0.02421875 0.0359375
0 0.63671875 0.1890625 0.040625 0.078125
1 0.6046875 0.1734375 0.01328125 0.065625
1 0.61953125 0.1578125 0.0140625 0.05859375
0 0.66484375 0.10625 0.02734375 0.04609375
0 0.63203125 0.08671875 0.02734375 0.03828125
0 0.67578125 0.07109375 0.02578125 0.04296875
1 0.65859375 0.04296875 0.009375 0.03828125
1 0.6609375 0.01875 0.00703125 0.02578125
0 0.68984375 0.040625 0.01875 0.03671875
