0 0.8390625 0.93828125 0.14921875 0.12109375
0 0.8609375 0.7265625 0.14921875 0.20625
0 0.725 0.740625 0.15078125 0.24296875
3 0.6125 0.53203125 0.1171875 0.28125
0 0.48359375 0.55859375 0.078125 0.1640625
0 0.640625 0.44609375 0.06015625 0.140625
0 0.47109375 0.38359375 0.0578125 0.115625
0 0.5515625 0.3453125 0.05234375 0.10390625
0 0.525 0.246875 0.04296875 0.06953125
3 0.5828125 0.165625 0.04296875 0.10390625
0 0.61015625 0.24296875 0.04453125 0.10078125
0 0.634375 0.20078125 0.034375 0.06953125
0 0.66171875 0.128125 0.03125 0.053125
0 0.61875 0.1203125 0.03203125 0.05546875
0 0.6421875 0.06640625 0.02734375 0.0484375
0 0.59609375 0.09375 0.03125 0.03359375
0 0.678125 0.0765625 0.02265625 0.04609375
0 0.62421875 0.040625 0.021875 0.03828125
0 0.653125 0.04609375 0.01953125 0.03515625
0 0.81015625 0.1015625 0.02109375 0.0390625
