3 0.5734375 0.55390625 0.13203125 0.30625
0 0.628125 0.40234375 0.0671875 0.12109375
0 0.48359375 0.35390625 0.05 0.0984375
0 0.5515625 0.271875 0.04609375 0.08046875
0 0.61171875 0.2796875 0.04609375 0.0890625
0 0.5015625 0.24921875 0.0421875 0.06796875
0 0.54296875 0.18359375 0.03515625 0.05703125
0 0.63046875 0.209375 0.03828125 0.06640625
1 0.628125 0.15234375 0.01328125 0.04140625
3 0.6015625 0.14296875 0.03671875 0.06484375
0 0.6546875 0.1265625 0.028125 0.06015625
0 0.6359375 0.07578125 0.025 0.04453125
0 0.68125 0.053125 0.02109375 0.040625
0 0.80859375 0.09453125 0.01796875 0.03125
