0 0.9484375 0.7234375 0.10234375 0.2109375
0 0.5828125 0.740625 0.14140625 0.2703125
1 0.77109375 0.64140625 0.05546875 0.14453125
0 0.58984375 0.5046875 0.07578125 0.140625
0 0.6140625 0.365625 0.053125 0.1140625
0 0.4796875 0.34296875 0.05703125 0.13359375
0 0.55859375 0.30859375 0.05234375 0.08515625
0 0.53671875 0.19609375 0.0390625 0.0640625
0 0.58984375 0.18515625 0.04140625 0.06484375
1 0.578125 0.14375 0.0140625 0.0484375
0 0.65390625 0.1390625 0.03515625 0.0609375
0 0.61796875 0.11953125 0.03046875 0.04609375
0 0.63671875 0.08203125 0.02265625 0.03203125
0 0.6515625 0.05390625 0.01953125 0.034375
0 0.68359375 0.0609375 0.02265625 0.0359375
0 0.2296875 0.45625 0.10390625 0.103125
0 0.66875 0.09140625 0.0265625 0.04296875
0 0.659375 0.028125 0.01796875 0.0296875
0 0.80859375 0.10078125 0.02109375 0.03359375
