0 0.5953125 0.80703125 0.1234375 0.228125
0 0.6890625 0.615625 0.11484375 0.2140625
0 0.57734375 0.2046875 0.04453125 0.06328125
1 0.609375 0.190625 0.01171875 0.059375
0 0.6296875 0.20546875 0.0421875 0.06171875
0 0.6546875 0.140625 0.03359375 0.05
0 0.61796875 0.1234375 0.034375 0.06328125
0 0.6015625 0.0703125 0.0265625 0.05
0 0.67265625 0.096875 0.02421875 0.04375
0 0.64140625 0.08046875 0.02265625 0.03984375
0 0.6515625 0.0484375 0.021875 0.03828125
1 0.62890625 0.0546875 0.00859375 0.03515625
1 0.634375 0.0359375 0.01015625 0.03828125
0 0.68671875 0.04375 0.01796875 0.03828125
0 0.809375 0.1015625 0.02109375 0.040625
1 0.49140625 0.165625 0.025 0.0546875
0 0.9015625 0.9484375 0.134375 0.1015625
