0 0.66015625 0.75078125 0.13828125 0.22578125
0 0.7234375 0.64609375 0.1109375 0.18125
1 0.81953125 0.61015625 0.06171875 0.14453125
1 0.5609375 0.54140625 0.02890625 0.13125
0 0.62109375 0.378125 0.05546875 0.115625
0 0.53984375 0.325 0.0546875 0.109375
0 0.62265625 0.22734375 0.0375 0.06171875
0 0.64609375 0.15859375 0.03203125 0.04609375
0 0.58203125 0.125 0.03046875 0.05390625
0 0.62734375 0.1109375 0.02890625 0.0484375
0 0.66796875 0.09609375 0.028125 0.0390625
1 0.66171875 0.04140625 0.009375 0.040625
0 0.66640625 0.02890625 0.021875 0.03125
0 0.81171875 0.1015625 0.02265625 0.0359375
