0 0.721875 0.615625 0.0984375 0.165625
0 0.56953125 0.56875 0.0875 0.1765625
1 0.5296875 0.41015625 0.01796875 0.0984375
1 0.68359375 0.39296875 0.03203125 0.090625
0 0.60234375 0.28046875 0.0484375 0.08671875
0 0.64375 0.1609375 0.03671875 0.07109375
0 0.5953125 0.16875 0.034375 0.05546875
1 0.62265625 0.15703125 0.01484375 0.05546875
0 0.57734375 0.1359375 0.02734375 0.0515625
0 0.59609375 0.09375 0.028125 0.04453125
0 0.66953125 0.109375 0.02734375 0.0546875
0 0.64296875 0.06640625 0.02578125 0.03671875
0 0.68359375 0.05390625 0.02265625 0.034375
0 0.66484375 0.0296875 0.01875 0.03359375
0 0.63828125 0.028125 0.02421875 0.03359375
0 0.809375 0.09921875 0.02265625 0.034375
0 0.9671875 0.91015625 0.065625 0.1796875
0 0.02109375 0.43359375 0.04140625 0.1203125
