0 0.65859375 0.7140625 0.159375 0.26015625
0 0.78984375 0.60625 0.128125 0.1515625
0 0.5484375 0.48515625 0.07109375 0.14453125
0 0.621875 0.39296875 0.06796875 0.13359375
0 0.559375 0.2734375 0.05 0.090625
1 0.6203125 0.26640625 0.021875 0.06953125
0 0.81015625 0.09921875 0.02109375 0.03359375
0 0.6421875 0.18984375 0.03046875 0.05546875
0 0.61484375 0.153125 0.0390625 0.06015625
0 0.65703125 0.1328125 0.02578125 0.0546875
0 0.63359375 0.0953125 0.02890625 0.040625
0 0.6671875 0.09140625 0.02109375 0.03671875
0 0.68125 0.0484375 0.025 0.0390625
0 0.6578125 0.02890625 0.0203125 0.03515625
