0 0.7765625 0.73203125 0.12578125 0.2140625
0 0.62421875 0.47578125 0.07265625 0.125
3 0.81328125 0.12890625 0.0546875 0.06171875
0 0.5703125 0.3578125 0.05 0.10625
0 0.528125 0.2890625 0.04609375 0.08828125
0 0.60703125 0.27421875 0.04609375 0.075
0 0.58359375 0.18671875 0.04375 0.078125
0 0.63671875 0.19609375 0.03515625 0.06015625
0 0.61015625 0.1328125 0.028125 0.0546875
0 0.65625 0.134375 0.0328125 0.065625
0 0.64140625 0.06640625 0.02265625 0.04453125
0 0.67265625 0.0890625 0.02578125 0.04296875
