1 0.79296875 0.9484375 0.05703125 0.10078125
0 0.68671875 0.65625 0.12109375 0.18046875
0 0.68828125 0.4890625 0.09296875 0.14296875
0 0.47578125 0.41328125 0.05703125 0.12578125
0 0.55234375 0.3171875 0.04921875 0.096875
0 0.5 0.278125 0.0453125 0.0796875
1 0.578125 0.228125 0.01328125 0.065625
1 0.59453125 0.20390625 0.01171875 0.07109375
0 0.621875 0.2359375 0.04921875 0.08515625
0 0.65 0.1484375 0.03046875 0.05625
0 0.6015625 0.15546875 0.03671875 0.053125
0 0.62265625 0.1109375 0.02890625 0.0484375
0 0.66640625 0.096875 0.028125 0.0484375
0 0.64296875 0.07890625 0.02734375 0.04296875
0 0.646875 0.04921875 0.02421875 0.03359375
0 0.6765625 0.06796875 0.02421875 0.040625
0 0.8109375 0.10078125 0.02421875 0.04296875
