0 0.6421875 0.853125 0.16328125 0.29140625
0 0.721875 0.6046875 0.14609375 0.20546875
0 0.9765625 0.790625 0.0453125 0.1390625
0 0.61875 0.41640625 0.06171875 0.1203125
0 0.53359375 0.36875 0.05625 0.11796875
1 0.42109375 0.3515625 0.03359375 0.08359375
1 0.5640625 0.27578125 0.0203125 0.08125
1 0.5953125 0.3015625 0.0171875 0.08671875
0 0.809375 0.1 0.02109375 0.03515625
0 0.6265625 0.23125 0.0421875 0.0734375
0 0.59140625 0.190625 0.03984375 0.05703125
0 0.60859375 0.14609375 0.03046875 0.0390625
0 0.6578125 0.13125 0.03046875 0.0546875
0 0.62578125 0.1015625 0.02578125 0.04609375
0 0.67109375 0.0921875 0.025 0.04140625
0 0.64375 0.0625 0.0203125 0.0359375
0 0.63125 0.0359375 0.0171875 0.03203125
0 0.65546875 0.0328125 0.01796875 0.03046875
0 0.678125 0.053125 0.02578125 0.053125
