3 0.67734375 0.7578125 0.15703125 0.39375
0 0.58671875 0.5046875 0.08515625 0.190625
0 0.48671875 0.4640625 0.0609375 0.140625
0 0.434375 0.359375 0.07734375 0.10625
1 0.53984375 0.23125 0.01328125 0.0734375
0 0.61015625 0.26875 0.04609375 0.0859375
0 0.58828125 0.19609375 0.0421875 0.06796875
0 0.6375 0.20546875 0.03671875 0.0640625
0 0.81015625 0.1046875 0.02421875 0.0484375
0 0.60625 0.1328125 0.03828125 0.06171875
0 0.6640625 0.11875 0.02890625 0.059375
0 0.6421875 0.06796875 0.02265625 0.04296875
0 0.68125 0.06953125 0.02109375 0.0390625
0 0.65859375 0.040625 0.01796875 0.034375
