0 0.95234375 0.7515625 0.09453125 0.184375
1 0.7984375 0.59609375 0.05390625 0.1265625
3 0.62734375 0.734375 0.15703125 0.38203125
0 0.5265625 0.4984375 0.06171875 0.12890625
0 0.653125 0.4375 0.07734375 0.11953125
0 0.53671875 0.3390625 0.04921875 0.09453125
1 0.6046875 0.30546875 0.01640625 0.0734375
0 0.61875 0.240625 0.0453125 0.06796875
0 0.5546875 0.17109375 0.03671875 0.05390625
0 0.64453125 0.16015625 0.03359375 0.05703125
0 0.61875 0.11015625 0.0328125 0.05390625
0 0.6703125 0.0765625 0.025 0.040625
0 0.65546875 0.03046875 0.02265625 0.0390625
1 0.65703125 0.053125 0.00859375 0.03984375
0 0.81015625 0.0984375 0.01953125 0.03515625
