0 0.2421875 0.42578125 0.11328125 0.0890625
0 0.66484375 0.64453125 0.12890625 0.21015625
0 0.83671875 0.65546875 0.13359375 0.178125
0 0.53515625 0.41796875 0.05625 0.1296875
0 0.46953125 0.36953125 0.04921875 0.11953125
0 0.62734375 0.39296875 0.0703125 0.13671875
0 0.51015625 0.25703125 0.046875 0.08671875
0 0.55625 0.27890625 0.04765625 0.10546875
0 0.609375 0.2734375 0.04375 0.08359375
0 0.640625 0.18203125 0.0328125 0.06015625
0 0.54296875 0.178125 0.040625 0.05859375
3 0.5828125 0.17421875 0.04453125 0.11953125
0 0.66796875 0.08984375 0.03203125 0.06328125
3 0.64140625 0.059375 0.028125 0.078125
0 0.61953125 0.053125 0.01796875 0.03671875
0 0.6609375 0.0359375 0.01796875 0.04140625
0 0.64921875 0.0109375 0.015625 0.0203125
0 0.81015625 0.09921875 0.021875 0.034375
