0 0.60859375 0.6578125 0.10625 0.19375
0 0.51328125 0.325 0.05546875 0.07578125
0 0.58125 0.2171875 0.04453125 0.0640625
0 0.81015625 0.1015625 0.025 0.04296875
1 0.8109375 0.11171875 0.01328125 0.03515625
0 0.63359375 0.21484375 0.03359375 0.059375
0 0.6 0.159375 0.03359375 0.040625
0 0.6453125 0.16015625 0.03828125 0.0609375
0 0.6265625 0.09375 0.02578125 0.040625
0 0.66171875 0.13046875 0.028125 0.04453125
0 0.66875 0.0984375 0.02890625 0.04609375
0 0.67109375 0.05703125 0.02578125 0.04296875
0 0.9078125 0.9171875 0.184375 0.165625
