0 0.53203125 0.20234375 0.03828125 0.065625
0 0.51328125 0.36640625 0.0578125 0.09609375
0 0.6046875 0.37109375 0.06171875 0.1296875
0 0.74296875 0.5421875 0.11171875 0.15859375
0 0.61953125 0.23828125 0.03984375 0.07109375
1 0.59375 0.1921875 0.01640625 0.06015625
3 0.64453125 0.16171875 0.0421875 0.08125
0 0.59765625 0.1265625 0.03671875 0.053125
1 0.63046875 0.11171875 0.01171875 0.05
0 0.6140625 0.0640625 0.025 0.04296875
0 0.62578125 0.04296875 0.021875 0.04296875
0 0.65703125 0.0390625 0.02109375 0.03203125
0 0.66328125 0.09375 0.02734375 0.04453125
0 0.81015625 0.10078125 0.02265625 0.034375
0 0.95234375 0.9125 0.09453125 0.175
