0 0.759375 0.953125 0.11484375 0.09296875
0 0.9484375 0.79921875 0.10234375 0.19140625
0 0.72265625 0.5984375 0.10546875 0.1640625
0 0.56171875 0.47578125 0.08203125 0.175
1 0.5171875 0.4109375 0.01875 0.1015625
0 0.6125 0.33125 0.05390625 0.09921875
0 0.53515625 0.28984375 0.05 0.090625
0 0.5796875 0.19765625 0.03984375 0.06796875
0 0.6296875 0.203125 0.04453125 0.075
0 0.653125 0.13984375 0.03125 0.06328125
1 0.4890625 0.16171875 0.0234375 0.059375
0 0.60234375 0.0671875 0.02890625 0.0546875
0 0.634375 0.08515625 0.02890625 0.04296875
0 0.6734375 0.09140625 0.028125 0.04609375
0 0.64375 0.0609375 0.02578125 0.04140625
0 0.6578125 0.0390625 0.01796875 0.03125
0 0.68671875 0.046875 0.02421875 0.0296875
0 0.6375 0.028125 0.01953125 0.025
0 0.8109375 0.1 0.01953125 0.03359375
0 0.5796875 0.1375 0.040625 0.05
