0 0.728125 0.52109375 0.109375 0.13984375
0 0.54140625 0.45 0.06484375 0.1515625
0 0.60625 0.32109375 0.0484375 0.10859375
0 0.55078125 0.265625 0.04609375 0.075
0 0.6265625 0.2359375 0.04296875 0.075
0 0.6296875 0.16953125 0.0359375 0.0609375
0 0.65546875 0.12578125 0.03359375 0.059375
0 0.62421875 0.10859375 0.03125 0.0515625
0 0.6453125 0.06484375 0.02578125 0.03515625
0 0.6734375 0.08046875 0.03125 0.04296875
0 0.6609375 0.03125 0.0171875 0.03046875
0 0.68828125 0.03828125 0.01875 0.0296875
0 0.809375 0.09921875 0.02578125 0.040625
