0 0.63203125 0.76484375 0.13203125 0.21875
0 0.41953125 0.3703125 0.0734375 0.0890625
0 0.67734375 0.50703125 0.0875 0.15
1 0.61328125 0.3890625 0.021875 0.08046875
0 0.52734375 0.39609375 0.053125 0.121875
0 0.49609375 0.27890625 0.04453125 0.0796875
0 0.5734375 0.23203125 0.04765625 0.090625
0 0.53203125 0.20078125 0.040625 0.084375
0 0.6375 0.190625 0.04140625 0.0609375
1 0.59765625 0.17109375 0.015625 0.06796875
0 0.55859375 0.15390625 0.03046875 0.0546875
0 0.66328125 0.12109375 0.02734375 0.05390625
0 0.62265625 0.12109375 0.02578125 0.04609375
0 0.6390625 0.0890625 0.025 0.04609375
0 0.67421875 0.07578125 0.03046875 0.05546875
0 0.64921875 0.0546875 0.021875 0.03671875
0 0.81015625 0.10390625 0.021875 0.04140625
1 0.81171875 0.11328125 0.0078125 0.03046875
0 0.68671875 0.04140625 0.02421875 0.03359375
