0 0.65625 0.75078125 0.13359375 0.24375
0 0.74140625 0.66171875 0.11875 0.19375
0 0.6453125 0.4796875 0.08203125 0.13359375
1 0.5484375 0.440625 0.021875 0.0984375
0 0.38046875 0.3890625 0.10703125 0.1015625
0 0.60234375 0.34296875 0.04921875 0.115625
0 0.53671875 0.29375 0.04765625 0.07890625
0 0.578125 0.18515625 0.03984375 0.05703125
0 0.628125 0.1859375 0.04296875 0.07109375
0 0.6015625 0.06875 0.028125 0.0515625
0 0.6640625 0.11171875 0.02890625 0.05390625
0 0.6375 0.08046875 0.02265625 0.04453125
0 0.684375 0.0453125 0.021875 0.04453125
1 0.490625 0.16171875 0.02265625 0.05703125
0 0.6515625 0.0484375 0.02578125 0.03671875
0 0.6859375 0.0453125 0.0171875 0.03125
0 0.81015625 0.096875 0.02421875 0.03359375
