1 0.86328125 0.8484375 0.07890625 0.16171875
0 0.6953125 0.603125 0.09609375 0.16171875
1 0.6015625 0.60078125 0.0390625 0.14453125
0 0.24453125 0.44921875 0.10625 0.10859375
0 0.4640625 0.33359375 0.06796875 0.08515625
3 0.59375 0.35625 0.06640625 0.14296875
0 0.609375 0.228125 0.04609375 0.07109375
0 0.534375 0.20546875 0.03984375 0.059375
0 0.60546875 0.1640625 0.03203125 0.05
0 0.5578125 0.15390625 0.03515625 0.06171875
0 0.65625 0.13671875 0.02578125 0.05
0 0.60234375 0.09921875 0.02734375 0.04453125
0 0.640625 0.07421875 0.021875 0.040625
0 0.65546875 0.03828125 0.01796875 0.034375
0 0.67578125 0.0796875 0.02109375 0.040625
0 0.8109375 0.103125 0.01953125 0.03984375
0 0.671875 0.01171875 0.01640625 0.01953125
