1 0.940625 0.8359375 0.0859375 0.16171875
0 0.73828125 0.553125 0.12734375 0.1796875
0 0.49453125 0.6171875 0.09765625 0.1765625
1 0.45234375 0.44921875 0.021875 0.1140625
1 0.48828125 0.38515625 0.015625 0.0890625
0 0.5609375 0.48046875 0.07109375 0.13046875
0 0.60703125 0.3171875 0.04609375 0.09140625
0 0.53984375 0.3203125 0.04921875 0.08125
0 0.5734375 0.2296875 0.04140625 0.06875
0 0.63203125 0.19296875 0.04375 0.0859375
0 0.60859375 0.15390625 0.03203125 0.05078125
0 0.65625 0.12890625 0.02734375 0.05078125
0 0.625 0.109375 0.03046875 0.04375
0 0.671875 0.08984375 0.0296875 0.040625
0 0.66015625 0.05390625 0.0234375 0.04296875
0 0.64296875 0.0171875 0.01953125 0.03203125
0 0.6640625 0.01875 0.01484375 0.0265625
0 0.68984375 0.046875 0.01640625 0.03046875
0 0.81015625 0.10078125 0.02421875 0.03828125
