0 0.80390625 0.78125 0.13046875 0.22421875
0 0.66171875 0.5265625 0.0921875 0.1546875
0 0.5390625 0.42890625 0.0640625 0.1359375
0 0.28515625 0.4484375 0.13046875 0.11796875
0 0.46796875 0.31875 0.06640625 0.09609375
1 0.53203125 0.29609375 0.01328125 0.08359375
1 0.55546875 0.334375 0.01640625 0.08203125
0 0.60234375 0.30703125 0.04921875 0.090625
0 0.57109375 0.23125 0.04296875 0.07421875
0 0.628125 0.215625 0.04140625 0.08125
0 0.809375 0.1 0.02265625 0.0390625
1 0.809375 0.115625 0.01171875 0.03125
0 0.76328125 0.0984375 0.03046875 0.04609375
0 0.61328125 0.13515625 0.03359375 0.04609375
0 0.6515625 0.1515625 0.03515625 0.0640625
0 0.60390625 0.08671875 0.0265625 0.03828125
0 0.634375 0.084375 0.02578125 0.04140625
0 0.67265625 0.08984375 0.02734375 0.04453125
0 0.64921875 0.0546875 0.02265625 0.03671875
0 0.65703125 0.03203125 0.02109375 0.02890625
0 0.6890625 0.0375 0.01640625 0.03203125
