0 0.6640625 0.82265625 0.13359375 0.2453125
0 0.94453125 0.80546875 0.109375 0.21484375
0 0.73828125 0.6015625 0.12265625 0.17421875
0 0.634375 0.415625 0.07421875 0.15546875
0 0.51328125 0.4640625 0.06640625 0.140625
0 0.52734375 0.3375 0.05078125 0.096875
0 0.56484375 0.2390625 0.0453125 0.08046875
0 0.6140625 0.24921875 0.046875 0.09296875
1 0.6140625 0.17890625 0.01484375 0.0546875
0 0.65 0.14453125 0.0375 0.06953125
0 0.57578125 0.15234375 0.03671875 0.0546875
0 0.6296875 0.1015625 0.02109375 0.04609375
0 0.67109375 0.096875 0.02578125 0.0484375
0 0.64375 0.07578125 0.0234375 0.040625
1 0.62421875 0.0609375 0.009375 0.04453125
1 0.63828125 0.04140625 0.01015625 0.040625
0 0.65625 0.0390625 0.02265625 0.0359375
0 0.809375 0.1 0.01953125 0.03515625
0 0.6890625 0.0375 0.03828125 0.06171875
