1 0.54609375 0.6140625 0.034375 0.1359375
1 0.65859375 0.44921875 0.03125 0.10078125
1 0.77890625 0.51796875 0.04609375 0.125
0 0.603125 0.284375 0.04765625 0.08359375
0 0.5484375 0.284375 0.04140625 0.075
0 0.5234375 0.2234375 0.0359375 0.065625
0 0.5875 0.19609375 0.0390625 0.06015625
0 0.63515625 0.20390625 0.03515625 0.06171875
0 0.6078125 0.14140625 0.03359375 0.0515625
0 0.65234375 0.125 0.02890625 0.05
0 0.62734375 0.10703125 0.02109375 0.0359375
0 0.63515625 0.07578125 0.02109375 0.03359375
0 0.67734375 0.08359375 0.02109375 0.03984375
0 0.6828125 0.0578125 0.0203125 0.03046875
0 0.65703125 0.03828125 0.0234375 0.04453125
1 0.59921875 0.09375 0.01015625 0.03671875
1 0.63828125 0.02109375 0.009375 0.03515625
0 0.81015625 0.09765625 0.02109375 0.02890625
