0 0.7390625 0.6546875 0.11640625 0.19453125
0 0.6015625 0.53515625 0.08828125 0.14453125
0 0.4640625 0.50859375 0.0640625 0.14453125
0 0.534375 0.3953125 0.05625 0.11484375
0 0.60546875 0.3046875 0.053125 0.10703125
0 0.553125 0.26484375 0.05234375 0.08671875
0 0.5890625 0.19609375 0.03828125 0.06015625
0 0.6421875 0.1859375 0.03828125 0.06640625
1 0.6015625 0.1453125 0.01328125 0.0484375
1 0.61015625 0.08984375 0.01328125 0.0484375
0 0.628125 0.09921875 0.03203125 0.04921875
0 0.66171875 0.06875 0.025 0.0484375
0 0.809375 0.09765625 0.02265625 0.0359375
1 0.81328125 0.11640625 0.01015625 0.034375
