0 0.76328125 0.87421875 0.140625 0.24921875
0 0.60546875 0.52109375 0.08125 0.15078125
0 0.3109375 0.41640625 0.11796875 0.10390625
0 0.63125 0.3875 0.06484375 0.11171875
0 0.5359375 0.3140625 0.05546875 0.11171875
0 0.6046875 0.28046875 0.05078125 0.10546875
0 0.56484375 0.234375 0.0390625 0.07578125
0 0.5921875 0.16796875 0.03203125 0.05703125
0 0.640625 0.1765625 0.03203125 0.0640625
0 0.634375 0.09296875 0.028125 0.04296875
0 0.66484375 0.11953125 0.025 0.04296875
0 0.62265625 0.04296875 0.02265625 0.04296875
0 0.65 0.0328125 0.02890625 0.06171875
0 0.67734375 0.065625 0.02109375 0.0390625
3 0.76015625 0.0375 0.03203125 0.065625
0 0.81171875 0.0984375 0.02109375 0.03046875
0 0.68828125 0.04140625 0.03046875 0.03359375
0 0.7984375 0.0359375 0.03359375 0.04921875
