1 0.6203125 0.9296875 0.05390625 0.1390625
0 0.67421875 0.76875 0.12421875 0.221875
0 0.23125 0.43828125 0.12890625 0.10390625
0 0.62265625 0.409375 0.06953125 0.12890625
0 0.465625 0.3546875 0.08984375 0.1
1 0.5140625 0.27421875 0.0140625 0.075
0 0.56484375 0.234375 0.04140625 0.07109375
0 0.60859375 0.27578125 0.04453125 0.0765625
0 0.60625 0.14765625 0.028125 0.06015625
0 0.64453125 0.15859375 0.0296875 0.06015625
0 0.625 0.1078125 0.02890625 0.04140625
0 0.66484375 0.11328125 0.03359375 0.04453125
0 0.640625 0.07421875 0.021875 0.0296875
0 0.67421875 0.07421875 0.01875 0.03359375
0 0.64765625 0.04921875 0.01875 0.02578125
0 0.684375 0.04609375 0.01796875 0.0265625
0 0.6578125 0.03046875 0.02265625 0.034375
0 0.77421875 0.10625 0.0375 0.04453125
0 0.8109375 0.09765625 0.02109375 0.03828125
