0 0.646875 0.7890625 0.1203125 0.228125
0 0.81796875 0.678125 0.175 0.2453125
0 0.49453125 0.521875 0.07265625 0.153125
0 0.58203125 0.47578125 0.07734375 0.14140625
3 0.596875 0.30546875 0.0703125 0.17578125
0 0.534375 0.30390625 0.04296875 0.0796875
0 0.56875 0.16875 0.03515625 0.05546875
0 0.640625 0.19375 0.03203125 0.05625
0 0.61484375 0.14296875 0.02890625 0.05390625
0 0.65546875 0.13046875 0.03359375 0.06015625
0 0.6484375 0.0484375 0.021875 0.0390625
0 0.67734375 0.07421875 0.021875 0.03671875
0 0.809375 0.1015625 0.01953125 0.0390625
1 0.8109375 0.11484375 0.01015625 0.03359375
0 0.58359375 0.20625 0.0578125 0.06953125
