0 0.6765625 0.78828125 0.13671875 0.23359375
0 0.684375 0.52734375 0.10390625 0.15625
1 0.565625 0.37578125 0.01953125 0.11015625
0 0.809375 0.103125 0.01953125 0.040625
1 0.8109375 0.1140625 0.01015625 0.03125
0 0.5453125 0.290625 0.04765625 0.0953125
0 0.61875 0.24140625 0.04765625 0.0984375
0 0.5546875 0.22578125 0.03671875 0.04609375
0 0.5375 0.1890625 0.04140625 0.05703125
0 0.6 0.159375 0.03515625 0.0515625
3 0.65234375 0.12890625 0.0421875 0.09296875
0 0.6140625 0.12109375 0.025 0.04609375
0 0.6 0.0890625 0.02734375 0.04296875
0 0.68359375 0.04296875 0.02265625 0.04609375
0 0.9796875 0.76875 0.040625 0.16953125
0 0.63046875 0.090625 0.02265625 0.05703125
0 0.67890625 0.07421875 0.02578125 0.046875
