1 0.76171875 0.95390625 0.05703125 0.090625
0 0.6109375 0.8625 0.12265625 0.25078125
0 0.55 0.55703125 0.0828125 0.15703125
0 0.61953125 0.43984375 0.07421875 0.15
0 0.51015625 0.3734375 0.0578125 0.11796875
0 0.5734375 0.20078125 0.03515625 0.06171875
0 0.6328125 0.19609375 0.03671875 0.075
0 0.646875 0.146875 0.03125 0.0515625
0 0.63203125 0.09296875 0.02421875 0.04296875
0 0.6734375 0.08125 0.02578125 0.04140625
0 0.8125 0.1015625 0.02578125 0.0390625
0 0.65 0.04296875 0.02265625 0.0390625
0 0.671875 0.0140625 0.01640625 0.025
