0 0.8984375 0.7390625 0.14921875 0.203125
1 0.728125 0.69609375 0.05546875 0.14609375
0 0.5515625 0.57578125 0.09140625 0.16015625
0 0.64140625 0.4328125 0.08046875 0.13203125
1 0.5484375 0.38671875 0.01953125 0.0984375
0 0.80859375 0.09921875 0.02265625 0.03359375
0 0.60625 0.2765625 0.04765625 0.0984375
0 0.58203125 0.18984375 0.0390625 0.06328125
0 0.55703125 0.14609375 0.03359375 0.05
0 0.6140625 0.11875 0.02890625 0.05546875
0 0.63984375 0.18125 0.03515625 0.05703125
0 0.67109375 0.0828125 0.02421875 0.0453125
0 0.6390625 0.08203125 0.025 0.03984375
0 0.659375 0.034375 0.01953125 0.03046875
