0 0.75234375 0.91875 0.14921875 0.16015625
1 0.97109375 0.815625 0.05703125 0.11796875
0 0.5875 0.621875 0.09453125 0.1796875
0 0.47109375 0.5015625 0.07734375 0.15078125
0 0.65625 0.50078125 0.08203125 0.13203125
0 0.565625 0.3828125 0.05859375 0.125
0 0.55859375 0.26796875 0.05234375 0.084375
0 0.61484375 0.25390625 0.0390625 0.0734375
0 0.59140625 0.1765625 0.03828125 0.05625
0 0.63984375 0.18828125 0.03671875 0.071875
0 0.615625 0.1203125 0.03046875 0.0515625
0 0.6609375 0.121875 0.02890625 0.0515625
0 0.6375 0.08046875 0.02578125 0.03984375
0 0.6265625 0.04609375 0.02421875 0.04296875
0 0.6796875 0.0546875 0.02421875 0.0484375
0 0.659375 0.0296875 0.01953125 0.03359375
0 0.8109375 0.09921875 0.02265625 0.03671875
