0 0.9234375 0.771875 0.1515625 0.2546875
1 0.78515625 0.6046875 0.053125 0.12578125
0 0.5765625 0.565625 0.09140625 0.16171875
0 0.61171875 0.3703125 0.0625 0.1203125
0 0.5015625 0.340625 0.05078125 0.10625
1 0.9671875 0.37890625 0.0484375 0.08359375
1 0.55859375 0.21875 0.01484375 0.07109375
1 0.571875 0.178125 0.01171875 0.053125
0 0.61953125 0.234375 0.05078125 0.08671875
0 0.6078125 0.15234375 0.03359375 0.05078125
0 0.603125 0.19921875 0.02734375 0.053125
0 0.65859375 0.11953125 0.03125 0.06796875
0 0.62421875 0.109375 0.025 0.04453125
1 0.61015625 0.08828125 0.009375 0.0484375
0 0.64140625 0.0796875 0.025 0.040625
0 0.62265625 0.1109375 0.025 0.040625
0 0.684375 0.04296875 0.01953125 0.03515625
0 0.6609375 0.0265625 0.01796875 0.02890625
0 0.8109375 0.10234375 0.0234375 0.03984375
