1 0.58203125 0.77421875 0.04140625 0.175
0 0.65703125 0.4765625 0.08671875 0.14609375
0 0.53203125 0.3546875 0.05078125 0.09296875
1 0.56640625 0.29296875 0.01640625 0.08046875
0 0.60703125 0.259375 0.04296875 0.07109375
0 0.56015625 0.21640625 0.05625 0.0765625
0 0.64453125 0.17578125 0.03828125 0.06953125
0 0.60703125 0.15078125 0.03046875 0.0546875
0 0.63515625 0.0890625 0.025 0.05390625
0 0.65703125 0.12421875 0.02734375 0.0515625
0 0.67265625 0.0890625 0.02578125 0.04296875
0 0.65625 0.0359375 0.0203125 0.03984375
0 0.8109375 0.10234375 0.02421875 0.03828125
3 0.82421875 0.884375 0.24140625 0.2296875
