0 0.66484375 0.78125 0.14296875 0.23515625
0 0.83671875 0.64296875 0.14453125 0.16796875
0 0.54609375 0.5359375 0.08125 0.14609375
0 0.6 0.403125 0.06015625 0.13046875
0 0.525 0.34765625 0.05703125 0.11796875
0 0.6046875 0.29296875 0.04609375 0.084375
0 0.5640625 0.23359375 0.05078125 0.08125
0 0.6359375 0.20078125 0.0375 0.06171875
0 0.61875 0.11640625 0.03515625 0.06640625
0 0.66015625 0.12109375 0.02890625 0.05390625
0 0.64140625 0.06484375 0.025 0.04453125
0 0.67109375 0.075 0.02109375 0.04296875
0 0.81171875 0.10078125 0.0203125 0.034375
1 0.8140625 0.1140625 0.0140625 0.03125
