0 0.33046875 0.43125 0.1046875 0.10625
0 0.728125 0.57578125 0.1171875 0.171875
0 0.60078125 0.4328125 0.05859375 0.13203125
0 0.5203125 0.37890625 0.05859375 0.11015625
0 0.55859375 0.26171875 0.03984375 0.0890625
0 0.62109375 0.2390625 0.04375 0.08125
0 0.5953125 0.1765625 0.0421875 0.07109375
0 0.6140625 0.10625 0.03203125 0.046875
3 0.66015625 0.08046875 0.04140625 0.11953125
0 0.80859375 0.1015625 0.02421875 0.04296875
0 0.6390625 0.0546875 0.0140625 0.040625
0 0.68671875 0.059375 0.01875 0.0359375
