0 0.6390625 0.59140625 0.11171875 0.175
0 0.95546875 0.7890625 0.0875 0.18203125
0 0.534375 0.43125 0.06328125 0.13828125
0 0.64765625 0.4625 0.07734375 0.11953125
0 0.6171875 0.3390625 0.05234375 0.115625
1 0.62421875 0.25546875 0.01484375 0.0484375
0 0.6234375 0.2125 0.0390625 0.0734375
0 0.65234375 0.1484375 0.02734375 0.06171875
0 0.66796875 0.09921875 0.025 0.0484375
0 0.68125 0.03828125 0.02109375 0.0484375
0 0.81171875 0.1015625 0.02578125 0.0390625
1 0.8125 0.1140625 0.0109375 0.0390625
