0 0.7265625 0.95625 0.121875 0.08515625
0 0.6703125 0.546875 0.10078125 0.14921875
0 0.51953125 0.55546875 0.08125 0.15703125
0 0.634375 0.40703125 0.06796875 0.11953125
0 0.5375 0.35859375 0.0484375 0.09296875
0 0.49296875 0.28125 0.05234375 0.08515625
0 0.56640625 0.2484375 0.03984375 0.0765625
0 0.6296875 0.22421875 0.03984375 0.0640625
0 0.5953125 0.17578125 0.04140625 0.0546875
0 0.6203125 0.11953125 0.03671875 0.05703125
0 0.6578125 0.12109375 0.02265625 0.05
0 0.8109375 0.1015625 0.02421875 0.04609375
0 0.753125 0.04140625 0.02109375 0.03203125
3 0.76484375 0.01953125 0.03046875 0.03515625
0 0.64375 0.06875 0.02421875 0.0296875
0 0.67734375 0.0765625 0.021875 0.0390625
0 0.65390625 0.0359375 0.02109375 0.02890625
0 0.684375 0.0390625 0.01796875 0.03203125
