0 0.88984375 0.7375 0.19453125 0.25625
1 0.77578125 0.56875 0.04921875 0.13046875
1 0.5765625 0.56875 0.03046875 0.13046875
1 0.5125 0.490625 0.02578125 0.11171875
0 0.6109375 0.2796875 0.04921875 0.1109375
0 0.5734375 0.2109375 0.0421875 0.06328125
0 0.52421875 0.19765625 0.053125 0.09921875
0 0.6375 0.20234375 0.03671875 0.06171875
0 0.60703125 0.1546875 0.0328125 0.05
0 0.6234375 0.10390625 0.02421875 0.04296875
0 0.6625 0.10859375 0.02578125 0.05
0 0.6421875 0.06796875 0.02109375 0.0390625
0 0.6515625 0.0453125 0.01953125 0.03359375
0 0.67578125 0.075 0.01875 0.0390625
0 0.68125 0.05390625 0.0203125 0.03515625
0 0.7578125 0.075 0.01015625 0.04453125
0 0.809375 0.1 0.02578125 0.0390625
0 0.5421875 0.371875 0.04609375 0.09921875
