0 0.9421875 0.7578125 0.11484375 0.25078125
0 0.65625 0.5984375 0.09765625 0.178125
0 0.63671875 0.40078125 0.06875 0.10390625
0 0.38359375 0.38671875 0.08984375 0.10625
0 0.53515625 0.36484375 0.053125 0.09296875
0 0.4875 0.290625 0.05390625 0.08203125
0 0.5703125 0.253125 0.03984375 0.075
0 0.52734375 0.21875 0.0421875 0.06796875
0 0.63359375 0.190625 0.0359375 0.06796875
0 0.590625 0.1734375 0.03984375 0.0765625
0 0.5875 0.1046875 0.028125 0.04453125
0 0.62734375 0.10859375 0.03046875 0.05
0 0.65859375 0.1234375 0.025 0.05390625
3 0.64375 0.05703125 0.02578125 0.0390625
1 0.63984375 0.02578125 0.00859375 0.03046875
0 0.67890625 0.07421875 0.02109375 0.03515625
0 0.81015625 0.09921875 0.01953125 0.034375
0 0.66328125 0.03828125 0.01953125 0.03828125
