3 0.64609375 0.76875 0.15859375 0.26484375
0 0.25078125 0.42890625 0.1140625 0.0953125
0 0.92421875 0.84609375 0.15078125 0.21796875
0 0.71171875 0.546875 0.12265625 0.19140625
0 0.60703125 0.328125 0.04609375 0.09296875
1 0.515625 0.3546875 0.0171875 0.0890625
1 0.50546875 0.25546875 0.01484375 0.06796875
0 0.5515625 0.25546875 0.04609375 0.08671875
0 0.6265625 0.19609375 0.03515625 0.06015625
0 0.61171875 0.13125 0.03671875 0.05859375
0 0.65390625 0.14296875 0.028125 0.05
0 0.66875 0.0984375 0.0265625 0.04296875
0 0.6609375 0.03125 0.01484375 0.03046875
0 0.68515625 0.0484375 0.01953125 0.03515625
0 0.80859375 0.096875 0.021875 0.040625
