0 0.6765625 0.69140625 0.140625 0.1984375
0 0.45546875 0.509375 0.06171875 0.1390625
0 0.68984375 0.49765625 0.09609375 0.134375
1 0.48515625 0.375 0.02265625 0.090625
0 0.54765625 0.39921875 0.05078125 0.1234375
0 0.6046875 0.3109375 0.04921875 0.090625
1 0.5765625 0.24140625 0.0171875 0.0765625
0 0.63359375 0.19921875 0.03984375 0.07890625
0 0.5921875 0.18671875 0.03671875 0.06484375
1 0.62265625 0.14453125 0.01015625 0.04609375
0 0.8125 0.103125 0.02421875 0.03984375
0 0.659375 0.12734375 0.03671875 0.0734375
0 0.6234375 0.10390625 0.02421875 0.04140625
0 0.65078125 0.04609375 0.02734375 0.04296875
0 0.68671875 0.05 0.02109375 0.04296875
