0 0.665625 0.0984375 0.0296875 0.0546875
0 0.8109375 0.0984375 0.01953125 0.034375
0 0.60625 0.1359375 0.03203125 0.04609375
0 0.64375 0.0140625 0.021875 0.028125
0 0.646875 0.16328125 0.0328125 0.06171875
1 0.53671875 0.19453125 0.015625 0.0609375
0 0.57421875 0.19609375 0.03671875 0.0703125
3 0.6171875 0.2171875 0.06171875 0.153125
1 0.55 0.23984375 0.015625 0.06328125
0 0.53671875 0.31875 0.05078125 0.0890625
0 0.55 0.4484375 0.0703125 0.14453125
0 0.68203125 0.0453125 0.021875 0.0390625
0 0.6015625 0.58359375 0.09296875 0.16015625
0 0.6421875 0.0671875 0.02578125 0.0359375
0 0.59140625 0.81640625 0.13046875 0.240625
0 0.91640625 0.96015625 0.1671875 0.0796875
