0 0.675 0.73828125 0.13984375 0.20859375
3 0.91953125 0.74453125 0.16015625 0.35078125
0 0.65078125 0.47890625 0.084375 0.1453125
0 0.5421875 0.36640625 0.0609375 0.128125
0 0.6125 0.2484375 0.04375 0.06953125
0 0.57109375 0.20703125 0.04375 0.07109375
1 0.634375 0.20078125 0.01640625 0.065625
1 0.6109375 0.13125 0.009375 0.05078125
0 0.65 0.15546875 0.02890625 0.053125
0 0.64296875 0.05625 0.02578125 0.04453125
0 0.67578125 0.08359375 0.02421875 0.03984375
0 0.68359375 0.04921875 0.0203125 0.03359375
0 0.76640625 0.0359375 0.02109375 0.03203125
0 0.81015625 0.10234375 0.02109375 0.03828125
