0 0.73984375 0.90703125 0.1421875 0.18359375
0 0.5828125 0.81484375 0.11484375 0.23671875
0 0.6984375 0.61796875 0.13671875 0.175
0 0.5828125 0.20859375 0.03515625 0.06484375
0 0.64453125 0.19140625 0.0375 0.05546875
0 0.60234375 0.16015625 0.03359375 0.05390625
0 0.6578125 0.1328125 0.02734375 0.053125
0 0.621875 0.11640625 0.028125 0.04453125
0 0.6015625 0.084375 0.02421875 0.03671875
0 0.66953125 0.10546875 0.025 0.0359375
0 0.63984375 0.07578125 0.02578125 0.0390625
0 0.67265625 0.07734375 0.02265625 0.04140625
0 0.66171875 0.0328125 0.01953125 0.03203125
0 0.8109375 0.10078125 0.02265625 0.0359375
