0 0.70546875 0.77578125 0.159375 0.2859375
0 0.73984375 0.51953125 0.09921875 0.140625
0 0.8125 0.10078125 0.02578125 0.034375
0 0.61875 0.3703125 0.05859375 0.10390625
0 0.5296875 0.396875 0.059375 0.1140625
0 0.55234375 0.2671875 0.05078125 0.0859375
0 0.6203125 0.2546875 0.0421875 0.078125
0 0.58125 0.20703125 0.04296875 0.059375
0 0.55625 0.16640625 0.04296875 0.06328125
0 0.64375 0.165625 0.04140625 0.07109375
0 0.61953125 0.11640625 0.03203125 0.059375
0 0.58359375 0.109375 0.02578125 0.04453125
0 0.67109375 0.0984375 0.03515625 0.05
0 0.64296875 0.06171875 0.0234375 0.0390625
0 0.66015625 0.03203125 0.02109375 0.03125
0 0.6890625 0.0421875 0.01953125 0.03203125
