0 0.81875 0.88046875 0.17421875 0.23671875
0 0.8390625 0.634375 0.15078125 0.18515625
0 0.53984375 0.4453125 0.0609375 0.13125
0 0.6328125 0.390625 0.0640625 0.140625
0 0.55 0.26796875 0.04453125 0.0765625
0 0.6109375 0.265625 0.0390625 0.0640625
0 0.58515625 0.190625 0.04296875 0.05703125
0 0.64140625 0.1859375 0.0421875 0.06796875
0 0.58828125 0.14375 0.03046875 0.05546875
0 0.759375 0.0953125 0.0328125 0.040625
0 0.8109375 0.10078125 0.02421875 0.03671875
1 0.8171875 0.11015625 0.0140625 0.04296875
0 0.63671875 0.08125 0.02421875 0.04140625
0 0.65625 0.13125 0.02578125 0.03828125
0 0.67265625 0.09140625 0.025 0.03671875
0 0.6828125 0.053125 0.02265625 0.03203125
0 0.66484375 0.01640625 0.01796875 0.02890625
