0 0.8390625 0.796875 0.12890625 0.2234375
0 0.71640625 0.9296875 0.1375 0.1390625
0 0.58515625 0.6078125 0.10703125 0.16953125
0 0.7046875 0.5640625 0.09609375 0.1484375
0 0.6140625 0.40859375 0.0703125 0.1390625
1 0.47734375 0.45234375 0.01875 0.103125
1 0.49609375 0.325 0.01875 0.08671875
0 0.6140625 0.30390625 0.046875 0.08671875
0 0.5578125 0.25625 0.04453125 0.078125
0 0.6359375 0.203125 0.03828125 0.06796875
0 0.62109375 0.11796875 0.03359375 0.05
1 0.61171875 0.08125 0.0109375 0.04140625
0 0.665625 0.08671875 0.028125 0.05390625
3 0.684375 0.03359375 0.02109375 0.03984375
0 0.6609375 0.025 0.01640625 0.03125
0 0.81015625 0.1 0.02265625 0.0390625
