1 0.64765625 0.73984375 0.05859375 0.15546875
3 0.66953125 0.48359375 0.1640625 0.26875
0 0.54765625 0.35625 0.05078125 0.1140625
0 0.61640625 0.2484375 0.04609375 0.090625
0 0.55546875 0.253125 0.04453125 0.08515625
0 0.59765625 0.146875 0.03828125 0.0734375
0 0.64765625 0.1515625 0.028125 0.05625
0 0.6359375 0.08125 0.025 0.03828125
0 0.640625 0.04609375 0.01640625 0.028125
0 0.678125 0.065625 0.02734375 0.04296875
1 0.6625 0.059375 0.01328125 0.04609375
0 0.81015625 0.1015625 0.01953125 0.0390625
