0 0.63359375 0.90859375 0.14375 0.18125
0 0.63671875 0.671875 0.121875 0.2296875
0 0.66484375 0.49296875 0.08671875 0.1296875
0 0.54609375 0.45078125 0.06015625 0.12578125
0 0.60390625 0.3140625 0.04296875 0.084375
0 0.5359375 0.31171875 0.0515625 0.08125
0 0.47578125 0.28828125 0.04765625 0.08046875
1 0.63515625 0.25859375 0.0140625 0.07109375
0 0.634375 0.19921875 0.0375 0.0609375
0 0.578125 0.1984375 0.0421875 0.07421875
0 0.5625 0.134375 0.03515625 0.05078125
0 0.60859375 0.140625 0.03203125 0.04609375
0 0.6546875 0.1421875 0.02578125 0.05078125
0 0.628125 0.08984375 0.02421875 0.04453125
0 0.6671875 0.1015625 0.02421875 0.04296875
0 0.6515625 0.053125 0.02421875 0.0359375
0 0.665625 0.02421875 0.01484375 0.025
0 0.6796875 0.0734375 0.01953125 0.0390625
0 0.8109375 0.09921875 0.02265625 0.034375
