0 0.54765625 0.59296875 0.08359375 0.1640625
0 0.78671875 0.64375 0.13203125 0.1796875
0 0.52265625 0.39296875 0.053125 0.10546875
0 0.60546875 0.3515625 0.0484375 0.10546875
0 0.61640625 0.240625 0.0484375 0.0890625
0 0.57265625 0.2234375 0.04453125 0.06953125
0 0.55859375 0.1578125 0.03984375 0.065625
0 0.81015625 0.1 0.02109375 0.0390625
1 0.8109375 0.11796875 0.01015625 0.03515625
0 0.6140625 0.12734375 0.02890625 0.0546875
0 0.6453125 0.16875 0.0328125 0.059375
0 0.64140625 0.0828125 0.028125 0.0453125
0 0.6453125 0.03984375 0.01953125 0.04453125
0 0.66484375 0.05546875 0.01875 0.0359375
