0 0.86328125 0.87421875 0.19765625 0.24921875
2 0.0390625 0.86328125 0.07734375 0.26484375
0 0.5671875 0.509375 0.0734375 0.13125
0 0.6578125 0.421875 0.075 0.12421875
0 0.54140625 0.36796875 0.05625 0.11953125
0 0.60859375 0.28203125 0.04296875 0.08359375
0 0.55703125 0.259375 0.04296875 0.0796875
0 0.6421875 0.1859375 0.03671875 0.06640625
0 0.6015625 0.16875 0.03046875 0.05546875
0 0.66171875 0.1265625 0.02734375 0.04609375
0 0.809375 0.1015625 0.02109375 0.03203125
0 0.6359375 0.0890625 0.025 0.04296875
0 0.61796875 0.071875 0.01953125 0.03671875
0 0.62421875 0.0421875 0.021875 0.0265625
0 0.67421875 0.0953125 0.02734375 0.040625
0 0.68359375 0.05390625 0.0203125 0.03515625
0 0.6515625 0.0453125 0.021875 0.03359375
