0 0.76328125 0.65703125 0.13046875 0.1890625
0 0.58515625 0.7234375 0.1625 0.278125
1 0.44609375 0.5515625 0.02578125 0.1234375
1 0.51171875 0.57578125 0.02734375 0.12578125
0 0.5609375 0.46015625 0.06953125 0.140625
1 0.515625 0.39453125 0.0203125 0.1015625
0 0.58359375 0.334375 0.05859375 0.125
0 0.5578125 0.246875 0.05078125 0.09296875
0 0.61875 0.24609375 0.04140625 0.07890625
0 0.6453125 0.16328125 0.03203125 0.06328125
0 0.5984375 0.15625 0.03671875 0.05390625
0 0.81015625 0.103125 0.025 0.040625
2 0.04140625 0.8640625 0.0796875 0.2703125
3 0.67578125 0.06953125 0.03203125 0.0609375
3 0.6109375 0.065625 0.02890625 0.05
0 0.6625 0.02734375 0.025 0.03828125
