1 0.48046875 0.25390625 0.021875 0.05546875
0 0.4703125 0.321875 0.06015625 0.08125
0 0.6453125 0.85546875 0.14453125 0.26875
0 0.7484375 0.6203125 0.13671875 0.1796875
0 0.54453125 0.5171875 0.08203125 0.15859375
0 0.60546875 0.35234375 0.05390625 0.11015625
0 0.56640625 0.28046875 0.04609375 0.090625
0 0.628125 0.2515625 0.04296875 0.075
0 0.5890625 0.19296875 0.03828125 0.065625
0 0.56328125 0.15 0.0359375 0.05
0 0.64765625 0.16171875 0.0359375 0.05703125
1 0.6359375 0.12578125 0.01328125 0.0484375
0 0.59375 0.08671875 0.02890625 0.04296875
0 0.60859375 0.13359375 0.03125 0.05
0 0.6375 0.078125 0.02421875 0.04453125
0 0.67265625 0.071875 0.02265625 0.040625
0 0.81015625 0.1015625 0.021875 0.0359375
0 0.659375 0.03203125 0.01953125 0.025
0 0.6875 0.04140625 0.02421875 0.03203125
0 0.665625 0.01171875 0.02421875 0.0234375
