0 0.56796875 0.62109375 0.09140625 0.1890625
0 0.85859375 0.734375 0.15546875 0.21171875
0 0.70390625 0.49921875 0.1 0.14375
0 0.81015625 0.10546875 0.02578125 0.03984375
0 0.521875 0.3828125 0.0609375 0.14921875
0 0.6125 0.26328125 0.04140625 0.07890625
0 0.58671875 0.209375 0.03515625 0.06953125
0 0.6390625 0.18515625 0.0359375 0.0609375
0 0.61328125 0.1359375 0.03203125 0.05546875
0 0.64609375 0.0703125 0.025 0.04453125
0 0.67421875 0.08125 0.02421875 0.05078125
0 0.65859375 0.03203125 0.01796875 0.03203125
0 0.6828125 0.0546875 0.01953125 0.040625
