1 0.5171875 0.56171875 0.06953125 0.1015625
1 0.51640625 0.52109375 0.0703125 0.09453125
1 0.6734375 0.47109375 0.06484375 0.09453125
1 0.76796875 0.4921875 0.06875 0.0765625
1 0.77890625 0.44375 0.06640625 0.08359375
0 0.63359375 0.20703125 0.0421875 0.07578125
0 0.57265625 0.21015625 0.04140625 0.06875
0 0.528125 0.1671875 0.04765625 0.075
0 0.57734375 0.12890625 0.034375 0.053125
0 0.62109375 0.121875 0.0328125 0.05546875
1 0.64453125 0.09609375 0.0109375 0.046875
0 0.65 0.17265625 0.03359375 0.06015625
0 0.6609375 0.13671875 0.02578125 0.0453125
0 0.60546875 0.08046875 0.03046875 0.04453125
0 0.675 0.08203125 0.0234375 0.03828125
0 0.684375 0.053125 0.02109375 0.034375
0 0.66484375 0.0265625 0.021875 0.040625
0 0.81015625 0.1046875 0.02109375 0.03515625
3 0.6375 0.028125 0.02890625 0.05546875
0 0.6640625 0.10625 0.03046875 0.0421875
