0 0.6546875 0.70703125 0.11484375 0.20625
0 0.7828125 0.5796875 0.11796875 0.16484375
1 0.5390625 0.47421875 0.0265625 0.10859375
0 0.609375 0.321875 0.05390625 0.11953125
0 0.54296875 0.303125 0.053125 0.0890625
3 0.6515625 0.1359375 0.05 0.1015625
0 0.61640625 0.1234375 0.02421875 0.04609375
0 0.63828125 0.071875 0.02421875 0.03671875
0 0.671875 0.08046875 0.02890625 0.04296875
0 0.81015625 0.09921875 0.021875 0.034375
0 0.68515625 0.03671875 0.01796875 0.03828125
0 0.65859375 0.0203125 0.028125 0.040625
