0 0.634375 0.75234375 0.12109375 0.2234375
0 0.92578125 0.75390625 0.146875 0.20703125
0 0.66796875 0.47578125 0.08515625 0.1359375
0 0.5796875 0.3484375 0.053125 0.0984375
0 0.6109375 0.24765625 0.04921875 0.0859375
3 0.55546875 0.21640625 0.059375 0.1296875
1 0.6375 0.18125 0.01171875 0.05390625
0 0.59765625 0.16328125 0.03046875 0.0515625
0 0.66015625 0.10859375 0.02265625 0.053125
0 0.63046875 0.09921875 0.02578125 0.04453125
1 0.65703125 0.06328125 0.00703125 0.03828125
0 0.63515625 0.03046875 0.01953125 0.03203125
0 0.68515625 0.04921875 0.02265625 0.04453125
0 0.809375 0.10078125 0.02109375 0.034375
