0 0.79296875 0.72421875 0.13671875 0.19453125
0 0.809375 0.096875 0.02578125 0.03515625
0 0.58359375 0.19765625 0.03984375 0.06015625
0 0.6359375 0.1984375 0.0359375 0.065625
0 0.60234375 0.15546875 0.0375 0.0609375
0 0.646875 0.15234375 0.03671875 0.05859375
0 0.6203125 0.1125 0.03046875 0.03984375
0 0.65625 0.1171875 0.02578125 0.03828125
0 0.640625 0.07421875 0.025 0.03984375
0 0.671875 0.08359375 0.02890625 0.04375
0 0.640625 0.0390625 0.02578125 0.03515625
0 0.68203125 0.053125 0.01953125 0.03515625
