0 0.721875 0.7390625 0.13984375 0.2203125
0 0.9296875 0.725 0.13984375 0.2203125
0 0.5796875 0.503125 0.07734375 0.14453125
0 0.62578125 0.359375 0.04765625 0.1140625
0 0.55 0.32109375 0.0453125 0.07890625
1 0.509375 0.4046875 0.02421875 0.09296875
0 0.56875 0.23671875 0.046875 0.07109375
0 0.6359375 0.19140625 0.0390625 0.059375
0 0.60703125 0.146875 0.0328125 0.05546875
0 0.66015625 0.109375 0.02421875 0.0515625
0 0.62890625 0.0953125 0.02578125 0.05546875
0 0.65625 0.0375 0.0203125 0.03984375
0 0.671875 0.07578125 0.025 0.0484375
1 0.60234375 0.084375 0.0109375 0.0484375
0 0.81015625 0.0984375 0.021875 0.03515625
