0 0.68125 0.76640625 0.12265625 0.2109375
0 0.5375 0.43828125 0.06484375 0.14609375
0 0.6546875 0.496875 0.08359375 0.13203125
1 0.584375 0.39609375 0.01953125 0.09296875
0 0.4390625 0.3359375 0.06015625 0.090625
0 0.60625 0.31953125 0.04765625 0.1046875
0 0.625 0.21171875 0.04140625 0.07109375
3 0.56796875 0.18125 0.06328125 0.14296875
0 0.65625 0.13125 0.03046875 0.05859375
0 0.6078125 0.12890625 0.0171875 0.0453125
0 0.63828125 0.07578125 0.025 0.0484375
0 0.6265625 0.0359375 0.02578125 0.03984375
0 0.65625 0.04375 0.0234375 0.03671875
0 0.80859375 0.103125 0.01953125 0.0359375
