0 0.57421875 0.45546875 0.06796875 0.134375
0 0.5421875 0.3171875 0.06328125 0.11015625
0 0.6140625 0.290625 0.046875 0.08203125
0 0.521875 0.21015625 0.046875 0.06484375
0 0.63203125 0.21328125 0.04765625 0.059375
0 0.590625 0.19296875 0.0390625 0.05859375
0 0.55234375 0.16328125 0.0421875 0.059375
1 0.596875 0.10625 0.0140625 0.046875
1 0.603125 0.153125 0.01484375 0.0359375
0 0.65390625 0.1484375 0.028125 0.05859375
0 0.62890625 0.11015625 0.02421875 0.04296875
0 0.63515625 0.07890625 0.02109375 0.034375
0 0.66796875 0.10546875 0.02890625 0.04609375
0 0.64375 0.06484375 0.0234375 0.03671875
0 0.65546875 0.04375 0.02265625 0.03359375
0 0.81015625 0.09609375 0.02265625 0.0390625
1 0.8109375 0.11328125 0.01015625 0.03359375
1 0.03359375 0.440625 0.04453125 0.07578125
0 0.678125 0.0734375 0.0265625 0.04375
0 0.68515625 0.0578125 0.021875 0.03984375
0 0.81171875 0.9421875 0.140625 0.115625
