0 0.7 0.859375 0.13359375 0.24453125
0 0.5359375 0.4125 0.05703125 0.1265625
0 0.59765625 0.315625 0.05 0.09453125
1 0.56015625 0.24453125 0.01796875 0.06953125
0 0.615625 0.24453125 0.04921875 0.06953125
0 0.60625 0.14453125 0.0328125 0.05390625
0 0.64921875 0.15078125 0.03046875 0.0484375
0 0.63671875 0.08203125 0.025 0.04375
0 0.67578125 0.08515625 0.02578125 0.04296875
0 0.65546875 0.03671875 0.01640625 0.03046875
0 0.68515625 0.040625 0.021875 0.034375
0 0.809375 0.09921875 0.0203125 0.03203125
1 0.8125 0.1140625 0.0109375 0.03125
0 0.96484375 0.8609375 0.0703125 0.221875
