0 0.86953125 0.8734375 0.18359375 0.24375
0 0.60234375 0.6421875 0.11171875 0.19375
0 0.75859375 0.559375 0.12421875 0.178125
0 0.4875 0.40859375 0.05859375 0.11953125
1 0.50859375 0.28359375 0.01328125 0.08125
0 0.53984375 0.315625 0.0453125 0.08984375
0 0.6078125 0.30078125 0.04296875 0.09296875
0 0.57109375 0.21953125 0.04453125 0.06953125
0 0.621875 0.23125 0.0390625 0.06953125
0 0.64375 0.16640625 0.03671875 0.06796875
1 0.6125 0.07109375 0.01015625 0.04296875
0 0.63515625 0.090625 0.02578125 0.04609375
0 0.66328125 0.12109375 0.02265625 0.04609375
0 0.68046875 0.06484375 0.0203125 0.040625
0 0.65546875 0.03125 0.02265625 0.034375
0 0.81015625 0.10078125 0.02109375 0.03515625
1 0.634375 0.025 0.00703125 0.028125
