0 0.7234375 0.84609375 0.17421875 0.28828125
0 0.790625 0.60390625 0.1390625 0.17421875
0 0.6140625 0.37578125 0.06015625 0.1140625
0 0.5265625 0.37578125 0.05390625 0.1140625
0 0.6171875 0.24765625 0.0421875 0.075
0 0.58203125 0.1765625 0.03359375 0.053125
0 0.63984375 0.1890625 0.03671875 0.065625
0 0.6609375 0.109375 0.025 0.0515625
0 0.63125 0.0890625 0.02578125 0.06015625
0 0.6296875 0.0375 0.01953125 0.03203125
0 0.6578125 0.040625 0.01796875 0.034375
0 0.6828125 0.0625 0.02421875 0.0359375
0 0.7578125 0.09453125 0.028125 0.04296875
0 0.8109375 0.103125 0.02421875 0.040625
1 0.81015625 0.1140625 0.00625 0.03203125
0 0.66640625 0.0171875 0.0203125 0.03125
