1 0.92734375 0.72734375 0.07578125 0.1546875
0 0.61875 0.4171875 0.06640625 0.11796875
0 0.5 0.46953125 0.06484375 0.13671875
0 0.55078125 0.359375 0.05078125 0.10625
0 0.56015625 0.2609375 0.046875 0.0796875
0 0.621875 0.24296875 0.04453125 0.0734375
0 0.5359375 0.19375 0.04140625 0.06015625
0 0.5953125 0.17109375 0.03515625 0.05625
0 0.565625 0.134375 0.02421875 0.0484375
0 0.64609375 0.146875 0.028125 0.05859375
0 0.615625 0.11875 0.028125 0.0515625
0 0.58984375 0.11015625 0.025 0.05
0 0.60234375 0.06796875 0.02578125 0.04296875
0 0.63515625 0.08125 0.01953125 0.04140625
0 0.66484375 0.10703125 0.02578125 0.04375
0 0.675 0.08046875 0.02890625 0.04609375
0 0.64765625 0.059375 0.02109375 0.03828125
3 0.65859375 0.025 0.02734375 0.0390625
0 0.8109375 0.1015625 0.02265625 0.03984375
1 0.81171875 0.1140625 0.009375 0.03359375
