3 0.74375 0.58203125 0.22734375 0.359375
0 0.528125 0.46484375 0.07265625 0.14609375
0 0.5953125 0.3265625 0.04765625 0.0984375
0 0.5359375 0.271875 0.05859375 0.10703125
0 0.62890625 0.22109375 0.04296875 0.08203125
3 0.58359375 0.1671875 0.04609375 0.11015625
0 0.64375 0.16953125 0.0296875 0.05703125
0 0.6125 0.1328125 0.02578125 0.0546875
3 0.659375 0.0953125 0.04140625 0.0984375
0 0.63359375 0.07109375 0.01640625 0.04296875
0 0.81015625 0.09921875 0.02265625 0.03671875
3 0.96953125 0.75234375 0.0609375 0.3703125
3 0.65234375 0.0234375 0.0453125 0.046875
