1 0.80546875 0.75546875 0.04609375 0.1640625
0 0.27578125 0.4265625 0.11796875 0.0984375
0 0.4734375 0.384375 0.05234375 0.1140625
0 0.60859375 0.2921875 0.04609375 0.08984375
0 0.54296875 0.30078125 0.04765625 0.08125
1 0.51796875 0.2734375 0.01640625 0.06953125
0 0.51484375 0.23359375 0.0453125 0.0703125
0 0.5875 0.1921875 0.03515625 0.06796875
0 0.6375 0.1875 0.03828125 0.06953125
0 0.603125 0.13984375 0.02734375 0.04453125
1 0.59609375 0.0984375 0.01015625 0.04296875
0 0.6546875 0.13125 0.02265625 0.04296875
0 0.621875 0.10078125 0.01875 0.040625
0 0.6359375 0.0859375 0.02421875 0.040625
0 0.66484375 0.103125 0.028125 0.040625
0 0.64453125 0.0625 0.02109375 0.03203125
0 0.65 0.04921875 0.01953125 0.03046875
0 0.65703125 0.0328125 0.02265625 0.0359375
0 0.6765625 0.078125 0.02421875 0.04140625
0 0.68125 0.05390625 0.01875 0.03359375
0 0.81015625 0.10078125 0.021875 0.03984375
