0 0.88046875 0.6765625 0.16484375 0.24296875
0 0.56953125 0.46953125 0.06953125 0.125
0 0.475 0.43359375 0.0578125 0.13046875
3 0.63984375 0.3375 0.084375 0.18984375
1 0.446875 0.3359375 0.025 0.08828125
0 0.59296875 0.2 0.04296875 0.078125
0 0.54453125 0.16640625 0.03828125 0.0734375
0 0.57421875 0.134375 0.02734375 0.0484375
0 0.61015625 0.14375 0.03203125 0.075
0 0.64765625 0.15859375 0.02734375 0.05390625
0 0.6625 0.1015625 0.03046875 0.05625
0 0.62890625 0.09140625 0.01796875 0.0296875
0 0.65078125 0.040625 0.034375 0.04609375
0 0.81015625 0.0984375 0.021875 0.03515625
0 0.54296875 0.325 0.0578125 0.10703125
