0 0.7578125 0.89140625 0.17734375 0.215625
0 0.57265625 0.59453125 0.10859375 0.19921875
0 0.7109375 0.603125 0.11953125 0.16875
0 0.525 0.33359375 0.05078125 0.1046875
3 0.4484375 0.3375 0.0703125 0.11953125
0 0.628125 0.209375 0.0390625 0.06640625
0 0.603125 0.15234375 0.03515625 0.0546875
3 0.6453125 0.15 0.04765625 0.09609375
0 0.6296875 0.09921875 0.0265625 0.0484375
1 0.6578125 0.0875 0.0109375 0.0359375
0 0.67734375 0.0609375 0.021875 0.0484375
0 0.81015625 0.09921875 0.02109375 0.03359375
2 0.03984375 0.86171875 0.078125 0.27421875
0 0.66171875 0.02578125 0.0171875 0.0296875
