0 0.82421875 0.59140625 0.16953125 0.19921875
0 0.615625 0.83828125 0.12421875 0.24453125
1 0.47890625 0.57265625 0.03125 0.1234375
1 0.4984375 0.40390625 0.02109375 0.09921875
3 0.59609375 0.4125 0.10625 0.21171875
0 0.55390625 0.271875 0.04765625 0.08515625
0 0.6109375 0.31953125 0.0390625 0.08359375
1 0.603125 0.24296875 0.01328125 0.05859375
3 0.63515625 0.175 0.05546875 0.1390625
0 0.6703125 0.08125 0.03359375 0.053125
1 0.603125 0.0828125 0.0109375 0.04375
1 0.62265625 0.08671875 0.009375 0.04296875
1 0.6359375 0.06171875 0.00859375 0.040625
0 0.60390625 0.1484375 0.02265625 0.05859375
1 0.63046875 0.090625 0.00859375 0.028125
0 0.81015625 0.096875 0.021875 0.03046875
