0 0.61640625 0.63359375 0.12890625 0.21796875
0 0.73671875 0.546875 0.14609375 0.18359375
0 0.52421875 0.38671875 0.05390625 0.11015625
1 0.5640625 0.2984375 0.01953125 0.0796875
0 0.60859375 0.33359375 0.053125 0.10078125
0 0.6140625 0.25234375 0.0421875 0.0765625
1 0.590625 0.190625 0.01953125 0.0609375
0 0.81015625 0.1015625 0.02421875 0.0390625
0 0.63984375 0.16875 0.03125 0.05546875
0 0.609375 0.1390625 0.034375 0.05703125
0 0.61171875 0.065625 0.025 0.04296875
1 0.6375 0.090625 0.0109375 0.05
0 0.66875 0.08828125 0.02421875 0.0484375
0 0.6546875 0.0421875 0.0234375 0.0265625
