0 0.5984375 0.71640625 0.121875 0.21484375
0 0.77109375 0.61171875 0.12578125 0.165625
0 0.91015625 0.79609375 0.16953125 0.23125
0 0.5734375 0.22421875 0.04375 0.06796875
0 0.634375 0.21328125 0.03984375 0.0640625
0 0.59765625 0.15703125 0.040625 0.0640625
0 0.64921875 0.16015625 0.028125 0.05
1 0.5734375 0.14296875 0.01171875 0.05390625
0 0.81015625 0.0984375 0.02109375 0.03515625
0 0.65546875 0.11875 0.025 0.0484375
0 0.63203125 0.09375 0.02890625 0.04453125
0 0.60625 0.0765625 0.028125 0.04296875
1 0.66328125 0.03046875 0.009375 0.0390625
1 0.6609375 0.0734375 0.01328125 0.04609375
0 0.67421875 0.0890625 0.02734375 0.04609375
0 0.6796875 0.04921875 0.01796875 0.04453125
