0 0.83359375 0.653125 0.18515625 0.21875
3 0.63359375 0.75546875 0.21796875 0.48828125
0 0.53671875 0.4546875 0.0609375 0.13671875
0 0.63125 0.39140625 0.07265625 0.13515625
0 0.81015625 0.103125 0.021875 0.04453125
0 0.55859375 0.24296875 0.04453125 0.084375
0 0.515625 0.21484375 0.04140625 0.08359375
0 0.6015625 0.15390625 0.03515625 0.06171875
0 0.65078125 0.153125 0.025 0.04921875
0 0.60234375 0.08125 0.02265625 0.04140625
1 0.6296875 0.09140625 0.0109375 0.0484375
0 0.6453125 0.07578125 0.01953125 0.03671875
0 0.67578125 0.08515625 0.02109375 0.04296875
0 0.6546875 0.04296875 0.01953125 0.03515625
0 0.68984375 0.0234375 0.01953125 0.03125
