1 0.54375 0.44453125 0.02265625 0.109375
0 0.68828125 0.496875 0.09140625 0.14296875
0 0.6984375 0.85625 0.16328125 0.28515625
0 0.96484375 0.82578125 0.06953125 0.1515625
0 0.54140625 0.3265625 0.05234375 0.090625
0 0.61015625 0.3046875 0.05078125 0.1
0 0.6375 0.1890625 0.03671875 0.06953125
0 0.59765625 0.16875 0.03203125 0.059375
0 0.65859375 0.1265625 0.02734375 0.05
0 0.64375 0.05390625 0.0234375 0.03515625
0 0.67734375 0.0640625 0.025 0.04609375
0 0.65234375 0.0109375 0.01875 0.01796875
0 0.66640625 0.01875 0.01640625 0.02578125
0 0.81015625 0.1015625 0.02265625 0.0390625
