1 0.9609375 0.7734375 0.0765625 0.13125
0 0.9515625 0.90546875 0.09609375 0.171875
0 0.8109375 0.10078125 0.02265625 0.03671875
0 0.5375 0.203125 0.03828125 0.06796875
0 0.58671875 0.2078125 0.04453125 0.0734375
0 0.63359375 0.209375 0.03359375 0.06328125
0 0.65 0.15703125 0.03359375 0.0515625
0 0.6046875 0.1453125 0.02734375 0.040625
0 0.6546875 0.12734375 0.025 0.03203125
0 0.66328125 0.08828125 0.02578125 0.04453125
0 0.684375 0.0734375 0.01796875 0.02890625
0 0.6828125 0.04609375 0.02109375 0.03359375
