0 0.70546875 0.4984375 0.10859375 0.1453125
0 0.5484375 0.46796875 0.09453125 0.253125
1 0.62578125 0.3609375 0.02109375 0.09140625
0 0.61484375 0.25546875 0.04765625 0.07109375
3 0.5390625 0.209375 0.06796875 0.140625
1 0.59765625 0.20859375 0.01328125 0.06796875
0 0.64375 0.16953125 0.03203125 0.06953125
0 0.66171875 0.103125 0.02734375 0.0484375
1 0.58359375 0.13125 0.01015625 0.053125
1 0.5828125 0.0953125 0.01171875 0.03359375
1 0.6265625 0.0984375 0.01171875 0.0453125
1 0.63046875 0.078125 0.00859375 0.03828125
0 0.6296875 0.040625 0.02421875 0.034375
0 0.68359375 0.0515625 0.02109375 0.04609375
0 0.8109375 0.10078125 0.02109375 0.03359375
