0 0.6234375 0.71875 0.1421875 0.2296875
3 0.8203125 0.640625 0.30703125 0.5046875
0 0.503125 0.45703125 0.07109375 0.13515625
0 0.62890625 0.4234375 0.06484375 0.11796875
0 0.521875 0.31640625 0.05546875 0.09609375
0 0.5109375 0.2546875 0.04140625 0.06484375
1 0.546875 0.215625 0.01171875 0.06796875
1 0.60625 0.19296875 0.01640625 0.06953125
0 0.5671875 0.25234375 0.04140625 0.0734375
0 0.60546875 0.284375 0.04453125 0.09453125
0 0.6296875 0.22265625 0.0421875 0.06796875
0 0.6125 0.14296875 0.034375 0.05703125
0 0.65625 0.14921875 0.0296875 0.0515625
1 0.6078125 0.09921875 0.01015625 0.03671875
0 0.63125 0.08984375 0.02109375 0.04453125
0 0.66171875 0.096875 0.028125 0.0484375
0 0.68125 0.06640625 0.02109375 0.04453125
0 0.65546875 0.04921875 0.02421875 0.04453125
1 0.6359375 0.02265625 0.0109375 0.034375
0 0.8109375 0.1015625 0.02265625 0.03984375
0 0.80234375 0.040625 0.03515625 0.04140625
