0 0.73125 0.78828125 0.1640625 0.221875
0 0.709375 0.54921875 0.11015625 0.146875
0 0.4921875 0.515625 0.071875 0.140625
1 0.62578125 0.43203125 0.028125 0.096875
0 0.46953125 0.3734375 0.05 0.09453125
0 0.61015625 0.3109375 0.04609375 0.1046875
3 0.54453125 0.2890625 0.059375 0.10078125
0 0.5765625 0.215625 0.04296875 0.0640625
0 0.6421875 0.1609375 0.0328125 0.0640625
0 0.60703125 0.071875 0.02734375 0.04453125
0 0.6671875 0.08671875 0.028125 0.03984375
1 0.64609375 0.08203125 0.00859375 0.04609375
1 0.653125 0.053125 0.0078125 0.0296875
1 0.6625 0.03203125 0.01015625 0.034375
0 0.6453125 0.0234375 0.01953125 0.03359375
0 0.684375 0.05 0.0234375 0.03515625
0 0.8109375 0.1 0.02109375 0.0296875
