0 0.5546875 0.53671875 0.07265625 0.1515625
0 0.85390625 0.69375 0.14609375 0.1984375
0 0.0765625 0.44140625 0.10859375 0.09296875
0 0.55859375 0.34921875 0.046875 0.10390625
0 0.50234375 0.25703125 0.046875 0.0796875
1 0.5234375 0.19921875 0.01015625 0.03984375
0 0.60546875 0.28203125 0.03828125 0.08671875
0 0.58125 0.22890625 0.0359375 0.065625
0 0.5671875 0.18671875 0.03046875 0.0609375
0 0.63828125 0.19140625 0.03359375 0.059375
0 0.61015625 0.15078125 0.03359375 0.0546875
0 0.59609375 0.0859375 0.03203125 0.0515625
0 0.66171875 0.121875 0.03125 0.0484375
0 0.63046875 0.09140625 0.02734375 0.0484375
0 0.6515625 0.05390625 0.01953125 0.03515625
3 0.675 0.0828125 0.02890625 0.06171875
0 0.8109375 0.10234375 0.02109375 0.034375
