3 0.69921875 0.78671875 0.178125 0.41328125
0 0.7203125 0.521875 0.10234375 0.1390625
0 0.5296875 0.42109375 0.06328125 0.11171875
0 0.61484375 0.32421875 0.05234375 0.1
0 0.53984375 0.25078125 0.06328125 0.1546875
0 0.63515625 0.19453125 0.03984375 0.0734375
0 0.59140625 0.17265625 0.0359375 0.05625
0 0.81171875 0.09921875 0.02265625 0.03359375
1 0.81484375 0.11328125 0.01171875 0.0484375
0 0.61875 0.11953125 0.02890625 0.05390625
0 0.65859375 0.11171875 0.03828125 0.08125
0 0.65078125 0.04296875 0.01640625 0.02890625
0 0.678125 0.065625 0.02109375 0.0390625
