1 0.475 0.94609375 0.10703125 0.10625
0 0.65546875 0.73515625 0.12890625 0.22421875
0 0.68515625 0.48828125 0.08671875 0.13515625
0 0.5578125 0.42265625 0.06328125 0.11953125
0 0.60859375 0.26796875 0.0421875 0.084375
0 0.55546875 0.2390625 0.046875 0.0765625
0 0.6078125 0.1484375 0.03359375 0.05390625
0 0.6375 0.19140625 0.034375 0.059375
0 0.65625 0.128125 0.02578125 0.04921875
0 0.62421875 0.09921875 0.025 0.03671875
0 0.6453125 0.06484375 0.02109375 0.040625
0 0.675 0.065625 0.02734375 0.04453125
0 0.81015625 0.09921875 0.02109375 0.03671875
0 0.65703125 0.0390625 0.01953125 0.02890625
