0 0.4734375 0.49921875 0.0671875 0.14375
0 0.66484375 0.65 0.12734375 0.19296875
0 0.94765625 0.7046875 0.10390625 0.2203125
0 0.553125 0.3703125 0.0546875 0.1390625
0 0.603125 0.31328125 0.04609375 0.0953125
0 0.5890625 0.18359375 0.04296875 0.06796875
0 0.63515625 0.20234375 0.03671875 0.06171875
0 0.65078125 0.13671875 0.02890625 0.0609375
0 0.62890625 0.0890625 0.02734375 0.05
0 0.67421875 0.08828125 0.02734375 0.04453125
0 0.67890625 0.05703125 0.02265625 0.0359375
0 0.64375 0.01953125 0.01953125 0.03203125
0 0.81015625 0.10078125 0.02421875 0.0359375
1 0.81171875 0.11171875 0.00703125 0.02890625
