0 0.94140625 0.771875 0.11640625 0.20859375
0 0.5765625 0.55625 0.0828125 0.159375
0 0.6828125 0.54609375 0.0984375 0.16171875
3 0.53359375 0.32421875 0.05703125 0.1890625
3 0.54375 0.171875 0.06484375 0.13046875
0 0.61015625 0.31015625 0.04921875 0.09609375
0 0.63359375 0.20546875 0.0359375 0.059375
0 0.65078125 0.13984375 0.02890625 0.0484375
1 0.61171875 0.06796875 0.01484375 0.0390625
0 0.64765625 0.0484375 0.02109375 0.0390625
0 0.6796875 0.059375 0.0203125 0.03828125
0 0.6625 0.0984375 0.021875 0.03515625
0 0.809375 0.1015625 0.02265625 0.0359375
0 0.05859375 0.44921875 0.1171875 0.115625
