3 0.63203125 0.38828125 0.10390625 0.175
0 0.3953125 0.3859375 0.1046875 0.1234375
0 0.52890625 0.3203125 0.0609375 0.10390625
0 0.48359375 0.28359375 0.05546875 0.1
0 0.53046875 0.20703125 0.03828125 0.06328125
0 0.5703125 0.23828125 0.04140625 0.0640625
0 0.61875 0.25078125 0.03984375 0.065625
0 0.63828125 0.1921875 0.0359375 0.06015625
0 0.58515625 0.18515625 0.03359375 0.04609375
0 0.56953125 0.1328125 0.03359375 0.05859375
0 0.61640625 0.15390625 0.03203125 0.05859375
0 0.659375 0.125 0.028125 0.05390625
1 0.60625 0.0890625 0.0140625 0.04609375
3 0.63203125 0.08203125 0.03515625 0.075
0 0.68125 0.04296875 0.02421875 0.05
0 0.653125 0.0484375 0.021875 0.03828125
0 0.809375 0.096875 0.02265625 0.03671875
0 0.6640625 0.01875 0.0140625 0.0234375
