0 0.73203125 0.9109375 0.14609375 0.17578125
1 0.6625 0.71328125 0.05390625 0.15078125
0 0.684375 0.57421875 0.09453125 0.1546875
0 0.53984375 0.47890625 0.06484375 0.13515625
0 0.471875 0.321875 0.05703125 0.08515625
0 0.5546875 0.27890625 0.046875 0.0796875
0 0.61015625 0.3453125 0.046875 0.09609375
0 0.628125 0.215625 0.04296875 0.084375
1 0.55 0.21171875 0.01328125 0.05625
0 0.58515625 0.20703125 0.0421875 0.065625
0 0.53515625 0.190625 0.03984375 0.0609375
1 0.5765625 0.14609375 0.0140625 0.05546875
0 0.609375 0.14921875 0.03359375 0.0484375
0 0.6625 0.134375 0.03046875 0.05625
0 0.62890625 0.10625 0.028125 0.04296875
1 0.5890625 0.10703125 0.00859375 0.04921875
0 0.67578125 0.0734375 0.02734375 0.0484375
0 0.653125 0.046875 0.0203125 0.0359375
0 0.6625 0.028125 0.0171875 0.03046875
0 0.81015625 0.10078125 0.0234375 0.040625
