1 0.8484375 0.840625 0.0703125 0.16796875
1 0.7859375 0.690625 0.04765625 0.1390625
0 0.61953125 0.5296875 0.0984375 0.17578125
0 0.54609375 0.3640625 0.05234375 0.1046875
0 0.5234375 0.23203125 0.04296875 0.071875
0 0.15546875 0.40859375 0.16484375 0.16171875
0 0.81015625 0.10078125 0.02265625 0.03671875
1 0.56953125 0.184375 0.0140625 0.06328125
3 0.621875 0.2171875 0.09140625 0.14921875
3 0.63828125 0.13359375 0.06171875 0.0890625
0 0.63984375 0.065625 0.02734375 0.034375
0 0.64375 0.0359375 0.0203125 0.02890625
0 0.675 0.0671875 0.02421875 0.04140625
0 0.68359375 0.0390625 0.01953125 0.03203125
