0 0.69609375 0.87890625 0.1625 0.240625
1 0.91015625 0.68125 0.06875 0.15078125
0 0.6765625 0.50078125 0.08828125 0.1359375
0 0.553125 0.5953125 0.09921875 0.190625
0 0.53125 0.38359375 0.05625 0.115625
0 0.42734375 0.3546875 0.07421875 0.10390625
0 0.55625 0.25703125 0.04375 0.08359375
0 0.625 0.234375 0.0421875 0.06796875
0 0.8109375 0.09921875 0.02109375 0.03828125
0 0.6046875 0.1515625 0.03671875 0.05625
0 0.646875 0.16171875 0.03359375 0.05703125
0 0.65859375 0.109375 0.02421875 0.03828125
0 0.640625 0.0734375 0.02578125 0.03515625
0 0.67265625 0.0765625 0.02421875 0.04609375
0 0.6359375 0.03828125 0.02265625 0.034375
0 0.671875 0.01328125 0.01484375 0.0234375
0 0.6828125 0.04609375 0.02421875 0.0359375
