0 0.56953125 0.51328125 0.06796875 0.13125
0 0.64609375 0.4609375 0.07734375 0.13125
0 0.53359375 0.378125 0.05234375 0.1
0 0.48515625 0.309375 0.0484375 0.08359375
0 0.60859375 0.32421875 0.04609375 0.1203125
0 0.56640625 0.24609375 0.04453125 0.075
0 0.60234375 0.16875 0.03359375 0.06015625
0 0.65078125 0.17421875 0.02734375 0.05625
0 0.62109375 0.1234375 0.03046875 0.05390625
0 0.66171875 0.11484375 0.02265625 0.0484375
0 0.64453125 0.065625 0.02578125 0.03515625
0 0.67734375 0.07578125 0.02578125 0.04453125
0 0.66796875 0.01875 0.01640625 0.03203125
0 0.81015625 0.09921875 0.02109375 0.03125
