0 0.47265625 0.596875 0.08046875 0.16796875
0 0.55078125 0.50859375 0.0671875 0.14453125
0 0.61640625 0.721875 0.10546875 0.2046875
0 0.69453125 0.56640625 0.09453125 0.17109375
0 0.63046875 0.25546875 0.0203125 0.071875
0 0.58203125 0.196875 0.04140625 0.06171875
0 0.62421875 0.13125 0.04140625 0.05078125
0 0.66953125 0.09296875 0.02578125 0.04609375
3 0.6765625 0.04921875 0.0296875 0.0453125
0 0.6625 0.021875 0.0140625 0.0296875
0 0.8109375 0.10234375 0.021875 0.03046875
1 0.64296875 0.16796875 0.02109375 0.03046875
0 0.634375 0.2125 0.05546875 0.06875
