0 0.91484375 0.71328125 0.15859375 0.20078125
0 0.73515625 0.85859375 0.18203125 0.28125
0 0.640625 0.58046875 0.12578125 0.21640625
0 0.4453125 0.51171875 0.0703125 0.16484375
0 0.54296875 0.44609375 0.06328125 0.13359375
0 0.63671875 0.39375 0.06328125 0.11796875
0 0.5453125 0.29765625 0.05234375 0.11015625
0 0.62109375 0.2484375 0.04296875 0.0734375
0 0.56953125 0.21953125 0.04375 0.0703125
0 0.640625 0.1765625 0.03515625 0.06171875
0 0.59296875 0.165625 0.03515625 0.059375
0 0.6109375 0.12578125 0.03359375 0.04609375
1 0.65703125 0.13515625 0.01171875 0.03359375
0 0.66953125 0.09921875 0.03046875 0.04375
0 0.64140625 0.07890625 0.02578125 0.03828125
0 0.61953125 0.0484375 0.02421875 0.05
0 0.67578125 0.0734375 0.02421875 0.03671875
0 0.65 0.0546875 0.0203125 0.03359375
0 0.66484375 0.02109375 0.01796875 0.03203125
0 0.68828125 0.046875 0.02109375 0.03515625
0 0.809375 0.10078125 0.0234375 0.0359375
