0 0.70546875 0.53125 0.1125 0.15703125
0 0.61484375 0.3625 0.053125 0.10078125
0 0.53671875 0.3703125 0.04921875 0.10390625
0 0.5515625 0.28125 0.0484375 0.07421875
0 0.6296875 0.2296875 0.04609375 0.08515625
0 0.58828125 0.19140625 0.03984375 0.065625
0 0.81015625 0.09921875 0.02265625 0.03671875
0 0.64609375 0.165625 0.03046875 0.05703125
0 0.6140625 0.1359375 0.03203125 0.0484375
0 0.63046875 0.096875 0.02890625 0.0390625
0 0.67109375 0.09296875 0.02890625 0.04375
0 0.67890625 0.065625 0.02265625 0.03203125
0 0.6015625 0.08046875 0.0296875 0.0453125
0 0.61640625 0.06171875 0.02109375 0.02890625
0 0.62421875 0.0421875 0.01875 0.02890625
0 0.64375 0.06171875 0.025 0.03984375
0 0.66015625 0.0265625 0.01640625 0.03046875
