1 0.77890625 0.78359375 0.06953125 0.178125
0 0.9109375 0.7640625 0.1765625 0.21328125
1 0.54765625 0.57578125 0.03359375 0.12578125
0 0.6609375 0.528125 0.11484375 0.18359375
0 0.51484375 0.45234375 0.05859375 0.1359375
1 0.509375 0.2625 0.0171875 0.0765625
1 0.58671875 0.22421875 0.01484375 0.06796875
0 0.625 0.2140625 0.0359375 0.065625
0 0.6421875 0.165625 0.0328125 0.05703125
0 0.6296875 0.0953125 0.03203125 0.0484375
0 0.65859375 0.1453125 0.028125 0.05546875
0 0.66328125 0.10625 0.025 0.046875
0 0.68125 0.0703125 0.0203125 0.03671875
0 0.80859375 0.10078125 0.02109375 0.034375
