0 0.66875 0.7765625 0.1203125 0.225
0 0.89921875 0.87421875 0.14453125 0.24921875
0 0.65234375 0.515625 0.08828125 0.1484375
0 0.565625 0.40234375 0.05390625 0.11015625
0 0.55703125 0.27421875 0.04921875 0.08515625
0 0.63046875 0.23515625 0.04453125 0.08125
0 0.6109375 0.14140625 0.03125 0.0515625
0 0.64765625 0.15859375 0.03515625 0.06015625
0 0.63125 0.084375 0.02578125 0.04453125
0 0.66484375 0.10078125 0.02734375 0.0484375
0 0.65625 0.04296875 0.0265625 0.05
0 0.67890625 0.0625 0.02109375 0.02890625
0 0.8109375 0.10625 0.0203125 0.03828125
