0 0.615625 0.63359375 0.11484375 0.1796875
0 0.65625 0.4796875 0.08359375 0.140625
0 0.59296875 0.30078125 0.04609375 0.090625
0 0.5390625 0.27109375 0.05390625 0.07421875
0 0.63125 0.2203125 0.04140625 0.07421875
0 0.590625 0.1734375 0.04140625 0.0703125
0 0.659375 0.13359375 0.03046875 0.05625
0 0.62109375 0.115625 0.03046875 0.06328125
0 0.63828125 0.075 0.03203125 0.05546875
0 0.6734375 0.09921875 0.02421875 0.0453125
0 0.67734375 0.065625 0.021875 0.034375
0 0.65078125 0.01171875 0.01953125 0.02109375
0 0.8109375 0.09921875 0.02421875 0.03671875
0 0.640625 0.03828125 0.03359375 0.0359375
