0 0.56953125 0.5640625 0.08359375 0.153125
0 0.759375 0.6328125 0.13671875 0.16953125
1 0.50546875 0.40390625 0.02265625 0.0984375
0 0.61640625 0.40390625 0.06171875 0.11015625
0 0.54375 0.3125 0.05703125 0.1046875
0 0.8109375 0.10078125 0.02265625 0.0484375
1 0.8109375 0.109375 0.0109375 0.034375
0 0.55703125 0.15859375 0.02734375 0.05390625
1 0.5875 0.15703125 0.01328125 0.0640625
0 0.615625 0.24296875 0.03515625 0.06171875
0 0.6140625 0.1890625 0.03359375 0.05
0 0.66328125 0.10234375 0.028125 0.06171875
0 0.6203125 0.1203125 0.03515625 0.0515625
0 0.6046875 0.1015625 0.02265625 0.0390625
0 0.6359375 0.075 0.01875 0.03515625
0 0.6296875 0.0375 0.02578125 0.02890625
3 0.68125 0.04921875 0.03515625 0.05546875
0 0.64765625 0.05078125 0.025 0.0390625
