0 0.93125 0.790625 0.13671875 0.215625
0 0.65 0.6875 0.11640625 0.20625
0 0.69140625 0.50078125 0.10234375 0.14140625
0 0.53046875 0.371875 0.05859375 0.10703125
0 0.6109375 0.31953125 0.05078125 0.10859375
0 0.575 0.21796875 0.046875 0.08046875
1 0.515625 0.253125 0.0171875 0.075
3 0.63125 0.165625 0.06015625 0.146875
0 0.6515625 0.04921875 0.0234375 0.034375
0 0.6765625 0.07421875 0.02265625 0.040625
0 0.8109375 0.10078125 0.02109375 0.03359375
0 0.6875 0.04375 0.01953125 0.02421875
0 0.66640625 0.11171875 0.02421875 0.05625
