3 0.71015625 0.81640625 0.26796875 0.36484375
0 0.6546875 0.515625 0.0890625 0.1546875
1 0.51328125 0.6015625 0.0296875 0.14296875
1 0.45625 0.51875 0.028125 0.1265625
1 0.53515625 0.45703125 0.02578125 0.10859375
1 0.50703125 0.403125 0.02109375 0.1046875
0 0.59609375 0.3078125 0.05234375 0.096875
0 0.5359375 0.28671875 0.05546875 0.08515625
0 0.6359375 0.1828125 0.0390625 0.0765625
0 0.621875 0.096875 0.02890625 0.04375
0 0.65625 0.1359375 0.02890625 0.05546875
0 0.66875 0.0828125 0.02265625 0.0453125
0 0.68515625 0.05078125 0.01953125 0.04453125
0 0.81171875 0.09921875 0.02421875 0.040625
