0 0.60234375 0.559375 0.08828125 0.14609375
0 0.33125 0.428125 0.11328125 0.10078125
0 0.59140625 0.36875 0.053125 0.10703125
0 0.55546875 0.2765625 0.0421875 0.08359375
0 0.52265625 0.24296875 0.03515625 0.06953125
0 0.62734375 0.21953125 0.04453125 0.06953125
0 0.58984375 0.19140625 0.03671875 0.059375
1 0.54453125 0.18046875 0.0140625 0.04453125
0 0.565625 0.14140625 0.0390625 0.0484375
0 0.6484375 0.17265625 0.03203125 0.06015625
0 0.6140625 0.13046875 0.02734375 0.04921875
0 0.66953125 0.09609375 0.02421875 0.0390625
0 0.63515625 0.08828125 0.028125 0.040625
0 0.64140625 0.05703125 0.02265625 0.02890625
0 0.6796875 0.0578125 0.01640625 0.03046875
0 0.75703125 0.07109375 0.01953125 0.0390625
0 0.81015625 0.103125 0.021875 0.0359375
3 0.7640625 0.025 0.03359375 0.04609375
