0 0.71171875 0.8515625 0.14921875 0.253125
0 0.96953125 0.746875 0.059375 0.1703125
0 0.603125 0.50546875 0.09140625 0.14296875
0 0.59375 0.34765625 0.053125 0.11796875
0 0.56015625 0.2453125 0.046875 0.0796875
0 0.61796875 0.25 0.04296875 0.07421875
0 0.59140625 0.16796875 0.04453125 0.065625
0 0.57421875 0.13125 0.03046875 0.04921875
0 0.64140625 0.18046875 0.03671875 0.05859375
1 0.596875 0.090625 0.01171875 0.04375
0 0.628125 0.0984375 0.03125 0.05
0 0.6484375 0.0546875 0.0265625 0.04453125
0 0.67734375 0.07109375 0.02578125 0.040625
0 0.809375 0.096875 0.021875 0.03359375
