1 0.55546875 0.86796875 0.04765625 0.165625
1 0.82890625 0.90703125 0.05234375 0.18359375
1 0.8015625 0.69375 0.0640625 0.1484375
1 0.7703125 0.54453125 0.0453125 0.125
1 0.63046875 0.41953125 0.02578125 0.109375
1 0.63125 0.353125 0.02421875 0.08515625
0 0.540625 0.321875 0.04765625 0.08125
0 0.49296875 0.27421875 0.04609375 0.1
0 0.609375 0.271875 0.04609375 0.08046875
0 0.57109375 0.228125 0.04296875 0.08515625
0 0.64765625 0.16796875 0.03828125 0.0609375
0 0.6 0.16875 0.03359375 0.053125
0 0.56171875 0.15703125 0.03046875 0.0515625
1 0.49140625 0.16640625 0.02421875 0.059375
0 0.61953125 0.11796875 0.02734375 0.04609375
0 0.584375 0.10625 0.03046875 0.04609375
0 0.6609375 0.12578125 0.02109375 0.040625
1 0.78125 0.1140625 0.01171875 0.05
0 0.8109375 0.1015625 0.0234375 0.04609375
0 0.60234375 0.08046875 0.02109375 0.03984375
0 0.6359375 0.08984375 0.02421875 0.040625
0 0.67109375 0.0875 0.028125 0.0453125
3 0.6484375 0.03125 0.02734375 0.05390625
0 0.615625 0.0609375 0.02109375 0.0359375
0 0.625 0.04375 0.0234375 0.03359375
0 0.6828125 0.04921875 0.01796875 0.0296875
0 0.7515625 0.01796875 0.01875 0.03125
