0 0.75703125 0.721875 0.14140625 0.23359375
0 0.54765625 0.58046875 0.09765625 0.15390625
0 0.54296875 0.44375 0.05546875 0.1203125
0 0.45546875 0.4109375 0.05546875 0.1234375
0 0.528125 0.3296875 0.05 0.09609375
0 0.615625 0.35546875 0.05 0.1046875
0 0.6234375 0.2390625 0.04140625 0.06953125
0 0.57578125 0.2078125 0.04296875 0.0734375
0 0.6078125 0.1484375 0.03359375 0.05859375
0 0.65 0.15078125 0.025 0.06171875
0 0.63046875 0.103125 0.02421875 0.040625
0 0.64609375 0.06328125 0.02109375 0.034375
1 0.678125 0.0609375 0.00859375 0.03984375
0 0.6578125 0.04609375 0.01953125 0.03125
0 0.809375 0.1015625 0.02109375 0.0359375
