0 0.85546875 0.88359375 0.18203125 0.23125
0 0.7359375 0.5484375 0.10859375 0.16796875
0 0.59609375 0.490625 0.08828125 0.1296875
0 0.59765625 0.375 0.05078125 0.109375
0 0.5265625 0.334375 0.05546875 0.10625
0 0.6140625 0.26640625 0.053125 0.09375
0 0.64375 0.18125 0.0359375 0.05859375
0 0.609375 0.14296875 0.0375 0.06484375
0 0.66328125 0.11796875 0.03125 0.05546875
0 0.6296875 0.0953125 0.0265625 0.04609375
0 0.6765625 0.0765625 0.02578125 0.04140625
0 0.65 0.05546875 0.02421875 0.0390625
0 0.659375 0.02578125 0.0203125 0.03203125
0 0.68828125 0.0390625 0.0171875 0.034375
0 0.80859375 0.09453125 0.02578125 0.04140625
