0 0.93203125 0.82734375 0.13515625 0.2234375
1 0.7296875 0.92109375 0.0828125 0.15625
0 0.59140625 0.6046875 0.10546875 0.19453125
0 0.6640625 0.48359375 0.09296875 0.13359375
1 0.59453125 0.37421875 0.01875 0.08828125
0 0.54140625 0.284375 0.04765625 0.07890625
0 0.5796875 0.2203125 0.03828125 0.06875
0 0.640625 0.17734375 0.03359375 0.0546875
0 0.60625 0.14609375 0.03359375 0.05078125
0 0.65390625 0.13125 0.03125 0.0609375
0 0.634375 0.08359375 0.03046875 0.046875
0 0.66796875 0.090625 0.02578125 0.04453125
0 0.65859375 0.03203125 0.01953125 0.03125
0 0.81015625 0.09453125 0.01953125 0.0390625
0 0.5328125 0.415625 0.05859375 0.1109375
0 0.6109375 0.315625 0.0578125 0.09453125
