0 0.6296875 0.74375 0.12109375 0.23359375
0 0.89921875 0.778125 0.153125 0.225
0 0.7546875 0.578125 0.12421875 0.16875
0 0.52109375 0.3734375 0.05859375 0.1515625
0 0.61171875 0.334375 0.04765625 0.103125
0 0.54453125 0.25078125 0.04609375 0.0765625
0 0.6265625 0.22265625 0.04296875 0.07109375
0 0.5984375 0.165625 0.034375 0.05390625
0 0.6609375 0.1203125 0.02890625 0.0484375
0 0.81015625 0.103125 0.021875 0.040625
1 0.8109375 0.1140625 0.00859375 0.03125
0 0.62421875 0.10234375 0.03828125 0.06171875
0 0.6484375 0.06796875 0.03203125 0.0546875
0 0.65625 0.02890625 0.02890625 0.0453125
0 0.6375 0.02109375 0.0265625 0.04140625
0 0.6734375 0.0140625 0.021875 0.028125
0 0.690625 0.0359375 0.028125 0.03125
0 0.68125 0.06484375 0.0296875 0.04296875
0 0.75703125 0.01953125 0.0203125 0.0359375
