1 0.615625 0.68203125 0.04140625 0.14296875
1 0.51796875 0.60625 0.03046875 0.12578125
1 0.66484375 0.58046875 0.03203125 0.12421875
0 0.65234375 0.44453125 0.08046875 0.1296875
0 0.81171875 0.103125 0.025 0.03203125
0 0.5390625 0.31875 0.04765625 0.09609375
0 0.50234375 0.24453125 0.04453125 0.0765625
0 0.62109375 0.24453125 0.04296875 0.09375
0 0.578125 0.2109375 0.03828125 0.06640625
0 0.54453125 0.1796875 0.03671875 0.05390625
0 0.65234375 0.15234375 0.03046875 0.05078125
0 0.61015625 0.15 0.03046875 0.04609375
0 0.57109375 0.1390625 0.02734375 0.05
0 0.59765625 0.0859375 0.02265625 0.040625
0 0.62421875 0.10546875 0.021875 0.0359375
0 0.6640625 0.0984375 0.02109375 0.04609375
0 0.63359375 0.0734375 0.025 0.03515625
0 0.6515625 0.0421875 0.01953125 0.034375
0 0.6765625 0.06796875 0.021875 0.03828125
