0 0.83046875 0.8921875 0.19296875 0.2140625
0 0.75234375 0.56640625 0.128125 0.16015625
0 0.6046875 0.325 0.05546875 0.1015625
0 0.5515625 0.275 0.0453125 0.08359375
1 0.625 0.24921875 0.01484375 0.07109375
0 0.5921875 0.18203125 0.03671875 0.0640625
0 0.634375 0.1859375 0.03984375 0.06328125
0 0.6546875 0.13125 0.03203125 0.06171875
0 0.67109375 0.09375 0.02265625 0.04453125
0 0.68125 0.05546875 0.01640625 0.0390625
0 0.8109375 0.1015625 0.02421875 0.0390625
3 0.65390625 0.03125 0.0546875 0.0625
1 0.6375 0.0734375 0.02734375 0.0484375
