0 0.61171875 0.60390625 0.09609375 0.16640625
0 0.5328125 0.4640625 0.06328125 0.12578125
3 0.621875 0.3484375 0.08359375 0.15546875
0 0.45078125 0.3484375 0.06953125 0.1015625
0 0.5109375 0.23671875 0.0453125 0.075
0 0.571875 0.22265625 0.03984375 0.06796875
0 0.621875 0.23125 0.03984375 0.06953125
0 0.65078125 0.15078125 0.03125 0.06171875
0 0.6046875 0.1484375 0.03046875 0.0546875
0 0.590625 0.09453125 0.02890625 0.0390625
0 0.628125 0.09609375 0.0296875 0.05
0 0.671875 0.09375 0.025 0.04453125
0 0.64921875 0.05078125 0.01953125 0.03671875
0 0.6828125 0.065625 0.0203125 0.0390625
0 0.809375 0.1 0.01796875 0.03515625
