0 0.890625 0.73125 0.17421875 0.20859375
0 0.7421875 0.91015625 0.14453125 0.178125
0 0.59296875 0.615625 0.0953125 0.184375
0 0.65390625 0.46171875 0.08515625 0.15546875
3 0.5234375 0.33203125 0.078125 0.20078125
0 0.6109375 0.3140625 0.04453125 0.08828125
0 0.58515625 0.19765625 0.03671875 0.0640625
0 0.621875 0.2140625 0.04921875 0.07421875
1 0.6296875 0.15625 0.01171875 0.04609375
1 0.6578125 0.16328125 0.01328125 0.059375
0 0.6171875 0.125 0.03203125 0.05
0 0.6578125 0.128125 0.02734375 0.04921875
0 0.67890625 0.06484375 0.02578125 0.03671875
0 0.65703125 0.0359375 0.01953125 0.03984375
0 0.80859375 0.0984375 0.021875 0.03125
1 0.81328125 0.11328125 0.01328125 0.04453125
