0 0.73125 0.9015625 0.1453125 0.19453125
0 0.58515625 0.58828125 0.115625 0.215625
3 0.63046875 0.39140625 0.10546875 0.2
0 0.61328125 0.259375 0.03984375 0.0796875
0 0.571875 0.215625 0.03984375 0.06796875
0 0.55078125 0.17421875 0.03671875 0.06015625
0 0.63671875 0.17265625 0.03671875 0.0640625
0 0.66328125 0.1140625 0.02734375 0.04609375
0 0.6421875 0.084375 0.02421875 0.04453125
0 0.65234375 0.04921875 0.01953125 0.0296875
0 0.66640625 0.02109375 0.0140625 0.03046875
0 0.8109375 0.0984375 0.0203125 0.03515625
1 0.621875 0.0484375 0.0109375 0.03515625
