0 0.8359375 0.934375 0.128125 0.1296875
1 0.63984375 0.79296875 0.046875 0.1703125
0 0.790625 0.6265625 0.14609375 0.18515625
0 0.5359375 0.44921875 0.0640625 0.13046875
0 0.59453125 0.3265625 0.04609375 0.09453125
0 0.540625 0.27890625 0.04921875 0.08671875
0 0.80859375 0.096875 0.021875 0.03671875
1 0.8125 0.11328125 0.01328125 0.03046875
0 0.63203125 0.2265625 0.0390625 0.0640625
0 0.5890625 0.1765625 0.0359375 0.053125
0 0.64609375 0.15625 0.03125 0.0546875
0 0.62578125 0.0984375 0.03359375 0.04609375
0 0.66484375 0.10625 0.02734375 0.046875
0 0.653125 0.05 0.02734375 0.04609375
0 0.6796875 0.0640625 0.0203125 0.0390625
