0 0.75625 0.94140625 0.13359375 0.115625
3 0.71796875 0.53359375 0.21484375 0.353125
0 0.53515625 0.5859375 0.10234375 0.19609375
3 0.509375 0.3421875 0.078125 0.24140625
1 0.5390625 0.2015625 0.0140625 0.06015625
0 0.58671875 0.18515625 0.03671875 0.06484375
0 0.6328125 0.18125 0.03359375 0.05703125
1 0.6015625 0.13828125 0.0109375 0.0484375
0 0.6171875 0.09609375 0.03203125 0.05
0 0.65390625 0.12109375 0.0328125 0.0609375
0 0.67734375 0.06640625 0.03046875 0.0515625
0 0.6578125 0.03046875 0.01796875 0.03515625
0 0.809375 0.09921875 0.02109375 0.04453125
