0 0.75546875 0.6390625 0.13984375 0.19921875
0 0.1671875 0.4640625 0.13515625 0.121875
0 0.61328125 0.34453125 0.04921875 0.0890625
0 0.534375 0.3203125 0.053125 0.08515625
0 0.81015625 0.1 0.0234375 0.0390625
0 0.465625 0.33046875 0.0546875 0.08828125
0 0.5671875 0.24296875 0.04453125 0.08125
0 0.6359375 0.2171875 0.03671875 0.06796875
0 0.53671875 0.19140625 0.04375 0.07109375
0 0.60625 0.165625 0.04140625 0.0734375
1 0.59140625 0.1390625 0.0125 0.04921875
3 0.57734375 0.103125 0.03515625 0.08125
1 0.6578125 0.15546875 0.01328125 0.059375
0 0.66015625 0.11171875 0.02109375 0.03984375
0 0.62578125 0.11953125 0.034375 0.04609375
0 0.61171875 0.0640625 0.02421875 0.040625
0 0.63828125 0.0796875 0.02890625 0.03515625
0 0.67421875 0.0859375 0.021875 0.04140625
0 0.6484375 0.0578125 0.025 0.03046875
0 0.6796875 0.06796875 0.02265625 0.03515625
0 0.66015625 0.04140625 0.021875 0.02578125
