0 0.665625 0.70390625 0.11796875 0.215625
0 0.890625 0.88828125 0.16328125 0.221875
0 0.5421875 0.4359375 0.06328125 0.1265625
3 0.6078125 0.25390625 0.07109375 0.14453125
0 0.55625 0.22109375 0.03828125 0.06796875
0 0.63984375 0.18671875 0.028125 0.06875
0 0.63515625 0.07421875 0.02734375 0.0515625
0 0.665625 0.09296875 0.02578125 0.04296875
0 0.68203125 0.04921875 0.0171875 0.040625
0 0.66328125 0.01953125 0.01640625 0.03515625
0 0.75859375 0.10078125 0.0296875 0.0484375
0 0.809375 0.10078125 0.01953125 0.03671875
