3 0.58984375 0.71796875 0.13515625 0.2703125
0 0.5375 0.50390625 0.0671875 0.14296875
0 0.63046875 0.390625 0.06640625 0.11015625
1 0.5875 0.309375 0.01953125 0.08359375
1 0.5546875 0.29921875 0.01640625 0.08515625
1 0.55546875 0.23203125 0.01640625 0.040625
0 0.5453125 0.16875 0.0390625 0.0515625
0 0.60078125 0.14375 0.02890625 0.0515625
0 0.63984375 0.16171875 0.03515625 0.06484375
1 0.63671875 0.090625 0.01328125 0.05
0 0.66484375 0.10703125 0.02890625 0.04921875
0 0.68125 0.059375 0.01796875 0.034375
0 0.809375 0.0984375 0.0203125 0.03125
0 0.6125 0.25078125 0.05390625 0.06875
