0 0.95 0.78671875 0.0984375 0.1890625
0 0.75625 0.965625 0.10546875 0.06796875
0 0.671875 0.49453125 0.0859375 0.140625
0 0.60234375 0.28984375 0.04921875 0.09453125
0 0.55546875 0.2609375 0.046875 0.08046875
0 0.58359375 0.19375 0.03984375 0.0640625
0 0.6234375 0.22734375 0.04296875 0.08046875
0 0.65546875 0.14140625 0.028125 0.0546875
0 0.6109375 0.14609375 0.03203125 0.04609375
0 0.63125 0.1015625 0.0265625 0.04296875
0 0.67421875 0.0734375 0.02265625 0.03671875
0 0.66171875 0.03203125 0.01796875 0.03515625
1 0.59140625 0.109375 0.01328125 0.0484375
0 0.8109375 0.09921875 0.02421875 0.03828125
