0 0.825 0.76328125 0.15234375 0.21875
0 0.61796875 0.578125 0.10859375 0.21875
0 0.6671875 0.47734375 0.07890625 0.12890625
0 0.6203125 0.33515625 0.05625 0.1390625
0 0.5265625 0.34296875 0.05078125 0.09453125
0 0.55703125 0.23671875 0.04453125 0.07109375
0 0.62578125 0.23203125 0.04375 0.0796875
0 0.6609375 0.1140625 0.03125 0.05390625
0 0.64921875 0.05859375 0.025 0.0359375
0 0.67890625 0.0578125 0.021875 0.04140625
0 0.6609375 0.02890625 0.01484375 0.03125
0 0.809375 0.103125 0.02265625 0.03984375
0 0.7578125 0.0515625 0.02109375 0.04609375
