2 0.43984375 0.86875 0.80703125 0.26015625
1 0.93671875 0.4359375 0.053125 0.08125
1 0.975 0.459375 0.0484375 0.08203125
0 0.62109375 0.2578125 0.04296875 0.06796875
0 0.52890625 0.18515625 0.059375 0.128125
0 0.5890625 0.18828125 0.03828125 0.06640625
3 0.64453125 0.15546875 0.053125 0.125
1 0.57734375 0.11640625 0.01171875 0.0484375
0 0.60859375 0.11875 0.01953125 0.0484375
0 0.625 0.0640625 0.02109375 0.04296875
0 0.684375 0.0453125 0.01484375 0.0296875
0 0.8109375 0.1 0.02109375 0.03515625
3 0.653125 0.0796875 0.04140625 0.078125
