0 0.39609375 0.690625 0.19609375 0.19296875
0 0.69453125 0.728125 0.22578125 0.234375
0 0.76015625 0.55546875 0.20390625 0.18828125
0 0.57578125 0.37421875 0.0859375 0.115625
0 0.6546875 0.36328125 0.0953125 0.09140625
0 0.05 0.50234375 0.1 0.11875
3 0.15859375 0.46875 0.15625 0.1328125
3 0.52421875 0.33515625 0.0828125 0.1078125
2 0.10078125 0.3734375 0.175 0.1390625
2 0.8171875 0.28515625 0.10390625 0.1078125
0 0.5984375 0.3203125 0.05546875 0.06328125
0 0.59296875 0.28203125 0.053125 0.03984375
0 0.3734375 0.23828125 0.0375 0.05390625
0 0.32734375 0.23671875 0.034375 0.05078125
