0 0.23359375 0.6734375 0.10234375 0.2546875
0 0.33828125 0.565625 0.0859375 0.140625
0 0.6921875 0.8859375 0.1828125 0.228125
0 0.90390625 0.565625 0.1296875 0.15
0 0.7421875 0.50546875 0.0890625 0.09140625
0 0.63828125 0.4078125 0.0578125 0.07265625
0 0.41328125 0.3984375 0.06953125 0.1140625
0 0.334375 0.4515625 0.06484375 0.08515625
0 0.49609375 0.35859375 0.046875 0.05859375
0 0.42109375 0.33125 0.04453125 0.05390625
0 0.45546875 0.31953125 0.04609375 0.03984375
0 0.2390625 0.35546875 0.0390625 0.06953125
0 0.26015625 0.278125 0.0375 0.04296875
0 0.1828125 0.28203125 0.0234375 0.05234375
3 0.1453125 0.278125 0.034375 0.06796875
3 0.2203125 0.2875 0.0375 0.0765625
1 0.9578125 0.4828125 0.025 0.075
0 0.40546875 0.284375 0.02109375 0.03203125
0 0.3453125 0.259375 0.0171875 0.02265625
0 0.4171875 0.2765625 0.0265625 0.02890625
3 0.33828125 0.25390625 0.01328125 0.0234375
3 0.4828125 0.27109375 0.02421875 0.0484375
0 0.46328125 0.275 0.01875 0.021875
0 0.453125 0.271875 0.0125 0.0203125
2 0.15390625 0.24140625 0.01796875 0.01875
3 0.175 0.2453125 0.01875 0.03828125
3 0.209375 0.265625 0.02578125 0.05546875
0 0.2296875 0.25859375 0.0171875 0.021875
0 0.1921875 0.24375 0.0125 0.01875
