0 0.62734375 0.71796875 0.18515625 0.25859375
0 0.8078125 0.7453125 0.20390625 0.2421875
0 0.94609375 0.6984375 0.1078125 0.25
0 0.55703125 0.525 0.14140625 0.153125
0 0.6234375 0.44375 0.12734375 0.15625
0 0.38984375 0.365625 0.0890625 0.11875
0 0.4515625 0.34453125 0.08359375 0.090625
0 0.21875 0.41875 0.0734375 0.1375
0 0.15546875 0.28125 0.06484375 0.10625
0 0.21171875 0.26171875 0.053125 0.075
0 0.61875 0.35 0.08671875 0.10078125
0 0.73125 0.26875 0.04921875 0.0625
0 0.6359375 0.23671875 0.0421875 0.04375
0 0.53671875 0.19453125 0.04375 0.0390625
0 0.4421875 0.175 0.03046875 0.03984375
0 0.31328125 0.2515625 0.04140625 0.05703125
0 0.3078125 0.1875 0.0390625 0.05234375
0 0.234375 0.22734375 0.03515625 0.059375
0 0.16328125 0.21015625 0.0359375 0.04375
0 0.1296875 0.1828125 0.0296875 0.046875
0 0.1671875 0.16953125 0.0328125 0.04375
0 0.1453125 0.1578125 0.02265625 0.03359375
0 0.2109375 0.1359375 0.021875 0.03203125
1 0.01796875 0.20390625 0.0171875 0.06015625
3 0.2109375 0.1734375 0.02890625 0.0453125
3 0.43125 0.140625 0.04375 0.03125
2 0.39375 0.24375 0.10703125 0.1359375
2 0.25859375 0.16875 0.0640625 0.08828125
3 0.80625 0.25546875 0.0578125 0.065625
3 0.27890625 0.32734375 0.07421875 0.13984375
0 0.96875 0.33203125 0.0609375 0.07109375
0 0.9265625 0.3046875 0.06015625 0.05390625
0 0.6578125 0.21328125 0.0421875 0.04296875
0 0.06796875 0.2 0.0265625 0.05703125
0 0.38125 0.1390625 0.01796875 0.028125
0 0.36171875 0.1234375 0.0109375 0.01875
0 0.375 0.12421875 0.01796875 0.01875
0 0.0265625 0.1578125 0.04375 0.0421875
0 0.059375 0.1609375 0.0171875 0.02421875
0 0.09765625 0.1890625 0.0265625 0.0390625
3 0.1921875 0.13203125 0.015625 0.03984375
0 0.18359375 0.15390625 0.01875 0.03515625
0 0.16015625 0.140625 0.01640625 0.02578125
0 0.1765625 0.140625 0.015625 0.0265625
0 0.25234375 0.203125 0.03203125 0.0421875
0 0.28203125 0.26015625 0.04609375 0.06171875
0 0.1140625 0.15703125 0.0203125 0.0328125
0 0.12890625 0.13828125 0.015625 0.02890625
