0 0.25703125 0.69140625 0.11875 0.21640625
0 0.390625 0.6921875 0.1234375 0.21796875
0 0.46875 0.6046875 0.13203125 0.17578125
0 0.76484375 0.5828125 0.1640625 0.18046875
0 0.45859375 0.45625 0.075 0.103125
0 0.35390625 0.440625 0.0734375 0.125
0 0.4 0.29921875 0.03359375 0.04765625
0 0.278125 0.4484375 0.053125 0.109375
0 0.146875 0.45390625 0.07109375 0.1171875
0 0.08515625 0.86484375 0.13984375 0.2703125
0 0.203125 0.38828125 0.040625 0.06171875
0 0.23828125 0.334375 0.0328125 0.053125
0 0.30234375 0.3671875 0.0421875 0.06328125
0 0.275 0.328125 0.034375 0.05078125
0 0.35234375 0.35 0.04140625 0.05703125
3 0.1859375 0.2890625 0.02734375 0.065625
3 0.40078125 0.378125 0.0484375 0.0734375
0 0.31015625 0.303125 0.0375 0.06796875
0 0.21640625 0.296875 0.02578125 0.0375
0 0.25703125 0.3875 0.0421875 0.06171875
0 0.3234375 0.26875 0.02734375 0.03203125
