0 0.23984375 0.615625 0.1015625 0.20078125
0 0.62578125 0.93125 0.2046875 0.1375
0 0.77421875 0.58203125 0.1109375 0.1546875
0 0.77421875 0.51171875 0.10234375 0.115625
0 0.59921875 0.42890625 0.08125 0.1015625
0 0.30234375 0.47265625 0.09453125 0.1375
0 0.21328125 0.4984375 0.0765625 0.1140625
0 0.309375 0.31640625 0.046875 0.06171875
0 0.459375 0.36171875 0.05 0.06328125
0 0.26484375 0.28125 0.03828125 0.03828125
0 0.20234375 0.2875 0.0265625 0.05078125
3 0.16796875 0.2875 0.03125 0.046875
0 0.0203125 0.453125 0.03984375 0.11875
0 0.63125 0.40234375 0.06171875 0.065625
0 0.4765625 0.33828125 0.0296875 0.05078125
0 0.49921875 0.33515625 0.03828125 0.05078125
0 0.315625 0.24453125 0.015625 0.02265625
0 0.20234375 0.25859375 0.015625 0.0296875
0 0.17890625 0.2453125 0.01328125 0.0171875
0 0.1546875 0.24453125 0.01171875 0.015625
0 0.1625 0.2421875 0.01015625 0.01875
0 0.19296875 0.2375 0.01171875 0.0140625
0 0.2109375 0.2421875 0.01171875 0.01796875
0 0.2125 0.23125 0.0109375 0.01015625
0 0.2046875 0.225 0.00859375 0.0109375
3 0.2203125 0.24609375 0.01484375 0.028125
3 0.16640625 0.26171875 0.015625 0.034375
0 0.17734375 0.259375 0.00703125 0.0203125
