0 0.3265625 0.7421875 0.22421875 0.234375
0 0.7796875 0.89375 0.3125 0.2125
0 0.7921875 0.63359375 0.1875 0.21484375
0 0.94765625 0.63984375 0.10390625 0.21484375
0 0.61484375 0.50078125 0.121875 0.15859375
0 0.5 0.390625 0.090625 0.1328125
0 0.328125 0.375 0.0453125 0.1046875
0 0.24609375 0.3640625 0.0578125 0.1203125
0 0.30703125 0.275 0.04921875 0.07109375
0 0.4484375 0.31875 0.05234375 0.09140625
0 0.42890625 0.28984375 0.0453125 0.07421875
0 0.271875 0.18828125 0.0265625 0.04609375
0 0.3375 0.1609375 0.021875 0.03203125
0 0.33125 0.1953125 0.02421875 0.04453125
0 0.36328125 0.18671875 0.025 0.04921875
0 0.7171875 0.2625 0.0578125 0.05234375
0 0.77109375 0.2828125 0.05546875 0.04921875
0 0.7921875 0.27109375 0.046875 0.04453125
0 0.85546875 0.290625 0.0671875 0.05078125
0 0.51484375 0.19296875 0.02734375 0.03046875
2 0.36328125 0.2609375 0.0609375 0.13125
0 0.4015625 0.246875 0.034375 0.0578125
0 0.3859375 0.215625 0.02421875 0.03828125
0 0.290625 0.16171875 0.0171875 0.03125
0 0.303125 0.15078125 0.01875 0.03046875
0 0.296875 0.18984375 0.0265625 0.02890625
0 0.303125 0.21640625 0.02734375 0.03515625
0 0.30078125 0.24140625 0.03359375 0.034375
