0 0.73828125 0.8484375 0.11171875 0.221875
0 0.60546875 0.69296875 0.10703125 0.1421875
0 0.79921875 0.58828125 0.04921875 0.08359375
0 0.734375 0.56171875 0.05390625 0.07421875
0 0.52890625 0.528125 0.0734375 0.08125
0 0.57890625 0.51015625 0.0546875 0.06875
0 0.6390625 0.51640625 0.053125 0.08359375
0 0.696875 0.5203125 0.05 0.0765625
0 0.69921875 0.48125 0.0359375 0.046875
0 0.74609375 0.4546875 0.03828125 0.05
0 0.765625 0.43828125 0.02890625 0.03125
0 0.8 0.43046875 0.0265625 0.03828125
0 0.82734375 0.46015625 0.0296875 0.04921875
0 0.809375 0.503125 0.04296875 0.046875
0 0.86015625 0.528125 0.04375 0.06484375
0 0.7375 0.50703125 0.03515625 0.0546875
0 0.765625 0.496875 0.03671875 0.053125
0 0.853125 0.43984375 0.02421875 0.040625
0 0.87265625 0.4796875 0.03515625 0.0453125
0 0.9296875 0.46875 0.021875 0.03515625
0 0.925 0.42734375 0.015625 0.03203125
0 0.87109375 0.42578125 0.01953125 0.03125
1 0.60078125 0.53203125 0.025 0.0765625
2 0.49296875 0.48359375 0.1109375 0.1234375
3 0.6828125 0.43359375 0.0671875 0.10078125
2 0.94375 0.4375 0.0296875 0.05859375
