0 0.153125 0.7671875 0.08671875 0.23125
0 0.66328125 0.85859375 0.15859375 0.2796875
0 0.9015625 0.76875 0.13828125 0.20078125
0 0.9546875 0.54921875 0.0390625 0.1015625
0 0.84375 0.51953125 0.05546875 0.096875
0 0.7546875 0.4953125 0.04765625 0.0984375
0 0.66328125 0.59375 0.09375 0.125
0 0.48046875 0.5765625 0.0890625 0.125
0 0.4125 0.59296875 0.0734375 0.1296875
0 0.3234375 0.56875 0.0640625 0.14375
0 0.26015625 0.46171875 0.0671875 0.1078125
0 0.28125 0.38828125 0.0625 0.06640625
0 0.475 0.459375 0.06328125 0.07578125
1 0.228125 0.396875 0.0328125 0.08359375
0 0.253125 0.6109375 0.1203125 0.234375
3 0.16484375 0.29921875 0.034375 0.06484375
3 0.37890625 0.45546875 0.0703125 0.1203125
3 0.8796875 0.4171875 0.034375 0.10625
2 0.840625 0.42265625 0.05625 0.1078125
2 0.38671875 0.37109375 0.11171875 0.1125
3 0.90078125 0.528125 0.0421875 0.1078125
3 0.76640625 0.428125 0.04453125 0.05234375
0 0.80703125 0.4078125 0.02578125 0.03828125
0 0.915625 0.4609375 0.02734375 0.03359375
0 0.95 0.4578125 0.03046875 0.0484375
0 0.915625 0.4421875 0.0234375 0.02421875
0 0.915625 0.41875 0.03125 0.03984375
0 0.20625 0.321875 0.025 0.03359375
0 0.228125 0.31640625 0.02265625 0.0359375
0 0.2515625 0.33984375 0.03359375 0.02734375
0 0.2640625 0.3546875 0.03984375 0.03046875
0 0.1234375 0.2828125 0.0171875 0.03984375
3 0.1828125 0.28125 0.028125 0.04375
3 0.21015625 0.296875 0.0171875 0.0359375
0 0.196875 0.28984375 0.01171875 0.0328125
