3 0.23515625 0.41015625 0.08828125 0.11953125
0 0.4203125 0.40546875 0.040625 0.06328125
0 0.3828125 0.29453125 0.02578125 0.03359375
0 0.496875 0.33984375 0.03515625 0.05
0 0.27109375 0.64453125 0.14609375 0.1140625
0 0.1265625 0.6828125 0.165625 0.1328125
0 0.06875 0.57109375 0.1375 0.125
0 0.553125 0.7875 0.20078125 0.1875
0 0.33984375 0.7921875 0.21328125 0.2078125
0 0.6921875 0.36953125 0.0328125 0.05
0 0.821875 0.421875 0.04609375 0.05546875
0 0.7875 0.390625 0.03359375 0.05234375
0 0.7359375 0.35078125 0.0296875 0.04140625
0 0.68203125 0.328125 0.0296875 0.03515625
3 0.865625 0.434375 0.053125 0.08515625
0 0.6375 0.303125 0.021875 0.03515625
3 0.67890625 0.29296875 0.0265625 0.046875
0 0.72109375 0.3328125 0.02421875 0.03203125
0 0.70703125 0.3234375 0.0203125 0.03671875
0 0.63515625 0.2875 0.0171875 0.02421875
0 0.6046875 0.26640625 0.0171875 0.0265625
0 0.51171875 0.26875 0.01484375 0.02421875
0 0.51328125 0.24453125 0.01328125 0.021875
0 0.4515625 0.2390625 0.0140625 0.0171875
0 0.47578125 0.23125 0.009375 0.01328125
0 0.46796875 0.22890625 0.0078125 0.0140625
3 0.5 0.22578125 0.01015625 0.0203125
0 0.53828125 0.25390625 0.01015625 0.01953125
0 0.534375 0.22890625 0.009375 0.0171875
0 0.5515625 0.23125 0.00703125 0.01328125
0 0.56953125 0.23125 0.00703125 0.01171875
0 0.5859375 0.2328125 0.00859375 0.015625
0 0.5921875 0.2390625 0.009375 0.01484375
0 0.61640625 0.246875 0.0109375 0.0203125
0 0.6296875 0.25 0.01015625 0.01484375
0 0.6375 0.25546875 0.0125 0.015625
0 0.64921875 0.26796875 0.01328125 0.025
0 0.6640625 0.28515625 0.00703125 0.021875
3 0.60703125 0.23671875 0.01953125 0.02578125
2 0.56015625 0.2703125 0.01640625 0.03125
0 0.55390625 0.24375 0.01015625 0.021875
0 0.753125 0.36484375 0.02421875 0.0421875
0 0.7703125 0.37421875 0.0296875 0.04140625
2 0.45625 0.2234375 0.0125 0.0296875
