0 0.5046875 0.4859375 0.03359375 0.04375
0 0.44609375 0.5015625 0.034375 0.04609375
0 0.44765625 0.5703125 0.040625 0.07578125
0 0.49765625 0.58671875 0.04375 0.084375
0 0.571875 0.58125 0.05078125 0.0796875
0 0.48671875 0.71640625 0.07890625 0.1296875
0 0.5890625 0.553125 0.04140625 0.05703125
0 0.56796875 0.8484375 0.1140625 0.19140625
0 0.6390625 0.68125 0.08203125 0.10625
0 0.7671875 0.63046875 0.09296875 0.1375
0 0.6796875 0.51953125 0.053125 0.05546875
0 0.77890625 0.49765625 0.03671875 0.06015625
3 0.6234375 0.56328125 0.059375 0.09921875
0 0.55703125 0.5171875 0.0375 0.046875
3 0.2171875 0.571875 0.0875 0.0703125
3 0.47734375 0.48203125 0.0265625 0.046875
3 0.57265625 0.45234375 0.02265625 0.046875
0 0.490625 0.5375 0.03515625 0.04609375
0 0.44921875 0.48125 0.0203125 0.03125
0 0.4453125 0.4578125 0.0140625 0.02421875
0 0.47109375 0.45625 0.0125 0.015625
0 0.4875 0.44140625 0.01484375 0.02578125
0 0.5046875 0.4203125 0.009375 0.0140625
0 0.51171875 0.4265625 0.01171875 0.0171875
0 0.5265625 0.42421875 0.01328125 0.01796875
0 0.521875 0.43984375 0.015625 0.0234375
0 0.90234375 0.5203125 0.03203125 0.05703125
0 0.7359375 0.4984375 0.03046875 0.0390625
0 0.81328125 0.48359375 0.028125 0.040625
0 0.46640625 0.446875 0.0125 0.0171875
0 0.4484375 0.440625 0.01484375 0.0171875
0 0.47734375 0.42265625 0.0109375 0.0171875
0 0.4703125 0.43671875 0.0125 0.0171875
0 0.5203125 0.46171875 0.0140625 0.01640625
0 0.5234375 0.47265625 0.0140625 0.021875
0 0.53359375 0.48515625 0.01953125 0.0375
0 0.5421875 0.4921875 0.02265625 0.03203125
0 0.55078125 0.503125 0.0203125 0.0328125
