3 0.203125 0.43125 0.0859375 0.165625
3 0.15 0.30703125 0.03203125 0.07734375
3 0.2203125 0.240625 0.01875 0.0578125
3 0.20625 0.26484375 0.0234375 0.059375
0 0.21484375 0.79609375 0.13203125 0.221875
0 0.2390625 0.5515625 0.08046875 0.13515625
0 0.33515625 0.4171875 0.06015625 0.09453125
0 0.403125 0.40234375 0.06484375 0.0984375
0 0.65546875 0.50703125 0.11640625 0.1390625
0 0.78515625 0.5234375 0.1125 0.12734375
0 0.571875 0.40390625 0.0703125 0.0765625
0 0.5 0.36171875 0.06171875 0.0765625
0 0.26015625 0.353125 0.03359375 0.075
0 0.3265625 0.27734375 0.02421875 0.03125
0 0.35 0.2921875 0.03125 0.03125
0 0.38359375 0.31484375 0.0375 0.0359375
0 0.475 0.31015625 0.0390625 0.03359375
0 0.41484375 0.33359375 0.0421875 0.03828125
0 0.4375 0.32109375 0.034375 0.034375
0 0.94140625 0.57421875 0.1171875 0.1390625
