1 0.79921875 0.49296875 0.06015625 0.109375
2 0.29765625 0.48984375 0.1359375 0.34140625
2 0.29921875 0.28359375 0.04765625 0.1046875
0 0.628125 0.43984375 0.09921875 0.1234375
0 0.71953125 0.42421875 0.1078125 0.1328125
0 0.5875 0.35234375 0.07109375 0.07890625
0 0.44765625 0.31796875 0.07578125 0.09296875
0 0.49609375 0.3109375 0.04453125 0.08515625
0 0.67734375 0.890625 0.246875 0.21875
2 0.26640625 0.21640625 0.034375 0.07109375
3 0.28203125 0.1859375 0.0265625 0.04453125
0 0.39140625 0.28125 0.04140625 0.06328125
3 0.3578125 0.21171875 0.03125 0.05234375
0 0.33984375 0.25234375 0.01796875 0.04765625
0 0.36015625 0.2625 0.0328125 0.04609375
2 0.6703125 0.24765625 0.06484375 0.08203125
0 0.828125 0.278125 0.0375 0.03671875
0 0.84453125 0.28046875 0.0390625 0.03828125
0 0.8609375 0.28515625 0.04140625 0.0328125
0 0.85859375 0.3125 0.04375 0.04453125
0 0.88515625 0.30546875 0.02109375 0.03125
0 0.88984375 0.3125 0.0109375 0.02265625
0 0.8984375 0.3203125 0.02109375 0.03515625
0 0.88515625 0.2859375 0.03984375 0.0203125
0 0.8953125 0.2765625 0.0296875 0.0171875
0 0.6109375 0.2203125 0.0234375 0.03046875
3 0.56171875 0.21484375 0.0203125 0.01875
0 0.56796875 0.2 0.0140625 0.02109375
0 0.5578125 0.1984375 0.0109375 0.01796875
0 0.5484375 0.1953125 0.0140625 0.02421875
0 0.36015625 0.22734375 0.01796875 0.03125
0 0.36796875 0.23515625 0.01640625 0.0265625
0 0.38359375 0.2484375 0.025 0.02578125
0 0.334375 0.24609375 0.01484375 0.03203125
0 0.3125 0.22109375 0.0203125 0.0234375
0 0.28828125 0.21015625 0.01328125 0.0296875
0 0.29921875 0.20859375 0.0125 0.0234375
0 0.303125 0.19375 0.01015625 0.01328125
0 0.31015625 0.1890625 0.01015625 0.0171875
0 0.31796875 0.18359375 0.009375 0.01640625
0 0.3296875 0.1796875 0.00859375 0.01640625
3 0.33984375 0.178125 0.01015625 0.01796875
0 0.3328125 0.203125 0.01640625 0.02421875
0 0.34609375 0.1953125 0.0109375 0.01640625
0 0.35078125 0.184375 0.009375 0.0109375
0 0.35546875 0.18203125 0.01015625 0.01484375
0 0.3515625 0.17265625 0.01015625 0.01640625
0 0.3671875 0.175 0.009375 0.01640625
0 0.37421875 0.17109375 0.0078125 0.01484375
0 0.378125 0.16796875 0.00703125 0.0109375
3 0.39140625 0.16484375 0.009375 0.01796875
0 0.39921875 0.1625 0.01015625 0.01015625
3 0.38203125 0.20078125 0.0125 0.0265625
3 0.48125 0.1671875 0.0109375 0.01796875
3 0.48046875 0.15390625 0.0109375 0.01484375
0 0.40078125 0.228125 0.015625 0.0234375
0 0.39921875 0.20234375 0.0140625 0.025
0 0.38828125 0.184375 0.01328125 0.02109375
0 0.40546875 0.18359375 0.01015625 0.021875
0 0.4171875 0.17578125 0.009375 0.01796875
0 0.4265625 0.20390625 0.01171875 0.02109375
0 0.44140625 0.20625 0.01015625 0.01640625
0 0.44375 0.19453125 0.01015625 0.01953125
3 0.446875 0.184375 0.009375 0.015625
0 0.43359375 0.18046875 0.0109375 0.01640625
0 0.44375 0.1703125 0.00859375 0.01328125
0 0.4515625 0.17890625 0.00859375 0.015625
0 0.45859375 0.175 0.009375 0.01328125
0 0.46484375 0.1640625 0.0078125 0.009375
0 0.47109375 0.16953125 0.00703125 0.01328125
0 0.496875 0.1640625 0.01171875 0.01171875
0 0.49453125 0.17734375 0.01015625 0.0140625
0 0.42890625 0.16875 0.0078125 0.01171875
