3 0.365625 0.6765625 0.19765625 0.365625
0 0.58046875 0.665625 0.196875 0.33828125
0 0.8796875 0.53515625 0.14609375 0.16640625
1 0.82734375 0.38671875 0.05625 0.1
0 0.01796875 0.7046875 0.0359375 0.159375
0 0.9296875 0.30234375 0.0453125 0.0609375
0 0.8109375 0.30625 0.05390625 0.05546875
0 0.75234375 0.31328125 0.08359375 0.05625
0 0.71875 0.4 0.10234375 0.10078125
0 0.70625 0.26015625 0.04375 0.0453125
0 0.74765625 0.28046875 0.04765625 0.04296875
0 0.59609375 0.22734375 0.03203125 0.0328125
0 0.56015625 0.21328125 0.02734375 0.03671875
0 0.63515625 0.240625 0.0359375 0.03671875
0 0.59296875 0.19921875 0.03359375 0.03046875
0 0.5671875 0.1875 0.02109375 0.02109375
0 0.590625 0.1828125 0.02421875 0.02109375
0 0.62734375 0.29453125 0.05703125 0.05859375
0 0.40859375 0.4640625 0.08515625 0.1109375
0 0.378125 0.26328125 0.03984375 0.04140625
0 0.425 0.2765625 0.04453125 0.04609375
0 0.43984375 0.30546875 0.05 0.0640625
0 0.48125 0.2796875 0.040625 0.0421875
0 0.4890625 0.25078125 0.03984375 0.040625
0 0.5359375 0.26796875 0.04453125 0.03984375
0 0.58125 0.27734375 0.04765625 0.06015625
0 0.56171875 0.30078125 0.04921875 0.0625
0 0.53359375 0.31328125 0.04921875 0.0609375
0 0.50703125 0.33828125 0.05859375 0.08046875
0 0.2703125 0.33125 0.0390625 0.05
0 0.3078125 0.2296875 0.0296875 0.03125
0 0.28515625 0.22734375 0.0203125 0.03046875
0 0.25078125 0.23671875 0.01953125 0.0265625
0 0.271875 0.20234375 0.0140625 0.01796875
1 0.25546875 0.19375 0.00859375 0.01875
0 0.253125 0.1734375 0.01015625 0.0140625
0 0.325 0.19453125 0.0109375 0.0265625
0 0.3671875 0.190625 0.0140625 0.01953125
0 0.3546875 0.17578125 0.01015625 0.01640625
0 0.3453125 0.17109375 0.009375 0.0203125
0 0.4265625 0.17734375 0.01328125 0.0171875
3 0.38125 0.18046875 0.01953125 0.03671875
3 0.253125 0.28984375 0.03984375 0.05234375
3 0.26875 0.18671875 0.01015625 0.01796875
3 0.3671875 0.2328125 0.04921875 0.040625
