0 0.3078125 0.66796875 0.13046875 0.23125
0 0.62734375 0.82421875 0.1375 0.278125
0 0.73359375 0.43984375 0.1203125 0.1109375
0 0.6046875 0.4125 0.09453125 0.10625
0 0.55234375 0.34375 0.0578125 0.07421875
0 0.48125 0.3421875 0.065625 0.07578125
0 0.36015625 0.35859375 0.0671875 0.109375
0 0.31484375 0.440625 0.06328125 0.10625
0 0.36875 0.25703125 0.05 0.05390625
3 0.2421875 0.30390625 0.05234375 0.09296875
1 0.02578125 0.68671875 0.0515625 0.15703125
0 0.27265625 0.18984375 0.0203125 0.01640625
0 0.30234375 0.18984375 0.0234375 0.021875
0 0.43125 0.19921875 0.015625 0.02421875
0 0.47890625 0.1640625 0.0125 0.01796875
0 0.4921875 0.16328125 0.01328125 0.0203125
0 0.51015625 0.175 0.01171875 0.0140625
0 0.5078125 0.18984375 0.0125 0.02265625
0 0.55234375 0.21171875 0.021875 0.02421875
0 0.65390625 0.24375 0.021875 0.03515625
3 0.9046875 0.296875 0.06640625 0.071875
0 0.82890625 0.29296875 0.05703125 0.0359375
0 0.85859375 0.2828125 0.040625 0.03828125
0 0.90078125 0.2796875 0.0265625 0.021875
0 0.96796875 0.3140625 0.03671875 0.04296875
0 0.990625 0.32578125 0.01875 0.04453125
0 0.95078125 0.33125 0.0578125 0.05625
0 0.91953125 0.32578125 0.03515625 0.03984375
0 0.90859375 0.3140625 0.03828125 0.04140625
