2 0.371875 0.671875 0.12578125 0.31953125
2 0.5859375 0.5609375 0.20625 0.19609375
2 0.5484375 0.41171875 0.0578125 0.05234375
2 0.290625 0.43359375 0.040625 0.07421875
3 0.73125 0.484375 0.0890625 0.1109375
3 0.46015625 0.66171875 0.07734375 0.1390625
0 0.56484375 0.871875 0.14140625 0.225
0 0.8265625 0.6640625 0.1515625 0.125
0 0.87578125 0.6375 0.1171875 0.1109375
0 0.8109375 0.5109375 0.078125 0.06171875
0 0.42890625 0.52421875 0.05703125 0.07265625
0 0.36953125 0.49296875 0.0453125 0.05390625
0 0.30078125 0.48984375 0.0265625 0.05703125
0 0.3421875 0.4734375 0.0390625 0.05234375
0 0.34140625 0.39296875 0.01171875 0.0203125
0 0.41015625 0.3875 0.0109375 0.0171875
0 0.690625 0.55546875 0.03046875 0.053125
0 0.68984375 0.59453125 0.0328125 0.04453125
0 0.66171875 0.471875 0.0421875 0.05859375
0 0.6015625 0.45546875 0.0296875 0.0390625
0 0.4546875 0.50703125 0.046875 0.0640625
0 0.4765625 0.48828125 0.04140625 0.0609375
0 0.42421875 0.47578125 0.03359375 0.04140625
0 0.40078125 0.48671875 0.03359375 0.046875
0 0.32578125 0.46328125 0.01953125 0.03359375
0 0.35 0.45078125 0.01875 0.03671875
3 0.37109375 0.4546875 0.03203125 0.05234375
0 0.36015625 0.42265625 0.01484375 0.01796875
0 0.31953125 0.453125 0.0140625 0.02890625
0 0.33984375 0.43828125 0.01484375 0.0234375
0 0.33515625 0.43203125 0.0109375 0.02578125
0 0.4640625 0.415625 0.0140625 0.0171875
0 0.4875 0.41953125 0.01796875 0.0296875
0 0.51953125 0.42734375 0.01328125 0.02734375
0 0.43125 0.4 0.0140625 0.0203125
0 0.4171875 0.39609375 0.0109375 0.0140625
0 0.45234375 0.41015625 0.015625 0.021875
0 0.390625 0.4328125 0.0140625 0.02109375
0 0.40234375 0.41875 0.01171875 0.015625
0 0.41015625 0.42734375 0.01171875 0.0125
0 0.3921875 0.4109375 0.01015625 0.01484375
0 0.37890625 0.41171875 0.0109375 0.01796875
