2 0.2453125 0.3359375 0.0890625 0.13046875
0 0.30234375 0.37265625 0.0546875 0.05234375
0 0.3046875 0.68203125 0.19140625 0.275
0 0.615625 0.7625 0.16328125 0.20703125
0 0.68203125 0.52421875 0.084375 0.125
0 0.6265625 0.39375 0.0515625 0.065625
0 0.69765625 0.45546875 0.05234375 0.0828125
0 0.63984375 0.3546875 0.02890625 0.0453125
1 0.43046875 0.29140625 0.01328125 0.03125
0 0.32734375 0.3453125 0.040625 0.04921875
0 0.5375 0.296875 0.0234375 0.04453125
0 0.56484375 0.2984375 0.01875 0.04140625
0 0.6 0.32421875 0.0234375 0.028125
0 0.9671875 0.41640625 0.0578125 0.05546875
0 0.978125 0.4375 0.040625 0.05078125
