0 0.49765625 0.6984375 0.096875 0.11953125
0 0.3921875 0.77578125 0.10625 0.17890625
0 0.79453125 0.66875 0.128125 0.128125
0 0.86953125 0.61796875 0.11171875 0.10390625
0 0.73671875 0.5953125 0.07109375 0.08046875
0 0.6546875 0.5484375 0.0875 0.08125
0 0.49375 0.5515625 0.065625 0.0734375
0 0.5296875 0.53046875 0.07109375 0.071875
0 0.44375 0.49140625 0.05234375 0.078125
0 0.40234375 0.509375 0.04609375 0.06796875
0 0.35703125 0.48828125 0.03671875 0.0578125
0 0.3234375 0.390625 0.01171875 0.01953125
2 0.328125 0.44453125 0.0359375 0.0765625
2 0.29921875 0.4015625 0.025 0.0421875
2 0.359375 0.371875 0.01015625 0.021875
