0 0.31953125 0.3625 0.0734375 0.0984375
0 0.35 0.26875 0.053125 0.06796875
0 0.47734375 0.36015625 0.0671875 0.121875
0 0.5734375 0.37265625 0.075 0.10625
0 0.35625 0.696875 0.14140625 0.2640625
0 0.73359375 0.4203125 0.0984375 0.109375
0 0.628125 0.31796875 0.04453125 0.07421875
0 0.5265625 0.23984375 0.03359375 0.04765625
0 0.9484375 0.5296875 0.103125 0.1390625
0 0.7265625 0.33359375 0.07109375 0.08671875
0 0.79765625 0.40234375 0.0671875 0.09765625
0 0.9171875 0.42421875 0.109375 0.0890625
3 0.56640625 0.23125 0.0328125 0.0640625
3 0.815625 0.3390625 0.0796875 0.11171875
2 0.5265625 0.2140625 0.04140625 0.05703125
3 0.24296875 0.2078125 0.04296875 0.134375
0 0.421875 0.27734375 0.034375 0.04296875
0 0.43359375 0.3046875 0.0359375 0.05546875
0 0.3265625 0.19765625 0.02578125 0.03671875
0 0.31953125 0.171875 0.01953125 0.028125
0 0.30859375 0.15234375 0.01796875 0.02421875
0 0.36640625 0.19765625 0.01875 0.02421875
0 0.3515625 0.2359375 0.02578125 0.025
0 0.36953125 0.21015625 0.01875 0.03671875
0 0.38125 0.22578125 0.0234375 0.03828125
0 0.3921875 0.2375 0.025 0.034375
0 0.4 0.26328125 0.0328125 0.04609375
0 0.85703125 0.29375 0.05703125 0.0484375
0 0.70390625 0.2609375 0.06171875 0.0359375
0 0.609375 0.2765625 0.0421875 0.0515625
0 0.79609375 0.27109375 0.04765625 0.02578125
