1 0.73125 0.58671875 0.0546875 0.1453125
1 0.64140625 0.54453125 0.0625 0.1109375
1 0.6375 0.353125 0.028125 0.06484375
3 0.44921875 0.63515625 0.115625 0.2671875
2 0.63828125 0.303125 0.05625 0.08203125
0 0.4171875 0.465625 0.05546875 0.07578125
0 0.56015625 0.48046875 0.07109375 0.09140625
0 0.615625 0.4421875 0.0671875 0.09140625
0 0.68828125 0.42890625 0.0671875 0.08359375
0 0.77265625 0.40546875 0.06953125 0.07578125
0 0.83984375 0.46796875 0.0890625 0.1015625
0 0.40546875 0.415625 0.05234375 0.05703125
0 0.3171875 0.48125 0.05546875 0.08671875
0 0.35703125 0.36875 0.0328125 0.04609375
0 0.2640625 0.50078125 0.07890625 0.121875
