0 0.6 0.84296875 0.28515625 0.271875
0 0.18359375 0.56484375 0.15 0.16953125
0 0.46171875 0.60625 0.21328125 0.175
0 0.490625 0.46953125 0.13515625 0.1109375
0 0.28671875 0.46640625 0.11484375 0.115625
0 0.06640625 0.45859375 0.10078125 0.09609375
0 0.64140625 0.30625 0.0703125 0.07890625
0 0.44609375 0.36640625 0.075 0.1046875
0 0.7265625 0.3078125 0.090625 0.08203125
0 0.34453125 0.24609375 0.04765625 0.05
2 0.35390625 0.1859375 0.02421875 0.04375
0 0.06796875 0.40234375 0.07109375 0.06015625
0 0.1203125 0.42890625 0.071875 0.05546875
0 0.69609375 0.25234375 0.04921875 0.05703125
