0 0.73125 0.84296875 0.13046875 0.18203125
0 0.4109375 0.89140625 0.13046875 0.19609375
0 0.52734375 0.73359375 0.07734375 0.140625
0 0.61015625 0.67109375 0.07890625 0.1265625
0 0.73671875 0.52734375 0.05 0.06328125
0 0.5703125 0.46640625 0.021875 0.0328125
0 0.5125 0.43125 0.01953125 0.02265625
0 0.48671875 0.434375 0.0171875 0.025
0 0.49453125 0.41484375 0.0140625 0.01875
0 0.4765625 0.415625 0.01171875 0.01640625
0 0.46796875 0.43671875 0.01484375 0.0265625
2 0.4234375 0.5609375 0.06015625 0.13359375
0 0.4109375 0.73671875 0.1 0.13515625
3 0.50625 0.60234375 0.078125 0.16953125
3 0.590625 0.54453125 0.075 0.13125
0 0.21171875 0.565625 0.06953125 0.05703125
3 0.85703125 0.6484375 0.14140625 0.1484375
3 0.63828125 0.5109375 0.0515625 0.07734375
3 0.52890625 0.4984375 0.03359375 0.0984375
3 0.50390625 0.49765625 0.0390625 0.07890625
0 0.3 0.55078125 0.0609375 0.05
3 0.4140625 0.44375 0.01484375 0.02578125
3 0.471875 0.55703125 0.0390625 0.1015625
3 0.453125 0.528125 0.02421875 0.0734375
0 0.4171875 0.48984375 0.02109375 0.02109375
3 0.4171875 0.4625 0.01796875 0.03515625
0 0.684375 0.4953125 0.02109375 0.04140625
0 0.69921875 0.4953125 0.01640625 0.0328125
0 0.71875 0.50234375 0.02578125 0.04375
0 0.74453125 0.496875 0.02421875 0.040625
0 0.76484375 0.4953125 0.02421875 0.04296875
0 0.728125 0.4796875 0.03125 0.025
0 0.54140625 0.47734375 0.025 0.040625
0 0.44375 0.4765625 0.01640625 0.02734375
0 0.43984375 0.46328125 0.01328125 0.021875
0 0.43828125 0.44765625 0.01328125 0.0203125
0 0.45234375 0.44453125 0.00546875 0.01796875
0 0.4578125 0.44453125 0.01171875 0.0140625
0 0.4640625 0.45390625 0.015625 0.01796875
0 0.4703125 0.46484375 0.01640625 0.01484375
0 0.5703125 0.44921875 0.03203125 0.01875
