0 0.39296875 0.68359375 0.10859375 0.19453125
0 0.2609375 0.78125 0.1171875 0.2375
0 0.1046875 0.71640625 0.11640625 0.23125
0 0.16484375 0.55078125 0.07265625 0.1265625
0 0.2453125 0.51015625 0.0640625 0.115625
0 0.3296875 0.46171875 0.05 0.09296875
0 0.4109375 0.46328125 0.0625 0.1140625
0 0.2515625 0.43046875 0.05390625 0.06796875
0 0.303125 0.4015625 0.04921875 0.07421875
0 0.18046875 0.44296875 0.05546875 0.0984375
3 0.19453125 0.37578125 0.04765625 0.09375
2 0.24453125 0.3375 0.05546875 0.09140625
1 0.80546875 0.48046875 0.05390625 0.11875
