2 0.70390625 0.4234375 0.21640625 0.28828125
2 0.24375 0.2484375 0.09375 0.1296875
0 0.60625 0.76953125 0.22421875 0.2796875
0 0.57265625 0.3171875 0.04609375 0.05859375
0 0.471875 0.35546875 0.053125 0.0859375
0 0.60078125 0.284375 0.0375 0.05078125
0 0.478125 0.23671875 0.02734375 0.04296875
0 0.46015625 0.2140625 0.02109375 0.03203125
0 0.40546875 0.265625 0.03671875 0.053125
0 0.3859375 0.22265625 0.03125 0.0390625
0 0.36640625 0.253125 0.03515625 0.046875
0 0.3171875 0.22578125 0.0328125 0.03984375
0 0.29296875 0.24375 0.03125 0.046875
0 0.48984375 0.20546875 0.021875 0.02265625
0 0.5875 0.20625 0.01953125 0.02265625
0 0.571875 0.253125 0.0296875 0.04375
3 0.41953125 0.22578125 0.03203125 0.0484375
0 0.95390625 0.55390625 0.0921875 0.1515625
3 0.33046875 0.1984375 0.02578125 0.04140625
3 0.52734375 0.18046875 0.02109375 0.04375
0 0.434375 0.1828125 0.01328125 0.02109375
0 0.38359375 0.18203125 0.0171875 0.02734375
0 0.396875 0.17578125 0.01328125 0.02109375
0 0.44296875 0.17265625 0.0109375 0.021875
0 0.446875 0.1625 0.0078125 0.0125
0 0.4578125 0.16015625 0.009375 0.0125
0 0.46640625 0.16484375 0.009375 0.01640625
0 0.453125 0.16796875 0.00859375 0.0140625
0 0.46484375 0.1765625 0.0109375 0.01796875
0 0.45859375 0.18046875 0.01171875 0.01171875
0 0.459375 0.19453125 0.0171875 0.02109375
0 0.48203125 0.178125 0.009375 0.01171875
0 0.484375 0.1859375 0.01015625 0.0140625
0 0.48828125 0.19140625 0.0140625 0.015625
0 0.5125 0.2078125 0.0203125 0.02890625
0 0.5390625 0.21875 0.01953125 0.025
0 0.51953125 0.22265625 0.0203125 0.02578125
0 0.528125 0.23515625 0.01953125 0.028125
0 0.53203125 0.24765625 0.02265625 0.03359375
0 0.54921875 0.2609375 0.02734375 0.0359375
0 0.559375 0.28828125 0.03515625 0.0453125
0 0.559375 0.2375 0.01953125 0.025
0 0.55078125 0.2296875 0.01875 0.0265625
0 0.55859375 0.215625 0.01484375 0.02578125
0 0.559375 0.19765625 0.01328125 0.01953125
0 0.57109375 0.196875 0.0125 0.01875
0 0.584375 0.1921875 0.0140625 0.01484375
0 0.5640625 0.18828125 0.01171875 0.0125
0 0.5609375 0.1765625 0.01015625 0.01640625
0 0.55625 0.184375 0.01171875 0.01484375
0 0.55 0.1796875 0.009375 0.015625
0 0.54921875 0.19140625 0.0109375 0.015625
0 0.5421875 0.196875 0.0140625 0.025
