0 0.45703125 0.80546875 0.1453125 0.23359375
0 0.1390625 0.809375 0.1296875 0.253125
0 0.25234375 0.62421875 0.09765625 0.18203125
0 0.2515625 0.50859375 0.065625 0.09453125
0 0.34140625 0.50390625 0.0703125 0.0921875
0 0.4109375 0.46640625 0.075 0.08203125
0 0.50859375 0.46015625 0.07265625 0.09140625
0 0.45703125 0.421875 0.0609375 0.07890625
0 0.38515625 0.41953125 0.06328125 0.08828125
0 0.24765625 0.42734375 0.0484375 0.06875
0 0.24375 0.3046875 0.02890625 0.04140625
0 0.24921875 0.2390625 0.01328125 0.025
0 0.27578125 0.27890625 0.0234375 0.02734375
0 0.2796875 0.303125 0.02421875 0.0328125
0 0.3203125 0.31328125 0.03125 0.0375
1 0.35234375 0.57890625 0.04765625 0.121875
1 0.571875 0.36171875 0.03046875 0.0546875
1 0.23515625 0.25 0.00859375 0.01796875
3 0.31875 0.415625 0.071875 0.13984375
3 0.14765625 0.575 0.09296875 0.21328125
0 0.94765625 0.52578125 0.1046875 0.1375
0 0.33828125 0.340625 0.0296875 0.04453125
0 0.24921875 0.3953125 0.04140625 0.0421875
0 0.24921875 0.36875 0.028125 0.03984375
0 0.24296875 0.35703125 0.034375 0.046875
0 0.28515625 0.34140625 0.0234375 0.0359375
0 0.296875 0.35390625 0.02578125 0.03828125
0 0.24765625 0.284375 0.01796875 0.0265625
