0 0.4203125 0.5890625 0.0734375 0.128125
0 0.61875 0.77265625 0.13125 0.18984375
0 0.67421875 0.5640625 0.11015625 0.096875
0 0.5296875 0.590625 0.078125 0.128125
0 0.40859375 0.45234375 0.0609375 0.07734375
0 0.4390625 0.384375 0.03359375 0.05859375
0 0.4953125 0.39921875 0.04140625 0.06328125
0 0.57109375 0.48671875 0.06796875 0.09140625
0 0.525 0.434375 0.059375 0.06953125
0 0.39375 0.36953125 0.0234375 0.04140625
0 0.59921875 0.3484375 0.03984375 0.04609375
0 0.728125 0.36171875 0.046875 0.03828125
0 0.784375 0.41328125 0.06484375 0.05546875
0 0.9671875 0.58046875 0.065625 0.1203125
0 0.809375 0.3875 0.040625 0.05859375
0 0.54375 0.3203125 0.025 0.0296875
0 0.5015625 0.3140625 0.0203125 0.03203125
0 0.42734375 0.3171875 0.0171875 0.0296875
0 0.4015625 0.32265625 0.02421875 0.028125
0 0.5734375 0.30078125 0.0265625 0.03125
