0 0.340625 0.86796875 0.215625 0.21484375
0 0.41328125 0.48125 0.05546875 0.1046875
0 0.47890625 0.47109375 0.046875 0.0734375
0 0.53359375 0.44375 0.059375 0.09609375
0 0.59453125 0.43671875 0.05546875 0.09609375
0 0.68046875 0.43828125 0.065625 0.06875
0 0.75625 0.4 0.05234375 0.059375
0 0.71484375 0.41953125 0.05390625 0.0734375
0 0.66640625 0.36796875 0.03984375 0.05234375
0 0.6046875 0.36171875 0.0359375 0.040625
0 0.35234375 0.40390625 0.03515625 0.0484375
0 0.328125 0.47421875 0.0625 0.07734375
0 0.53984375 0.34765625 0.03125 0.03671875
0 0.5453125 0.30234375 0.01953125 0.0265625
0 0.50234375 0.2984375 0.0140625 0.0234375
0 0.36328125 0.32734375 0.0171875 0.0203125
0 0.36796875 0.3171875 0.0125 0.0140625
0 0.3875 0.3140625 0.015625 0.01328125
0 0.40625 0.3046875 0.0140625 0.02265625
3 0.421875 0.2953125 0.01796875 0.03125
0 0.48515625 0.29921875 0.00859375 0.01953125
0 0.5234375 0.296875 0.01484375 0.01875
0 0.540625 0.325 0.0234375 0.02421875
0 0.51328125 0.2921875 0.01171875 0.01796875
0 0.6171875 0.290625 0.028125 0.02109375
0 0.6375 0.2875 0.02734375 0.02109375
0 0.9609375 0.53984375 0.078125 0.16328125
0 0.46640625 0.4453125 0.0359375 0.06328125
