0 0.81171875 0.81328125 0.1625 0.2296875
0 0.59921875 0.72734375 0.11015625 0.1484375
0 0.5046875 0.80546875 0.16328125 0.26015625
0 0.1296875 0.54765625 0.07421875 0.10859375
0 0.33828125 0.46875 0.04609375 0.06953125
0 0.47578125 0.4984375 0.04375 0.06796875
0 0.27890625 0.43828125 0.03671875 0.04609375
3 0.41484375 0.503125 0.07578125 0.171875
3 0.5203125 0.55 0.0625 0.14765625
0 0.1890625 0.4625 0.075 0.07578125
1 0.8171875 0.93984375 0.07890625 0.1203125
0 0.96171875 0.51875 0.06484375 0.0890625
3 0.64453125 0.35234375 0.01484375 0.0234375
0 0.640625 0.3359375 0.01015625 0.0203125
0 0.646875 0.33359375 0.01171875 0.0171875
0 0.66171875 0.3328125 0.0109375 0.0234375
0 0.834375 0.4234375 0.0375 0.05625
0 0.4640625 0.44921875 0.03359375 0.04921875
0 0.484375 0.428125 0.02890625 0.04765625
0 0.31796875 0.3953125 0.02890625 0.03828125
3 0.36796875 0.38515625 0.02734375 0.04140625
0 0.39140625 0.37421875 0.02265625 0.0390625
0 0.41015625 0.36875 0.01640625 0.0234375
0 0.4234375 0.371875 0.01328125 0.0265625
0 0.43671875 0.3796875 0.01796875 0.02109375
0 0.4375 0.40078125 0.02109375 0.0328125
0 0.40703125 0.38359375 0.01796875 0.0234375
0 0.4 0.403125 0.0265625 0.03046875
0 0.45859375 0.37109375 0.0171875 0.02578125
0 0.4234375 0.35546875 0.01484375 0.0140625
0 0.43515625 0.35625 0.01171875 0.02578125
0 0.44296875 0.3546875 0.0109375 0.01640625
0 0.4484375 0.3625 0.01015625 0.0203125
2 0.45546875 0.33203125 0.0203125 0.03671875
2 0.46640625 0.33828125 0.01796875 0.0296875
0 0.46875 0.36015625 0.01328125 0.0171875
