0 0.4640625 0.78046875 0.0953125 0.17421875
0 0.6 0.721875 0.115625 0.16640625
0 0.75859375 0.921875 0.2015625 0.15625
0 0.51796875 0.64296875 0.07890625 0.1
0 0.415625 0.58046875 0.0390625 0.06796875
0 0.52578125 0.5671875 0.046875 0.05703125
0 0.5703125 0.56953125 0.04375 0.06171875
0 0.65 0.51796875 0.059375 0.04765625
0 0.60078125 0.55546875 0.03359375 0.06796875
3 0.4640625 0.54375 0.03671875 0.0734375
1 0.515625 0.4703125 0.0140625 0.03203125
0 0.54453125 0.4703125 0.021875 0.03046875
0 0.5265625 0.45078125 0.01796875 0.02890625
0 0.56796875 0.51640625 0.0328125 0.0453125
0 0.41953125 0.55625 0.0328125 0.04296875
0 0.41640625 0.509375 0.02421875 0.0375
0 0.45234375 0.50859375 0.025 0.02890625
0 0.48828125 0.4671875 0.01953125 0.0296875
0 0.50078125 0.45078125 0.01953125 0.0234375
0 0.49140625 0.440625 0.01328125 0.01953125
0 0.509375 0.4375 0.0203125 0.02265625
1 0.3328125 0.87109375 0.05546875 0.17109375
0 0.3609375 0.509375 0.04765625 0.04765625
0 0.39375 0.4515625 0.0265625 0.02421875
0 0.41640625 0.47734375 0.015625 0.01640625
0 0.41484375 0.490625 0.015625 0.01328125
0 0.4125 0.47421875 0.0140625 0.01640625
0 0.603125 0.478125 0.025 0.03984375
0 0.59375 0.4890625 0.02109375 0.01875
0 0.57890625 0.496875 0.0171875 0.02421875
3 0.5 0.41875 0.0109375 0.01875
0 0.46796875 0.43515625 0.0109375 0.0171875
0 0.48046875 0.42734375 0.0109375 0.01484375
0 0.496875 0.42734375 0.01171875 0.0171875
1 0.5546875 0.44609375 0.0109375 0.0234375
0 0.49609375 0.5296875 0.0234375 0.040625
0 0.5046875 0.5359375 0.02421875 0.03515625
0 0.51171875 0.55546875 0.02890625 0.04921875
0 0.54296875 0.52109375 0.02578125 0.04609375
0 0.55390625 0.546875 0.02890625 0.03828125
0 0.52734375 0.51796875 0.01875 0.04453125
0 0.52109375 0.5078125 0.01875 0.0375
0 0.5140625 0.50390625 0.01875 0.034375
0 0.5046875 0.49296875 0.0203125 0.0296875
0 0.5 0.478125 0.01796875 0.028125
0 0.48984375 0.5171875 0.01875 0.03359375
0 0.4828125 0.5046875 0.02109375 0.03515625
0 0.47578125 0.49140625 0.01953125 0.025
0 0.46953125 0.48359375 0.01640625 0.0234375
0 0.47265625 0.4703125 0.01875 0.0203125
0 0.45078125 0.490625 0.01796875 0.01484375
0 0.44609375 0.48515625 0.0203125 0.021875
0 0.44296875 0.47265625 0.0171875 0.0203125
0 0.4609375 0.4609375 0.0125 0.01796875
0 0.46328125 0.4703125 0.01171875 0.02265625
0 0.4546875 0.4421875 0.0109375 0.01796875
0 0.4625 0.44609375 0.0140625 0.01484375
0 0.4203125 0.4609375 0.0171875 0.01875
0 0.4140625 0.46328125 0.0109375 0.0125
0 0.44140625 0.46015625 0.01640625 0.0171875
0 0.80703125 0.51953125 0.04296875 0.0359375
0 0.7578125 0.5296875 0.05703125 0.0296875
0 0.7125 0.4859375 0.0421875 0.03359375
0 0.73046875 0.49375 0.040625 0.0359375
0 0.74765625 0.50078125 0.028125 0.03984375
0 0.778125 0.50078125 0.03203125 0.0390625
0 0.8671875 0.50703125 0.03515625 0.04921875
