0 0.728125 0.48203125 0.09140625 0.1015625
0 0.60078125 0.4515625 0.078125 0.0796875
0 0.5421875 0.3890625 0.0609375 0.0671875
0 0.471875 0.34765625 0.04921875 0.0453125
0 0.4546875 0.81796875 0.16875 0.2453125
0 0.34453125 0.4625 0.065625 0.1078125
0 0.21328125 0.65 0.09765625 0.165625
0 0.06953125 0.43203125 0.0703125 0.0828125
0 0.13359375 0.3890625 0.0359375 0.0625
0 0.18515625 0.3890625 0.040625 0.0703125
0 0.36484375 0.3265625 0.040625 0.04453125
0 0.3453125 0.2890625 0.02734375 0.03203125
0 0.315625 0.28828125 0.02265625 0.03046875
0 0.3734375 0.28984375 0.025 0.034375
0 0.3921875 0.28203125 0.021875 0.03203125
0 0.2875 0.25078125 0.0171875 0.0265625
2 0.215625 0.29140625 0.0375 0.07734375
3 0.25859375 0.33203125 0.0375 0.08125
3 0.4046875 0.39921875 0.07265625 0.103125
3 0.43203125 0.296875 0.040625 0.06875
3 0.35625 0.25234375 0.034375 0.04140625
3 0.134375 0.2953125 0.02109375 0.053125
3 0.13671875 0.26953125 0.01953125 0.01796875
0 0.15390625 0.26484375 0.01640625 0.0203125
3 0.15 0.246875 0.0140625 0.02578125
3 0.1921875 0.2453125 0.01171875 0.03125
3 0.21171875 0.24375 0.021875 0.02890625
0 0.22890625 0.25390625 0.01484375 0.0265625
0 0.17421875 0.24921875 0.015625 0.01875
0 0.18046875 0.259375 0.01484375 0.01796875
0 0.18671875 0.27109375 0.01640625 0.021875
0 0.1828125 0.2859375 0.01796875 0.03125
0 0.19140625 0.346875 0.028125 0.04296875
0 0.26796875 0.31015625 0.02890625 0.04765625
0 0.16953125 0.30546875 0.021875 0.02890625
0 0.15703125 0.3171875 0.0265625 0.03359375
0 0.14296875 0.32421875 0.03046875 0.02890625
0 0.14609375 0.3390625 0.0296875 0.03125
0 0.14140625 0.36953125 0.03203125 0.046875
0 0.4171875 0.28125 0.0171875 0.03515625
0 0.26953125 0.23828125 0.009375 0.01796875
0 0.309375 0.2640625 0.01875 0.0265625
0 0.32421875 0.25703125 0.01640625 0.02734375
0 0.309375 0.25 0.01328125 0.01484375
3 0.2921875 0.24296875 0.01484375 0.021875
3 0.27890625 0.21796875 0.0125 0.0234375
3 0.33984375 0.24765625 0.021875 0.0375
0 0.46015625 0.2703125 0.0375 0.034375
