0 0.5078125 0.81796875 0.153125 0.253125
0 0.30859375 0.64765625 0.09609375 0.19296875
0 0.4765625 0.56484375 0.09375 0.1453125
0 0.61953125 0.559375 0.10625 0.115625
0 0.73984375 0.58359375 0.10078125 0.1421875
0 0.9515625 0.54453125 0.05546875 0.0984375
0 0.3265625 0.4734375 0.07265625 0.1078125
0 0.25234375 0.525 0.07890625 0.1203125
0 0.1859375 0.35703125 0.04921875 0.06953125
0 0.23515625 0.45859375 0.0578125 0.09296875
0 0.275 0.3734375 0.046875 0.06484375
0 0.33203125 0.3875 0.0515625 0.05546875
0 0.309375 0.42265625 0.05390625 0.07109375
3 0.3953125 0.41171875 0.08125 0.1203125
3 0.87265625 0.721875 0.1734375 0.271875
3 0.91953125 0.42734375 0.03125 0.06484375
0 0.80703125 0.4109375 0.0296875 0.040625
0 0.8265625 0.40234375 0.021875 0.040625
0 0.25546875 0.34375 0.03671875 0.040625
0 0.153125 0.2875 0.0296875 0.04140625
0 0.2078125 0.32265625 0.0296875 0.040625
0 0.1921875 0.290625 0.015625 0.03203125
3 0.21015625 0.29765625 0.025 0.0328125
3 0.321875 0.3578125 0.05703125 0.0609375
