0 0.34140625 0.6875 0.05625 0.125
0 0.45234375 0.65546875 0.0859375 0.15625
0 0.54375 0.66875 0.07890625 0.11875
0 0.628125 0.6203125 0.06875 0.1078125
0 0.7796875 0.803125 0.12421875 0.20546875
0 0.78671875 0.5625 0.06953125 0.10625
0 0.5359375 0.50078125 0.0546875 0.09140625
0 0.4890625 0.52265625 0.04453125 0.07890625
0 0.4296875 0.53828125 0.059375 0.07734375
0 0.340625 0.546875 0.06484375 0.103125
0 0.18515625 0.47109375 0.046875 0.05078125
0 0.359375 0.47109375 0.034375 0.05703125
0 0.40859375 0.45859375 0.03828125 0.06171875
0 0.46796875 0.4703125 0.0390625 0.05859375
0 0.49921875 0.4390625 0.04453125 0.06953125
0 0.45234375 0.44375 0.02265625 0.04140625
3 0.7109375 0.4328125 0.0453125 0.115625
3 0.3609375 0.4234375 0.0515625 0.09140625
2 0.41171875 0.35390625 0.03125 0.06328125
2 0.7140625 0.35078125 0.0203125 0.04140625
0 0.95703125 0.5234375 0.06484375 0.07109375
0 0.3171875 0.39609375 0.03515625 0.0484375
0 0.44296875 0.41953125 0.02265625 0.02890625
0 0.475 0.40703125 0.021875 0.03203125
0 0.48203125 0.42578125 0.01796875 0.0359375
0 0.40390625 0.4140625 0.0265625 0.03203125
0 0.40234375 0.4 0.01875 0.021875
0 0.403125 0.390625 0.02109375 0.021875
0 0.41015625 0.38515625 0.0171875 0.0265625
0 0.42109375 0.38046875 0.015625 0.0234375
3 0.434375 0.39375 0.021875 0.03671875
0 0.40390625 0.43515625 0.03125 0.03515625
0 0.46640625 0.40390625 0.01875 0.0328125
0 0.45703125 0.3984375 0.0171875 0.03125
0 0.45546875 0.38515625 0.01953125 0.0265625
0 0.753125 0.4421875 0.03515625 0.04375
0 0.67890625 0.37421875 0.015625 0.02578125
0 0.7015625 0.3703125 0.01640625 0.0203125
0 0.7109375 0.365625 0.01171875 0.02265625
0 0.68125 0.34296875 0.01015625 0.0203125
0 0.6921875 0.3328125 0.0109375 0.0140625
3 0.6734375 0.35 0.0125 0.02890625
0 0.7890625 0.39609375 0.0234375 0.04140625
