3 0.73125 0.66875 0.1609375 0.34375
0 0.87109375 0.684375 0.0890625 0.19296875
0 0.615625 0.44921875 0.07734375 0.08671875
0 0.89765625 0.51484375 0.0453125 0.08203125
0 0.12109375 0.3390625 0.0171875 0.046875
0 0.140625 0.32734375 0.0265625 0.03125
0 0.1625 0.31953125 0.01796875 0.02109375
0 0.1609375 0.34140625 0.02109375 0.02734375
0 0.15 0.35703125 0.0265625 0.03359375
0 0.15546875 0.4046875 0.04140625 0.06015625
0 0.17421875 0.3796875 0.03359375 0.0484375
0 0.184375 0.35234375 0.028125 0.03828125
0 0.209375 0.36640625 0.0375 0.04296875
0 0.24609375 0.371875 0.0359375 0.04609375
0 0.284375 0.39453125 0.0375 0.06171875
0 0.2390625 0.3921875 0.0421875 0.06484375
0 0.20625 0.4015625 0.04765625 0.06875
0 0.21875 0.3046875 0.01875 0.0296875
3 0.18984375 0.3140625 0.04765625 0.06796875
3 0.21875 0.3421875 0.03828125 0.04609375
0 0.81015625 0.41015625 0.03046875 0.03359375
0 0.8265625 0.41015625 0.02109375 0.02578125
0 0.8421875 0.40625 0.021875 0.03515625
0 0.8171875 0.44921875 0.0359375 0.0453125
0 0.89140625 0.42265625 0.02421875 0.0375
0 0.91796875 0.41171875 0.0234375 0.03671875
0 0.9421875 0.4359375 0.0234375 0.0375
0 0.9703125 0.41015625 0.01796875 0.025
0 0.984375 0.39765625 0.0171875 0.02421875
