3 0.78984375 0.7234375 0.2328125 0.275
3 0.78359375 0.346875 0.0734375 0.1421875
0 0.56328125 0.5390625 0.1296875 0.19921875
0 0.7140625 0.409375 0.0890625 0.11171875
0 0.71953125 0.2875 0.04375 0.04609375
0 0.6265625 0.40546875 0.07578125 0.115625
0 0.54296875 0.35546875 0.06328125 0.10703125
0 0.46640625 0.328125 0.04375 0.09609375
0 0.61640625 0.30625 0.05546875 0.0671875
0 0.57265625 0.309375 0.05703125 0.071875
0 0.6125 0.23828125 0.0296875 0.04296875
0 0.33671875 0.3 0.05390625 0.0875
0 0.3765625 0.23203125 0.0296875 0.0515625
0 0.4140625 0.2625 0.04140625 0.06640625
0 0.4921875 0.23203125 0.0359375 0.0421875
0 0.45703125 0.2234375 0.0296875 0.0421875
0 0.50703125 0.26796875 0.0375 0.046875
0 0.4265625 0.2140625 0.0234375 0.04296875
0 0.3984375 0.2046875 0.02890625 0.0375
0 0.23203125 0.27734375 0.053125 0.07109375
0 0.2671875 0.25625 0.03828125 0.065625
0 0.31640625 0.2234375 0.03359375 0.04609375
0 0.3515625 0.196875 0.0203125 0.0296875
0 0.29453125 0.4421875 0.07734375 0.15
0 0.809375 0.521875 0.13515625 0.134375
0 0.84765625 0.3484375 0.0859375 0.05859375
