0 0.4546875 0.82734375 0.13125 0.240625
0 0.846875 0.61796875 0.2 0.18125
0 0.54765625 0.60703125 0.09140625 0.128125
0 0.4140625 0.55703125 0.0765625 0.0953125
0 0.48515625 0.4875 0.0609375 0.1203125
0 0.565625 0.484375 0.0703125 0.0953125
0 0.6296875 0.43984375 0.06796875 0.0984375
0 0.7703125 0.41328125 0.04453125 0.07265625
0 0.71328125 0.41484375 0.04453125 0.06484375
2 0.7359375 0.34140625 0.05546875 0.07421875
0 0.415625 0.48125 0.05703125 0.08984375
0 0.365625 0.43984375 0.05625 0.0984375
0 0.44609375 0.40625 0.04375 0.06484375
0 0.3984375 0.4078125 0.034375 0.05078125
0 0.94921875 0.57265625 0.1015625 0.1609375
0 0.5734375 0.40703125 0.0421875 0.06796875
0 0.49296875 0.390625 0.0328125 0.05546875
0 0.61875 0.37421875 0.04140625 0.06328125
0 0.66875 0.32578125 0.0453125 0.04921875
0 0.43984375 0.32734375 0.025 0.04609375
0 0.39375 0.36953125 0.02421875 0.03125
0 0.390625 0.3390625 0.021875 0.02890625
3 0.41796875 0.33515625 0.0203125 0.03984375
3 0.3640625 0.3296875 0.02421875 0.04453125
2 0.5234375 0.2828125 0.03046875 0.03359375
2 0.32890625 0.35 0.03046875 0.071875
0 0.684375 0.40078125 0.03828125 0.05078125
0 0.646875 0.38203125 0.034375 0.046875
0 0.6484375 0.33671875 0.021875 0.028125
0 0.6546875 0.3609375 0.028125 0.03515625
0 0.596875 0.35625 0.025 0.0375
3 0.3515625 0.365625 0.03046875 0.0703125
0 0.36171875 0.3453125 0.015625 0.0375
0 0.565625 0.30703125 0.01796875 0.021875
0 0.58359375 0.3171875 0.0171875 0.02578125
0 0.5734375 0.34765625 0.02421875 0.034375
0 0.55078125 0.321875 0.015625 0.0203125
0 0.5078125 0.3140625 0.01484375 0.0234375
0 0.51875 0.30546875 0.0140625 0.0171875
0 0.53125 0.30546875 0.0140625 0.02265625
0 0.515625 0.3296875 0.02109375 0.02734375
0 0.5328125 0.32421875 0.01953125 0.01875
0 0.53203125 0.34765625 0.02421875 0.02734375
0 0.55390625 0.3421875 0.02109375 0.02734375
0 0.54609375 0.38828125 0.034375 0.04609375
0 0.521875 0.3734375 0.02890625 0.04296875
0 0.50859375 0.359375 0.021875 0.03515625
0 0.50703125 0.41484375 0.034375 0.0515625
0 0.53203125 0.4421875 0.04375 0.0640625
0 0.47734375 0.378125 0.0265625 0.03515625
0 0.46875 0.36484375 0.021875 0.03671875
0 0.46171875 0.35390625 0.01875 0.03359375
3 0.4078125 0.31484375 0.015625 0.028125
3 0.38515625 0.315625 0.02109375 0.03359375
3 0.57109375 0.2859375 0.0296875 0.03203125
3 0.615625 0.290625 0.0328125 0.034375
3 0.60703125 0.31875 0.0328125 0.05625
3 0.4921875 0.290625 0.01171875 0.01953125
2 0.51015625 0.278125 0.02109375 0.0328125
0 0.49375 0.32109375 0.01640625 0.0296875
0 0.45078125 0.30546875 0.0140625 0.02265625
