1 0.50859375 0.64140625 0.0578125 0.16171875
0 0.321875 0.67578125 0.1625 0.20390625
0 0.31484375 0.90625 0.21015625 0.18671875
0 0.5734375 0.50625 0.08046875 0.15703125
0 0.70234375 0.4390625 0.059375 0.07890625
0 0.740625 0.3703125 0.03828125 0.05546875
0 0.9578125 0.41484375 0.08359375 0.07109375
2 0.3640625 0.3328125 0.06171875 0.1125
0 0.25625 0.35546875 0.04609375 0.07890625
0 0.3109375 0.3515625 0.0421875 0.05859375
0 0.41484375 0.35703125 0.034375 0.06328125
0 0.46875 0.3734375 0.03125 0.04609375
0 0.43984375 0.34140625 0.0234375 0.03359375
3 0.44296875 0.31015625 0.02109375 0.03671875
0 0.48125 0.31796875 0.028125 0.03984375
0 0.5515625 0.27734375 0.02421875 0.0265625
0 0.41484375 0.27265625 0.0140625 0.03203125
0 0.42734375 0.278125 0.01796875 0.025
0 0.45703125 0.2921875 0.0203125 0.0234375
0 0.2859375 0.340625 0.01640625 0.03828125
