0 0.4078125 0.69140625 0.13515625 0.225
0 0.24921875 0.59296875 0.08359375 0.1421875
0 0.4859375 0.45546875 0.06796875 0.0984375
0 0.415625 0.46796875 0.07890625 0.0953125
0 0.3234375 0.45859375 0.078125 0.1015625
0 0.24375 0.484375 0.08671875 0.1109375
0 0.20859375 0.35078125 0.03125 0.06015625
0 0.2234375 0.3 0.03671875 0.04765625
0 0.278125 0.28828125 0.040625 0.04609375
0 0.24453125 0.35546875 0.0296875 0.05703125
0 0.3 0.3953125 0.05234375 0.06171875
0 0.434375 0.28125 0.021875 0.03671875
1 0.2875 0.321875 0.0265625 0.05703125
0 0.63125 0.3828125 0.06171875 0.08046875
3 0.56875 0.36640625 0.146875 0.18046875
0 0.93984375 0.78125 0.11953125 0.221875
3 0.84453125 0.534375 0.3109375 0.39375
0 0.825 0.42890625 0.0703125 0.07734375
3 0.50703125 0.31875 0.02734375 0.07890625
2 0.23046875 0.25 0.01875 0.04453125
0 0.24609375 0.25625 0.01328125 0.01796875
0 0.25 0.25078125 0.00859375 0.0140625
0 0.259375 0.240625 0.0109375 0.01484375
0 0.28125 0.2515625 0.0125 0.01484375
0 0.33515625 0.365625 0.034375 0.0421875
0 0.3359375 0.33671875 0.034375 0.025
0 0.24140625 0.409375 0.04140625 0.053125
0 0.35625 0.37265625 0.02734375 0.0421875
0 0.36953125 0.396875 0.0359375 0.05703125
0 0.38671875 0.41640625 0.05390625 0.0765625
