0 0.76796875 0.7953125 0.2765625 0.21171875
0 0.6359375 0.53125 0.18984375 0.1453125
0 0.24296875 0.30390625 0.0859375 0.1015625
0 0.70078125 0.3 0.04375 0.05390625
0 0.6328125 0.23984375 0.02109375 0.0296875
0 0.6328125 0.26796875 0.02109375 0.0375
0 0.6546875 0.24609375 0.02421875 0.03515625
0 0.85234375 0.27734375 0.04609375 0.04375
0 0.89140625 0.28359375 0.04609375 0.02578125
0 0.859375 0.30546875 0.015625 0.0359375
0 0.89140625 0.30703125 0.0515625 0.053125
0 0.9109375 0.3125 0.04453125 0.0359375
0 0.925 0.3203125 0.03828125 0.03359375
0 0.940625 0.328125 0.04296875 0.04140625
0 0.96640625 0.33984375 0.05546875 0.04921875
0 0.9640625 0.31015625 0.0359375 0.0203125
0 0.984375 0.32109375 0.03125 0.0265625
0 0.99453125 0.33125 0.0109375 0.028125
0 0.553125 0.21171875 0.0171875 0.02421875
0 0.48515625 0.1890625 0.01171875 0.02109375
0 0.50625 0.19609375 0.00703125 0.015625
0 0.50546875 0.190625 0.00859375 0.01875
0 0.503125 0.1828125 0.0109375 0.01796875
3 0.51328125 0.19609375 0.0109375 0.025
3 0.44453125 0.18515625 0.0109375 0.02265625
