2 0.37265625 0.2640625 0.09609375 0.1109375
0 0.56640625 0.37421875 0.09140625 0.11875
0 0.61640625 0.78359375 0.2265625 0.253125
0 0.27421875 0.5984375 0.175 0.20703125
0 0.5421875 0.6015625 0.2078125 0.18828125
0 0.8328125 0.778125 0.2390625 0.25
3 0.03203125 0.4796875 0.06328125 0.17890625
0 0.09296875 0.46640625 0.075 0.1015625
0 0.09296875 0.40546875 0.078125 0.07890625
0 0.1953125 0.446875 0.10390625 0.103125
0 0.278125 0.3703125 0.05625 0.08359375
0 0.37109375 0.3796875 0.06484375 0.07734375
0 0.3828125 0.45390625 0.1265625 0.08359375
0 0.29375 0.509375 0.13046875 0.09296875
0 0.65703125 0.3640625 0.08671875 0.0984375
0 0.60703125 0.2671875 0.05625 0.07421875
