0 0.596875 0.80390625 0.18984375 0.28671875
0 0.284375 0.5625 0.0921875 0.19921875
0 0.32734375 0.409375 0.0828125 0.128125
0 0.246875 0.36171875 0.046875 0.10625
0 0.2546875 0.296875 0.0359375 0.06015625
0 0.1859375 0.3140625 0.02890625 0.05703125
2 0.159375 0.24140625 0.0171875 0.01796875
0 0.15625 0.27265625 0.02109375 0.02890625
0 0.17734375 0.28984375 0.02109375 0.0328125
0 0.17734375 0.24453125 0.01328125 0.02109375
0 0.1890625 0.246875 0.01171875 0.021875
0 0.19921875 0.253125 0.0140625 0.02109375
0 0.20625 0.265625 0.01796875 0.02734375
0 0.21484375 0.24375 0.0140625 0.01953125
0 0.2078125 0.22890625 0.01171875 0.01796875
