1 0.36640625 0.4671875 0.028125 0.07578125
0 0.49921875 0.7734375 0.1171875 0.228125
0 0.4484375 0.52890625 0.071875 0.08515625
0 0.4359375 0.44765625 0.05 0.06796875
0 0.371875 0.41015625 0.0375 0.05859375
0 0.33515625 0.36953125 0.0265625 0.05078125
0 0.35390625 0.3328125 0.0265625 0.03203125
0 0.38828125 0.36171875 0.02890625 0.04140625
0 0.41875 0.38671875 0.028125 0.05390625
0 0.4671875 0.3875 0.03203125 0.04296875
0 0.50703125 0.39375 0.0234375 0.05546875
0 0.5265625 0.41484375 0.0359375 0.06171875
0 0.42890625 0.359375 0.03125 0.03671875
0 0.47734375 0.3328125 0.02109375 0.03828125
0 0.46328125 0.31484375 0.0203125 0.025
0 0.4296875 0.3265625 0.02578125 0.03515625
0 0.6515625 0.4328125 0.046875 0.05703125
0 0.6890625 0.4125 0.0390625 0.06015625
0 0.75859375 0.4578125 0.06953125 0.08515625
0 0.8625 0.5296875 0.071875 0.09296875
0 0.83125 0.57109375 0.10859375 0.1390625
0 0.64140625 0.3859375 0.02890625 0.05234375
0 0.52734375 0.3453125 0.0265625 0.03984375
0 0.54765625 0.33515625 0.02421875 0.03125
0 0.6203125 0.371875 0.01875 0.03359375
0 0.66640625 0.36640625 0.0390625 0.04765625
0 0.69453125 0.371875 0.0265625 0.04296875
1 0.134375 0.39921875 0.0234375 0.053125
0 0.07421875 0.40859375 0.08984375 0.0703125
0 0.79296875 0.409375 0.06875 0.0390625
0 0.34765625 0.29453125 0.0171875 0.02265625
0 0.3609375 0.31953125 0.01640625 0.02421875
0 0.384375 0.31328125 0.01796875 0.028125
0 0.41484375 0.30625 0.01640625 0.0234375
0 0.4109375 0.33671875 0.01875 0.03515625
0 0.4125 0.29140625 0.01484375 0.0203125
0 0.4265625 0.2734375 0.009375 0.0203125
0 0.42265625 0.2609375 0.009375 0.01328125
0 0.43125 0.25625 0.01015625 0.015625
0 0.4078125 0.2625 0.00859375 0.01484375
0 0.41640625 0.2703125 0.01015625 0.0171875
0 0.3875 0.2765625 0.0109375 0.0171875
0 0.3703125 0.265625 0.009375 0.0140625
0 0.37578125 0.2625 0.00625 0.0140625
3 0.37109375 0.290625 0.0125 0.02890625
0 0.36796875 0.30703125 0.01640625 0.021875
0 0.378125 0.28828125 0.0046875 0.021875
0 0.3796875 0.2796875 0.00703125 0.02109375
2 0.390625 0.2578125 0.02109375 0.02890625
0 0.61875 0.35625 0.034375 0.02890625
0 0.6359375 0.34375 0.025 0.028125
0 0.61640625 0.334375 0.01796875 0.02109375
0 0.6078125 0.32734375 0.01640625 0.02578125
0 0.59765625 0.32578125 0.01953125 0.03046875
0 0.5765625 0.3234375 0.02109375 0.02734375
0 0.56484375 0.31171875 0.01953125 0.02578125
0 0.54609375 0.32109375 0.02265625 0.02734375
0 0.48515625 0.3046875 0.0140625 0.0234375
0 0.4734375 0.29140625 0.015625 0.02421875
0 0.46171875 0.27578125 0.01328125 0.01640625
1 0.4609375 0.27890625 0.00390625 0.015625
0 0.49140625 0.29296875 0.0125 0.01796875
0 0.51171875 0.31015625 0.01484375 0.02734375
0 0.515625 0.303125 0.01171875 0.02421875
0 0.52265625 0.29765625 0.0140625 0.01875
0 0.5328125 0.29140625 0.01015625 0.01796875
0 0.540625 0.296875 0.0171875 0.0203125
0 0.55078125 0.303125 0.01640625 0.0203125
