0 0.79375 0.44375 0.0890625 0.1234375
0 0.94375 0.478125 0.10078125 0.11484375
0 0.74296875 0.37421875 0.06015625 0.0546875
0 0.70859375 0.4046875 0.0515625 0.0703125
0 0.60234375 0.33984375 0.0359375 0.05234375
0 0.67265625 0.33515625 0.03203125 0.03671875
0 0.55 0.45859375 0.07265625 0.09609375
0 0.54765625 0.7515625 0.253125 0.21875
0 0.41640625 0.4859375 0.05703125 0.08359375
0 0.41875 0.29921875 0.0125 0.01640625
0 0.52421875 0.31796875 0.01953125 0.03671875
0 0.5578125 0.31640625 0.02109375 0.02890625
2 0.596875 0.3015625 0.03828125 0.0640625
0 0.0625 0.6953125 0.12421875 0.14140625
