1 0.2875 0.7109375 0.0484375 0.140625
1 0.27890625 0.56171875 0.028125 0.09296875
0 0.39765625 0.8765625 0.140625 0.246875
0 0.86015625 0.871875 0.16640625 0.25
0 0.5640625 0.66484375 0.08515625 0.1390625
0 0.43515625 0.56328125 0.059375 0.1015625
0 0.4765625 0.696875 0.109375 0.18359375
0 0.490625 0.52265625 0.05234375 0.09375
0 0.553125 0.5125 0.0609375 0.1171875
0 0.60625 0.58359375 0.08046875 0.1234375
0 0.7203125 0.47109375 0.04140625 0.07578125
1 0.3078125 0.47578125 0.01796875 0.07265625
2 0.3484375 0.5015625 0.07890625 0.16953125
0 0.96015625 0.5171875 0.0671875 0.08984375
0 0.77578125 0.49296875 0.03203125 0.05546875
0 0.7625 0.46640625 0.0296875 0.03984375
0 0.7078125 0.4359375 0.021875 0.03359375
0 0.6828125 0.3484375 0.0140625 0.02265625
0 0.696875 0.334375 0.01171875 0.015625
0 0.70078125 0.3671875 0.015625 0.028125
2 0.72421875 0.3578125 0.01875 0.0390625
3 0.75390625 0.4390625 0.03359375 0.04921875
0 0.17578125 0.52265625 0.07109375 0.0859375
0 0.32421875 0.39765625 0.02734375 0.0375
0 0.34609375 0.38515625 0.02421875 0.03359375
0 0.36328125 0.38203125 0.01875 0.02421875
0 0.37734375 0.3875 0.0171875 0.02421875
0 0.375 0.396875 0.015625 0.028125
0 0.36953125 0.4109375 0.025 0.028125
0 0.365625 0.42265625 0.0234375 0.0234375
0 0.36015625 0.440625 0.0265625 0.04140625
0 0.4125 0.46015625 0.03515625 0.03984375
0 0.421875 0.496875 0.04140625 0.0578125
0 0.475 0.4890625 0.0421875 0.04921875
0 0.51484375 0.46875 0.03671875 0.04765625
0 0.4953125 0.44140625 0.0234375 0.040625
0 0.45859375 0.44921875 0.02890625 0.0453125
0 0.48203125 0.42265625 0.02734375 0.03828125
0 0.47109375 0.40546875 0.01875 0.02734375
0 0.40078125 0.3953125 0.0203125 0.02109375
0 0.403125 0.4140625 0.02109375 0.02578125
0 0.409375 0.41875 0.01953125 0.0203125
0 0.40703125 0.44140625 0.028125 0.02578125
0 0.43828125 0.4109375 0.015625 0.03203125
0 0.46015625 0.39453125 0.0171875 0.028125
3 0.4484375 0.42421875 0.0296875 0.0484375
0 0.43515625 0.4015625 0.0171875 0.0296875
