0 0.2234375 0.68515625 0.1703125 0.19140625
0 0.23828125 0.53125 0.084375 0.1140625
0 0.41328125 0.5296875 0.08046875 0.08046875
0 0.46171875 0.63671875 0.12421875 0.1375
0 0.27109375 0.39375 0.0625 0.09296875
0 0.14375 0.31328125 0.03203125 0.0515625
0 0.2109375 0.29921875 0.02578125 0.04375
0 0.6921875 0.475 0.0703125 0.065625
0 0.81328125 0.515625 0.04765625 0.08671875
0 0.84375 0.49453125 0.03203125 0.06015625
0 0.89609375 0.52109375 0.04921875 0.0984375
0 0.95390625 0.559375 0.04609375 0.078125
0 0.95234375 0.51875 0.04140625 0.0390625
0 0.90234375 0.44453125 0.02578125 0.03359375
0 0.9046875 0.47109375 0.03125 0.0390625
0 0.915625 0.4328125 0.021875 0.03359375
0 0.94296875 0.44296875 0.03359375 0.0421875
0 0.8078125 0.41171875 0.03515625 0.03671875
0 0.8421875 0.4015625 0.03125 0.04296875
