0 0.540625 0.58984375 0.121875 0.225
0 0.3578125 0.61328125 0.1109375 0.2390625
0 0.30390625 0.446875 0.1140625 0.1
0 0.5453125 0.34921875 0.08671875 0.09375
0 0.90078125 0.5109375 0.1734375 0.17890625
0 0.8453125 0.3390625 0.05625 0.06328125
0 0.95 0.36640625 0.09453125 0.05078125
0 0.73203125 0.29375 0.04765625 0.06328125
0 0.48984375 0.190625 0.0171875 0.03828125
0 0.35625 0.22421875 0.03046875 0.03515625
0 0.26640625 0.2625 0.028125 0.05546875
0 0.4203125 0.1671875 0.0109375 0.0171875
0 0.49765625 0.1703125 0.01015625 0.01328125
3 0.29140625 0.3375 0.04609375 0.07578125
3 0.3453125 0.28203125 0.0375 0.0625
3 0.77265625 0.4171875 0.1296875 0.17421875
0 0.8171875 0.275 0.03125 0.04765625
0 0.83984375 0.27578125 0.03515625 0.03515625
0 0.86171875 0.29140625 0.05625 0.04140625
0 0.87421875 0.303125 0.0359375 0.03046875
0 0.89140625 0.3125 0.03515625 0.0390625
0 0.90703125 0.31875 0.0328125 0.03515625
0 0.93046875 0.3234375 0.0265625 0.03828125
0 0.95625 0.3296875 0.0578125 0.0328125
0 0.9765625 0.33671875 0.046875 0.0453125
2 0.625 0.2296875 0.03671875 0.05859375
3 0.4421875 0.196875 0.009375 0.021875
0 0.44609375 0.1828125 0.0109375 0.0140625
3 0.4609375 0.16875 0.0109375 0.02265625
0 0.478125 0.16796875 0.01015625 0.0140625
0 0.375 0.17265625 0.01328125 0.01484375
