0 0.48984375 0.70625 0.0953125 0.1375
0 0.5046875 0.55546875 0.0609375 0.07734375
0 0.69609375 0.56171875 0.11171875 0.1234375
0 0.82734375 0.6265625 0.08125 0.1046875
0 0.67734375 0.48359375 0.0546875 0.04453125
0 0.5546875 0.5265625 0.05234375 0.07421875
0 0.4578125 0.48125 0.06015625 0.06171875
2 0.315625 0.4625 0.04765625 0.08203125
2 0.93046875 0.65390625 0.1390625 0.2203125
0 0.353125 0.41328125 0.015625 0.02578125
2 0.26875 0.434375 0.02265625 0.065625
0 0.3765625 0.5 0.0421875 0.0546875
0 0.5015625 0.52421875 0.0640625 0.0578125
0 0.38828125 0.4625 0.0375 0.04375
0 0.34921875 0.47265625 0.03515625 0.04140625
0 0.33828125 0.4515625 0.021875 0.0234375
0 0.35625 0.45 0.02109375 0.03984375
0 0.36796875 0.43125 0.0109375 0.01640625
0 0.396875 0.4140625 0.01328125 0.02109375
0 0.4078125 0.428125 0.0109375 0.01328125
3 0.33359375 0.40234375 0.01015625 0.01875
0 0.2921875 0.459375 0.01171875 0.02890625
0 0.28984375 0.44609375 0.0140625 0.02734375
0 0.2890625 0.43359375 0.01484375 0.01953125
0 0.28828125 0.4265625 0.0140625 0.0171875
0 0.2828125 0.41171875 0.01015625 0.01640625
0 0.28828125 0.41484375 0.0140625 0.0125
0 0.29921875 0.4109375 0.009375 0.01875
0 0.30546875 0.4203125 0.0140625 0.0234375
0 0.31328125 0.42265625 0.0125 0.01015625
0 0.33515625 0.428125 0.0109375 0.0203125
0 0.34453125 0.4359375 0.01796875 0.0203125
0 0.325 0.415625 0.0125 0.01796875
0 0.325 0.3921875 0.009375 0.01875
0 0.32734375 0.3796875 0.009375 0.0125
3 0.41015625 0.38515625 0.015625 0.02890625
0 0.41953125 0.39453125 0.0109375 0.0171875
0 0.43046875 0.4 0.01328125 0.01796875
0 0.44609375 0.4046875 0.015625 0.01953125
0 0.46015625 0.41015625 0.01328125 0.0203125
0 0.47890625 0.41796875 0.0171875 0.0234375
0 0.49140625 0.4171875 0.0140625 0.02421875
0 0.528125 0.43359375 0.02265625 0.02578125
