3 0.33828125 0.46875 0.03828125 0.053125
3 0.37734375 0.48203125 0.05 0.08125
0 0.3625 0.5296875 0.04296875 0.06640625
0 0.428125 0.47109375 0.03359375 0.0453125
0 0.45625 0.5109375 0.05 0.05
0 0.503125 0.55546875 0.0734375 0.06015625
0 0.4734375 0.4859375 0.0515625 0.04765625
0 0.578125 0.55 0.08515625 0.0765625
0 0.49296875 0.80234375 0.13203125 0.1953125
0 0.7046875 0.640625 0.11328125 0.10625
0 0.6859375 0.5640625 0.096875 0.07109375
0 0.60546875 0.4609375 0.04921875 0.040625
0 0.76328125 0.5015625 0.06796875 0.0625
0 0.87421875 0.64609375 0.13046875 0.11015625
0 0.3875 0.421875 0.0140625 0.0234375
0 0.3078125 0.42734375 0.01796875 0.028125
0 0.3265625 0.41796875 0.01328125 0.02734375
0 0.33515625 0.4234375 0.01015625 0.0171875
0 0.3390625 0.43203125 0.0140625 0.02265625
0 0.34375 0.4375 0.0125 0.021875
0 0.3578125 0.44375 0.01953125 0.03046875
0 0.40703125 0.4859375 0.03125 0.0515625
0 0.4015625 0.4578125 0.02890625 0.02890625
0 0.546875 0.5109375 0.0546875 0.05546875
0 0.3265625 0.45546875 0.01796875 0.03359375
0 0.325 0.4421875 0.0140625 0.015625
0 0.3171875 0.44140625 0.0171875 0.03125
0 0.31328125 0.43671875 0.0140625 0.02734375
0 0.390625 0.40390625 0.01484375 0.02265625
0 0.41015625 0.4234375 0.01484375 0.01953125
0 0.44296875 0.403125 0.01875 0.02265625
0 0.47578125 0.41328125 0.02109375 0.03046875
0 0.4203125 0.39453125 0.0109375 0.01796875
0 0.3984375 0.38125 0.009375 0.015625
0 0.3625 0.38828125 0.01015625 0.01640625
0 0.37265625 0.38671875 0.00859375 0.01171875
