0 0.4359375 0.80859375 0.15078125 0.259375
0 0.25390625 0.71328125 0.0984375 0.20703125
0 0.3421875 0.49140625 0.0765625 0.125
0 0.23515625 0.44140625 0.08359375 0.08671875
0 0.315625 0.4046875 0.05234375 0.07734375
0 0.2015625 0.36015625 0.03203125 0.06015625
0 0.25546875 0.3578125 0.04609375 0.07421875
0 0.6375 0.45546875 0.0765625 0.0953125
0 0.70625 0.42578125 0.07734375 0.07421875
0 0.54296875 0.37890625 0.06171875 0.08515625
0 0.496875 0.3484375 0.04921875 0.05859375
0 0.459375 0.3203125 0.04140625 0.05078125
0 0.3296875 0.33359375 0.04921875 0.06484375
0 0.9609375 0.6671875 0.078125 0.18046875
0 0.246875 0.31328125 0.02734375 0.03359375
0 0.2375 0.246875 0.01328125 0.021875
0 0.24921875 0.2875 0.0171875 0.02734375
0 0.2734375 0.284375 0.01640625 0.025
0 0.2828125 0.309375 0.02421875 0.040625
0 0.26875 0.25859375 0.02109375 0.01796875
0 0.52734375 0.334375 0.0359375 0.04453125
0 0.42421875 0.30546875 0.02578125 0.0390625
0 0.40859375 0.2890625 0.021875 0.03359375
0 0.40390625 0.271875 0.01796875 0.02734375
