0 0.45 0.91875 0.14609375 0.16171875
0 0.7109375 0.81875 0.10078125 0.21796875
0 0.8625 0.73671875 0.090625 0.19296875
0 0.8859375 0.61171875 0.0515625 0.096875
0 0.9484375 0.59453125 0.0484375 0.09375
0 0.890625 0.53046875 0.0453125 0.06640625
0 0.94296875 0.5140625 0.04375 0.07109375
0 0.8453125 0.4953125 0.05703125 0.07109375
0 0.821875 0.53671875 0.05234375 0.06796875
0 0.8078125 0.46328125 0.04453125 0.06171875
0 0.73515625 0.45703125 0.0546875 0.06171875
0 0.28671875 0.39375 0.0546875 0.08671875
0 0.24453125 0.40625 0.0453125 0.06171875
0 0.2015625 0.41484375 0.04609375 0.05859375
3 0.1796875 0.3640625 0.075 0.1046875
3 0.63046875 0.4484375 0.15546875 0.140625
0 0.90234375 0.46328125 0.03046875 0.06171875
0 0.875 0.44296875 0.02421875 0.04609375
0 0.803125 0.4140625 0.03984375 0.04453125
0 0.88984375 0.4171875 0.021875 0.03515625
3 0.946875 0.45546875 0.03203125 0.08984375
0 0.190625 0.29375 0.028125 0.0390625
0 0.20859375 0.3046875 0.025 0.03359375
0 0.2125 0.365625 0.03671875 0.0625
0 0.24296875 0.36953125 0.0359375 0.0484375
0 0.1375 0.3609375 0.03203125 0.0421875
0 0.13671875 0.3265625 0.028125 0.04609375
0 0.096875 0.29921875 0.0265625 0.0359375
0 0.0859375 0.32109375 0.0265625 0.04453125
0 0.103125 0.33046875 0.02109375 0.03515625
0 0.11875 0.34765625 0.01640625 0.03984375
0 0.91953125 0.409375 0.0203125 0.0328125
0 0.9890625 0.39921875 0.021875 0.0265625
0 0.97421875 0.40859375 0.01640625 0.01953125
0 0.9578125 0.4125 0.01640625 0.02109375
1 0.94609375 0.3984375 0.00859375 0.01640625
