0 0.853125 0.73359375 0.215625 0.28828125
0 0.2375 0.378125 0.06484375 0.1203125
0 0.72890625 0.4578125 0.09140625 0.128125
0 0.93203125 0.421875 0.11484375 0.115625
0 0.56953125 0.3796875 0.0703125 0.1234375
0 0.48671875 0.36171875 0.07578125 0.134375
0 0.3078125 0.3640625 0.06171875 0.1203125
2 0.39765625 0.33203125 0.08515625 0.21328125
2 0.30546875 0.19609375 0.05625 0.0953125
3 0.81328125 0.403125 0.10390625 0.16015625
3 0.7390625 0.29609375 0.09453125 0.1203125
3 0.24453125 0.24921875 0.04375 0.08671875
1 0.35703125 0.29140625 0.0125 0.0609375
0 0.3609375 0.3125 0.0203125 0.07734375
3 0.4484375 0.29453125 0.06484375 0.13515625
3 0.4015625 0.2359375 0.0328125 0.06171875
0 0.4125 0.2703125 0.0203125 0.040625
0 0.51953125 0.20234375 0.0234375 0.04375
0 0.58828125 0.27734375 0.05859375 0.06015625
0 0.2640625 0.1921875 0.02578125 0.0375
0 0.240625 0.3140625 0.04765625 0.06328125
0 0.3171875 0.31640625 0.04609375 0.0625
0 0.31328125 0.28046875 0.0359375 0.04609375
0 0.30234375 0.26484375 0.03359375 0.05234375
0 0.3078125 0.234375 0.03125 0.05
0 0.3796875 0.22421875 0.01796875 0.0375
0 0.37421875 0.215625 0.01640625 0.034375
0 0.3703125 0.20859375 0.01875 0.03984375
0 0.36328125 0.19375 0.0171875 0.0296875
0 0.35625 0.19609375 0.0125 0.03359375
0 0.35234375 0.18203125 0.01796875 0.0359375
0 0.5 0.30703125 0.0390625 0.05234375
0 0.8796875 0.29140625 0.0515625 0.0484375
0 0.82109375 0.2921875 0.06015625 0.04765625
0 0.79453125 0.26796875 0.0453125 0.04296875
0 0.715625 0.2609375 0.0453125 0.0359375
3 0.9796875 0.3359375 0.040625 0.07109375
0 0.5328125 0.33125 0.05234375 0.0796875
