1 0.684375 0.6203125 0.0390625 0.08671875
1 0.67265625 0.5421875 0.0203125 0.05078125
1 0.66328125 0.5078125 0.01796875 0.04609375
0 0.59765625 0.79296875 0.115625 0.20390625
0 0.48203125 0.69921875 0.0796875 0.1328125
0 0.596875 0.6671875 0.09921875 0.121875
0 0.8109375 0.609375 0.071875 0.1234375
0 0.959375 0.64375 0.08046875 0.1328125
0 0.47734375 0.49765625 0.02890625 0.05703125
3 0.61640625 0.534375 0.06484375 0.13125
3 0.4546875 0.525 0.034375 0.07109375
3 0.0625 0.559375 0.10859375 0.0859375
0 0.478125 0.94296875 0.134375 0.1140625
0 0.5609375 0.528125 0.0171875 0.04140625
0 0.55703125 0.51796875 0.01953125 0.040625
0 0.5515625 0.5109375 0.02109375 0.034375
0 0.54375 0.49453125 0.02109375 0.03359375
0 0.44921875 0.50390625 0.021875 0.03203125
0 0.446875 0.484375 0.01953125 0.0234375
0 0.4421875 0.475 0.01484375 0.01875
0 0.4484375 0.4625 0.01875 0.0234375
0 0.44453125 0.45078125 0.0140625 0.01875
0 0.45 0.4421875 0.0109375 0.01640625
0 0.46796875 0.4453125 0.0125 0.01953125
0 0.4703125 0.4578125 0.01171875 0.0171875
0 0.48046875 0.4640625 0.015625 0.01953125
0 0.47578125 0.47265625 0.01640625 0.01953125
0 0.4953125 0.48828125 0.01953125 0.0328125
0 0.50078125 0.46796875 0.0171875 0.02109375
0 0.4953125 0.4578125 0.01484375 0.01953125
0 0.4890625 0.4453125 0.0171875 0.02109375
0 0.484375 0.44296875 0.01484375 0.0203125
3 0.48203125 0.4265625 0.01171875 0.01875
3 0.5 0.4265625 0.01796875 0.05078125
3 0.5203125 0.446875 0.03046875 0.06015625
3 0.51953125 0.48828125 0.034375 0.07734375
3 0.575 0.51796875 0.0375 0.10546875
3 0.58125 0.45078125 0.01953125 0.0390625
3 0.6125 0.47421875 0.0265625 0.04140625
3 0.5515625 0.42890625 0.01875 0.03203125
3 0.54296875 0.41953125 0.0171875 0.03203125
3 0.53359375 0.41171875 0.00859375 0.0203125
0 0.52421875 0.4125 0.01015625 0.0171875
0 0.53359375 0.42578125 0.0125 0.01796875
0 0.5375 0.44609375 0.00703125 0.02109375
0 0.55703125 0.4546875 0.0203125 0.02578125
3 0.73515625 0.4828125 0.034375 0.065625
0 0.7546875 0.50234375 0.03203125 0.0390625
0 0.784375 0.48515625 0.034375 0.0421875
0 0.80859375 0.478125 0.0265625 0.040625
0 0.840625 0.51875 0.05078125 0.04921875
3 0.92578125 0.51328125 0.11171875 0.109375
