2 0.146875 0.384375 0.09296875 0.16328125
2 0.7765625 0.459375 0.0796875 0.1375
2 0.85859375 0.403125 0.03828125 0.08984375
3 0.40859375 0.5046875 0.07890625 0.1328125
3 0.96171875 0.5296875 0.0484375 0.1359375
1 0.38046875 0.396875 0.03203125 0.05234375
0 0.34140625 0.72890625 0.1640625 0.18359375
0 0.5640625 0.69765625 0.1046875 0.15703125
0 0.49375 0.590625 0.08515625 0.13125
0 0.5734375 0.51484375 0.07265625 0.10625
0 0.7625 0.5109375 0.0546875 0.08046875
0 0.83046875 0.51953125 0.07109375 0.096875
0 0.90078125 0.54296875 0.04921875 0.08671875
0 0.615625 0.46328125 0.04921875 0.07734375
0 0.7140625 0.46015625 0.04765625 0.07734375
3 0.665625 0.46484375 0.06953125 0.1015625
0 0.28046875 0.39296875 0.04375 0.07890625
0 0.21953125 0.42265625 0.0546875 0.08671875
0 0.09296875 0.7609375 0.1859375 0.275
3 0.19375 0.38359375 0.03125 0.0703125
0 0.23046875 0.3890625 0.04609375 0.0609375
0 0.23515625 0.36484375 0.04609375 0.06171875
3 0.2140625 0.30234375 0.02734375 0.0359375
0 0.19609375 0.29375 0.01640625 0.0375
0 0.17265625 0.2921875 0.02109375 0.03125
0 0.0890625 0.290625 0.0203125 0.034375
3 0.103125 0.32109375 0.01796875 0.04765625
3 0.81796875 0.46484375 0.01875 0.0546875
3 0.87265625 0.45078125 0.02265625 0.0515625
3 0.87578125 0.4234375 0.021875 0.0453125
3 0.94375 0.4 0.015625 0.02265625
0 0.99453125 0.3765625 0.0109375 0.02421875
0 0.93828125 0.42421875 0.01953125 0.03125
0 0.9578125 0.403125 0.01484375 0.01796875
0 0.93125 0.40546875 0.01484375 0.0265625
0 0.91875 0.4109375 0.01953125 0.01328125
0 0.90234375 0.4046875 0.0203125 0.0328125
0 0.88828125 0.41953125 0.0171875 0.0421875
0 0.83046875 0.40234375 0.02109375 0.0375
0 0.8109375 0.409375 0.03203125 0.034375
0 0.82890625 0.44609375 0.03125 0.03828125
0 0.85703125 0.47265625 0.03359375 0.05390625
0 0.8484375 0.49765625 0.03203125 0.05625
0 0.8359375 0.51953125 0.03671875 0.071875
0 0.9015625 0.50703125 0.0296875 0.04296875
0 0.90859375 0.49609375 0.03046875 0.053125
0 0.91328125 0.46640625 0.02578125 0.040625
3 0.915625 0.4375 0.0265625 0.05
