0 0.4640625 0.77109375 0.11875 0.19296875
0 0.3140625 0.7328125 0.12578125 0.21640625
0 0.3390625 0.54609375 0.0875 0.1234375
0 0.340625 0.4625 0.04921875 0.07890625
0 0.409375 0.44765625 0.0421875 0.09296875
0 0.56484375 0.4859375 0.075 0.1015625
0 0.84609375 0.55078125 0.11640625 0.1171875
0 0.63515625 0.4625 0.07578125 0.103125
0 0.7140625 0.459375 0.08046875 0.103125
0 0.69375 0.4109375 0.06953125 0.07265625
0 0.6078125 0.38359375 0.05390625 0.07578125
0 0.56171875 0.41328125 0.0546875 0.08671875
3 0.3984375 0.38984375 0.03984375 0.08828125
3 0.51875 0.409375 0.046875 0.10625
3 0.49296875 0.37265625 0.06484375 0.1375
3 0.74921875 0.3515625 0.05546875 0.07734375
2 0.60234375 0.309375 0.046875 0.07265625
2 0.92265625 0.415625 0.1546875 0.15859375
0 0.3578125 0.3578125 0.0234375 0.046875
0 0.3890625 0.33046875 0.01875 0.0265625
0 0.38671875 0.3125 0.01640625 0.01875
0 0.409375 0.3203125 0.01796875 0.03203125
0 0.46484375 0.35859375 0.02421875 0.0453125
0 0.49765625 0.41484375 0.01875 0.0484375
0 0.53359375 0.45234375 0.0375 0.0625
0 0.590625 0.43359375 0.04453125 0.06796875
0 0.64375 0.36015625 0.0328125 0.04296875
1 0.52890625 0.32109375 0.01328125 0.03125
0 0.50546875 0.31484375 0.02265625 0.034375
0 0.4484375 0.31015625 0.01640625 0.01875
0 0.5234375 0.3 0.0171875 0.01875
0 0.54609375 0.31796875 0.01875 0.02890625
0 0.56328125 0.325 0.0234375 0.03125
3 0.49765625 0.2859375 0.01484375 0.03359375
