0 0.3765625 0.6515625 0.11640625 0.21328125
0 0.5125 0.61875 0.13515625 0.19453125
0 0.34140625 0.4203125 0.08046875 0.140625
0 0.42265625 0.40390625 0.06015625 0.15
0 0.56796875 0.3578125 0.07578125 0.1015625
0 0.48125 0.3578125 0.08828125 0.1234375
0 0.84921875 0.38359375 0.07578125 0.07890625
0 0.2578125 0.25859375 0.04375 0.08515625
0 0.3109375 0.23984375 0.03984375 0.06015625
0 0.375 0.2140625 0.0453125 0.04453125
0 0.3625 0.26015625 0.0546875 0.06953125
0 0.31171875 0.35234375 0.0515625 0.1015625
0 0.384375 0.33046875 0.05703125 0.1
0 0.4390625 0.31328125 0.0453125 0.06328125
0 0.4203125 0.2828125 0.0453125 0.07109375
0 0.5109375 0.22109375 0.02890625 0.03671875
0 0.5421875 0.2140625 0.02109375 0.034375
0 0.5625 0.2203125 0.0203125 0.028125
0 0.57578125 0.22734375 0.01640625 0.03203125
0 0.59453125 0.23515625 0.03046875 0.04140625
0 0.66953125 0.27890625 0.03046875 0.04140625
0 0.6953125 0.28671875 0.040625 0.0515625
0 0.73046875 0.3078125 0.03828125 0.0484375
0 0.7578125 0.32890625 0.04375 0.053125
0 0.80078125 0.34609375 0.05703125 0.078125
0 0.73046875 0.26875 0.04765625 0.0296875
0 0.7484375 0.2796875 0.04921875 0.0359375
0 0.8109375 0.28828125 0.05625 0.04765625
0 0.86328125 0.28828125 0.05546875 0.04375
