1 0.43828125 0.525 0.03125 0.08984375
1 0.48203125 0.521875 0.04609375 0.09296875
3 0.621875 0.65859375 0.1 0.21015625
3 0.97109375 0.53984375 0.0578125 0.1234375
3 0.8703125 0.5171875 0.03046875 0.06796875
0 0.753125 0.42421875 0.02421875 0.04609375
0 0.34453125 0.51328125 0.1 0.096875
0 0.4859375 0.91171875 0.15078125 0.17578125
0 0.721875 0.87734375 0.1125 0.2453125
0 0.76328125 0.634375 0.0609375 0.1046875
0 0.78671875 0.571875 0.03828125 0.05390625
0 0.84140625 0.55 0.04453125 0.08203125
0 0.79375 0.51953125 0.034375 0.06328125
0 0.8 0.47421875 0.02890625 0.05390625
0 0.79140625 0.43203125 0.01875 0.03671875
0 0.82265625 0.42265625 0.01796875 0.03125
3 0.834375 0.48046875 0.02890625 0.05703125
0 0.865625 0.46875 0.02578125 0.04296875
0 0.846875 0.4328125 0.025 0.03203125
0 0.9265625 0.46796875 0.021875 0.03125
0 0.9015625 0.478125 0.02421875 0.03359375
0 0.88671875 0.453125 0.01484375 0.0296875
0 0.74375 0.51484375 0.02578125 0.05703125
0 0.70859375 0.52734375 0.0515625 0.06953125
0 0.67265625 0.50546875 0.03671875 0.04765625
0 0.6390625 0.51953125 0.05234375 0.06640625
0 0.6265625 0.46875 0.04375 0.04453125
0 0.6609375 0.46796875 0.028125 0.03125
0 0.69921875 0.48359375 0.03046875 0.0296875
0 0.7359375 0.48125 0.028125 0.03125
0 0.71328125 0.45703125 0.0296875 0.03359375
0 0.7 0.4390625 0.0296875 0.03828125
0 0.528125 0.5296875 0.0546875 0.06796875
0 0.53359375 0.4890625 0.04375 0.03359375
0 0.57265625 0.51171875 0.04453125 0.05703125
0 0.5890625 0.4859375 0.0375 0.03984375
1 0.603125 0.53359375 0.0265625 0.05546875
1 0.84765625 0.4171875 0.0078125 0.01796875
0 0.83984375 0.403125 0.025 0.0265625
0 0.871875 0.4265625 0.01875 0.0296875
0 0.859375 0.40703125 0.0125 0.02109375
0 0.86796875 0.40625 0.01015625 0.015625
0 0.8765625 0.40234375 0.0109375 0.01875
0 0.88359375 0.496875 0.021875 0.0390625
0 0.9390625 0.44375 0.01796875 0.025
0 0.94609375 0.46328125 0.0203125 0.01953125
0 0.8953125 0.43046875 0.015625 0.02109375
0 0.90625 0.421875 0.01484375 0.01875
0 0.91171875 0.440625 0.0203125 0.02734375
0 0.9234375 0.42890625 0.01796875 0.03046875
0 0.93671875 0.41875 0.0140625 0.02109375
