0 0.26640625 0.71953125 0.1109375 0.2
0 0.4890625 0.44296875 0.07578125 0.11015625
0 0.5328125 0.37421875 0.0578125 0.059375
0 0.39296875 0.434375 0.0640625 0.07734375
0 0.30234375 0.3921875 0.05234375 0.0796875
0 0.31015625 0.30390625 0.02734375 0.0421875
0 0.26875 0.2828125 0.02421875 0.034375
0 0.246875 0.27890625 0.01953125 0.03359375
0 0.45234375 0.32109375 0.0390625 0.040625
0 0.92265625 0.6234375 0.15390625 0.16171875
0 0.3765625 0.396875 0.05625 0.065625
1 0.43359375 0.4765625 0.03828125 0.1140625
0 0.23203125 0.24765625 0.01171875 0.01796875
0 0.2671875 0.2625 0.015625 0.0171875
0 0.28203125 0.25234375 0.01484375 0.01796875
0 0.26875 0.2453125 0.01171875 0.01484375
0 0.2484375 0.25390625 0.009375 0.01796875
0 0.2453125 0.24921875 0.0078125 0.0140625
0 0.25859375 0.2421875 0.009375 0.0140625
0 0.26953125 0.2328125 0.0078125 0.01015625
0 0.246875 0.234375 0.01015625 0.0125
0 0.43203125 0.2890625 0.02265625 0.0328125
0 0.41015625 0.27734375 0.01875 0.03046875
