0 0.2671875 0.26328125 0.01484375 0.02109375
3 0.228125 0.259375 0.01640625 0.04375
3 0.3015625 0.3421875 0.03828125 0.10078125
3 0.2484375 0.4625 0.06328125 0.1421875
0 0.32578125 0.4453125 0.05546875 0.0953125
0 0.2984375 0.39296875 0.0421875 0.04765625
0 0.24921875 0.315625 0.02890625 0.04296875
0 0.3859375 0.421875 0.05625 0.08125
0 0.27109375 0.73671875 0.10703125 0.19375
0 0.15546875 0.60859375 0.0828125 0.15234375
0 0.37109375 0.56484375 0.09140625 0.13515625
0 0.28515625 0.3390625 0.01953125 0.04140625
0 0.28046875 0.315625 0.02265625 0.03359375
0 0.259375 0.2390625 0.0078125 0.01484375
0 0.2453125 0.38984375 0.03671875 0.0453125
0 0.2453125 0.35859375 0.03828125 0.04453125
