0 0.4296875 0.775 0.178125 0.28203125
0 0.54609375 0.59921875 0.153125 0.25546875
0 0.70703125 0.45390625 0.109375 0.13203125
0 0.56953125 0.3046875 0.0546875 0.08203125
0 0.5421875 0.25546875 0.0375 0.04609375
0 0.51484375 0.29453125 0.05625 0.06484375
0 0.4734375 0.3875 0.0765625 0.115625
0 0.3984375 0.3171875 0.0578125 0.096875
0 0.4203125 0.25625 0.0390625 0.04765625
0 0.3859375 0.22421875 0.02890625 0.04296875
0 0.35234375 0.26015625 0.04375 0.06171875
0 0.26875 0.25 0.05078125 0.065625
3 0.4546875 0.27890625 0.046875 0.07890625
0 0.14765625 0.30234375 0.08046875 0.06484375
0 0.3015625 0.2203125 0.028125 0.05546875
0 0.32890625 0.20703125 0.02421875 0.03828125
0 0.428125 0.19921875 0.02265625 0.03984375
0 0.46015625 0.196875 0.01796875 0.0296875
0 0.496875 0.2015625 0.021875 0.0234375
0 0.696875 0.37265625 0.07734375 0.08828125
0 0.95546875 0.5921875 0.0890625 0.153125
0 0.9515625 0.75703125 0.09609375 0.2328125
0 0.46015625 0.17265625 0.0109375 0.01953125
0 0.46796875 0.1609375 0.0109375 0.01640625
0 0.48046875 0.1734375 0.009375 0.0140625
0 0.4875 0.17578125 0.01484375 0.0125
0 0.484375 0.18671875 0.015625 0.0203125
0 0.43671875 0.17890625 0.0125 0.01796875
2 0.35546875 0.17578125 0.03125 0.06171875
0 0.378125 0.18203125 0.01796875 0.03125
0 0.39453125 0.175 0.0125 0.02734375
3 0.38125 0.16875 0.0203125 0.03515625
2 0.42109375 0.1640625 0.01484375 0.0375
