2 0.3 0.22109375 0.0359375 0.08046875
3 0.534375 0.2875 0.09375 0.17421875
0 0.54296875 0.79609375 0.16875 0.26171875
0 0.3828125 0.25234375 0.03125 0.04921875
0 0.7796875 0.3546875 0.08203125 0.0796875
0 0.3 0.2859375 0.04296875 0.06953125
0 0.33359375 0.253125 0.02734375 0.05390625
0 0.4234375 0.2796875 0.0421875 0.06015625
0 0.34296875 0.2828125 0.03359375 0.05625
0 0.25 0.296875 0.0296875 0.05
0 0.30859375 0.39921875 0.053125 0.1078125
0 0.38125 0.3640625 0.06875 0.11484375
3 0.465625 0.31953125 0.071875 0.09765625
0 0.125 0.3328125 0.08203125 0.06171875
0 0.22578125 0.3140625 0.0421875 0.05859375
1 0.30078125 0.253125 0.0125 0.02578125
3 0.3953125 0.17265625 0.01015625 0.025
3 0.3328125 0.171875 0.021875 0.03984375
3 0.3296875 0.18359375 0.0171875 0.02890625
2 0.31875 0.18984375 0.01796875 0.0328125
0 0.259375 0.2796875 0.02578125 0.03671875
0 0.25546875 0.26015625 0.0234375 0.025
0 0.265625 0.24375 0.02265625 0.03515625
0 0.2703125 0.23515625 0.01640625 0.02890625
0 0.27421875 0.22578125 0.015625 0.02734375
0 0.27578125 0.21953125 0.015625 0.02578125
0 0.278125 0.2125 0.015625 0.02421875
0 0.28046875 0.20078125 0.01328125 0.0234375
0 0.28515625 0.18671875 0.0109375 0.01171875
0 0.290625 0.18671875 0.00625 0.01015625
0 0.32265625 0.20234375 0.01328125 0.01953125
0 0.325 0.20859375 0.0125 0.0203125
0 0.33203125 0.215625 0.0171875 0.021875
0 0.36171875 0.2234375 0.01875 0.02734375
0 0.35390625 0.20703125 0.0140625 0.02109375
0 0.346875 0.20546875 0.01015625 0.0203125
0 0.34453125 0.19140625 0.01484375 0.02421875
0 0.6234375 0.2328125 0.0171875 0.02734375
2 0.5859375 0.2109375 0.040625 0.05
0 0.89609375 0.3125 0.0234375 0.03515625
0 0.98203125 0.33359375 0.03515625 0.053125
0 0.934375 0.32421875 0.0609375 0.0515625
1 0.4265625 0.19375 0.00625 0.0171875
0 0.428125 0.21015625 0.01484375 0.0203125
0 0.446875 0.209375 0.0125 0.01953125
0 0.4453125 0.1953125 0.01015625 0.01640625
0 0.43203125 0.18125 0.0109375 0.01484375
0 0.43828125 0.17421875 0.009375 0.01640625
0 0.446875 0.18671875 0.00859375 0.0109375
0 0.4484375 0.18125 0.0078125 0.01328125
0 0.4546875 0.178125 0.009375 0.01328125
3 0.46015625 0.17265625 0.0078125 0.01328125
0 0.446875 0.1703125 0.009375 0.0125
0 0.47109375 0.1671875 0.01015625 0.01484375
0 0.48359375 0.16953125 0.009375 0.0125
0 0.490625 0.16328125 0.01171875 0.01484375
0 0.3875 0.18515625 0.0109375 0.01953125
0 0.384375 0.1953125 0.0109375 0.01796875
0 0.37890625 0.1984375 0.01171875 0.0078125
0 0.3796875 0.20390625 0.01171875 0.009375
0 0.38125 0.21640625 0.01171875 0.01875
0 0.4046875 0.23203125 0.015625 0.0203125
0 0.4 0.2265625 0.01328125 0.0203125
3 0.39765625 0.2109375 0.0125 0.01796875
0 0.3984375 0.2 0.0109375 0.00859375
0 0.40078125 0.19765625 0.01328125 0.01796875
0 0.4 0.1875 0.00703125 0.0078125
0 0.4046875 0.1859375 0.00703125 0.0140625
0 0.4078125 0.18203125 0.00703125 0.015625
0 0.40390625 0.1734375 0.00625 0.01171875
0 0.40859375 0.16875 0.00546875 0.009375
0 0.41484375 0.17421875 0.00625 0.0140625
