0 0.20546875 0.33828125 0.084375 0.09453125
0 0.53671875 0.73984375 0.17890625 0.2875
0 0.4765625 0.36328125 0.07578125 0.0890625
0 0.57734375 0.37734375 0.08671875 0.13203125
0 0.721875 0.38828125 0.07890625 0.103125
0 0.69453125 0.340625 0.07265625 0.06171875
0 0.76953125 0.33359375 0.07265625 0.06640625
0 0.79375 0.3953125 0.07578125 0.0828125
0 0.95390625 0.44296875 0.0921875 0.1
0 0.634375 0.29296875 0.05390625 0.0546875
0 0.57421875 0.2609375 0.053125 0.059375
0 0.50703125 0.23671875 0.03828125 0.0515625
0 0.4109375 0.2734375 0.0609375 0.065625
0 0.30078125 0.1796875 0.03671875 0.04375
0 0.36328125 0.18984375 0.03046875 0.03984375
0 0.3421875 0.165625 0.02421875 0.0421875
3 0.90390625 0.5234375 0.14296875 0.18828125
3 0.43984375 0.45 0.10625 0.196875
0 0.0828125 0.3828125 0.125 0.12578125
3 0.31171875 0.275 0.04609375 0.0828125
0 0.3953125 0.2453125 0.0359375 0.040625
0 0.51953125 0.3328125 0.05703125 0.07734375
0 0.27890625 0.153125 0.01875 0.0296875
0 0.3078125 0.1484375 0.015625 0.02109375
0 0.53515625 0.23984375 0.03359375 0.0375
0 0.54375 0.22421875 0.02421875 0.03125
0 0.53984375 0.21328125 0.02578125 0.02421875
0 0.53203125 0.20546875 0.028125 0.025
0 0.5109375 0.1953125 0.0265625 0.03203125
1 0.61015625 0.246875 0.01484375 0.0234375
0 0.62109375 0.265625 0.0421875 0.03203125
0 0.71328125 0.303125 0.0421875 0.04296875
0 0.728125 0.278125 0.06171875 0.04453125
0 0.725 0.2578125 0.0546875 0.0296875
0 0.79375 0.26640625 0.04375 0.025
0 0.79921875 0.28359375 0.05390625 0.03984375
0 0.84765625 0.27734375 0.05234375 0.03046875
0 0.8578125 0.2984375 0.06484375 0.0390625
