1 0.40859375 0.3828125 0.05234375 0.09296875
0 0.47109375 0.83984375 0.17890625 0.28125
0 0.18671875 0.55 0.0796875 0.140625
0 0.2765625 0.46015625 0.08359375 0.1140625
0 0.31171875 0.37421875 0.0515625 0.07265625
0 0.2515625 0.38046875 0.05 0.08828125
0 0.13515625 0.41015625 0.04765625 0.09296875
0 0.246875 0.325 0.04140625 0.05703125
0 0.2078125 0.2875 0.025 0.04140625
0 0.13515625 0.3484375 0.040625 0.04921875
0 0.0125 0.4609375 0.02421875 0.09140625
0 0.428125 0.27734375 0.0359375 0.04765625
0 0.13203125 0.275 0.034375 0.03671875
0 0.1625 0.2859375 0.01875 0.03203125
0 0.30234375 0.25 0.0140625 0.0234375
1 0.14140625 0.30859375 0.009375 0.01796875
0 0.1421875 0.33359375 0.03125 0.03984375
0 0.15859375 0.2546875 0.0140625 0.0203125
0 0.2015625 0.25390625 0.01484375 0.028125
3 0.2859375 0.228125 0.01484375 0.02578125
