0 0.3890625 0.7890625 0.15859375 0.30390625
0 0.5578125 0.646875 0.1671875 0.259375
0 0.30625 0.48515625 0.08046875 0.13125
0 0.3875 0.384375 0.08125 0.1453125
0 0.3390625 0.334375 0.059375 0.06953125
0 0.66328125 0.3734375 0.08828125 0.1109375
0 0.49921875 0.33984375 0.07578125 0.07109375
0 0.27265625 0.34140625 0.0515625 0.08359375
2 0.9578125 0.28515625 0.084375 0.1109375
0 0.796875 0.31953125 0.09921875 0.07421875
0 0.896875 0.44609375 0.1046875 0.1203125
0 0.95078125 0.5359375 0.0984375 0.20234375
0 0.2546875 0.3015625 0.028125 0.06015625
0 0.2828125 0.284375 0.028125 0.03828125
0 0.2828125 0.25625 0.0265625 0.03984375
0 0.33359375 0.240625 0.03046875 0.04921875
0 0.3796875 0.2375 0.028125 0.04609375
0 0.4109375 0.24296875 0.04140625 0.04765625
0 0.45625 0.2484375 0.03125 0.05234375
0 0.496875 0.2625 0.034375 0.05546875
0 0.5328125 0.271875 0.05 0.05546875
0 0.58828125 0.2890625 0.0515625 0.05703125
0 0.64609375 0.29375 0.06484375 0.08203125
0 0.30703125 0.2375 0.0171875 0.02890625
0 0.20078125 0.284375 0.0484375 0.0328125
0 0.20078125 0.26875 0.05390625 0.0296875
0 0.2578125 0.21953125 0.01640625 0.025
0 0.240625 0.1953125 0.01484375 0.0203125
0 0.25703125 0.18984375 0.01171875 0.015625
0 0.2609375 0.18125 0.01015625 0.01328125
0 0.26953125 0.190625 0.01171875 0.01953125
0 0.28125 0.2171875 0.0140625 0.0203125
0 0.2859375 0.225 0.0171875 0.02734375
0 0.29296875 0.23125 0.02109375 0.03203125
3 0.41015625 0.17421875 0.01640625 0.02265625
3 0.6296875 0.23671875 0.04375 0.046875
0 0.7875 0.2875 0.06171875 0.04375
