0 0.28515625 0.85546875 0.1296875 0.2453125
0 0.25078125 0.57421875 0.07109375 0.1171875
0 0.32265625 0.46484375 0.059375 0.08359375
0 0.4 0.4578125 0.075 0.10625
0 0.30546875 0.40390625 0.0453125 0.06953125
0 0.24375 0.45625 0.0484375 0.08515625
0 0.171875 0.39921875 0.0296875 0.06328125
0 0.2484375 0.35546875 0.03671875 0.05703125
0 0.48203125 0.35 0.05 0.06171875
0 0.5734375 0.3484375 0.05703125 0.05546875
0 0.440625 0.3171875 0.03125 0.04765625
0 0.303125 0.29921875 0.021875 0.04609375
0 0.27578125 0.28359375 0.02421875 0.03671875
0 0.196875 0.3453125 0.0328125 0.05234375
0 0.28203125 0.25390625 0.0125 0.0265625
0 0.42890625 0.26171875 0.02421875 0.0296875
3 0.24921875 0.28125 0.01796875 0.03203125
3 0.6703125 0.409375 0.0828125 0.103125
0 0.0984375 0.3703125 0.059375 0.040625
0 0.08828125 0.35234375 0.06953125 0.04140625
0 0.21171875 0.3296875 0.0234375 0.040625
0 0.22421875 0.290625 0.0203125 0.02578125
0 0.246875 0.24453125 0.01171875 0.01328125
0 0.2609375 0.24375 0.009375 0.01796875
0 0.23984375 0.403125 0.046875 0.053125
0 0.38203125 0.42734375 0.04296875 0.065625
0 0.37109375 0.39375 0.04453125 0.0640625
0 0.35390625 0.371875 0.0359375 0.05
3 0.21875 0.309375 0.021875 0.03515625
0 0.36953125 0.2828125 0.0234375 0.0375
0 0.3921875 0.28125 0.01953125 0.0359375
