0 0.6359375 0.63046875 0.0796875 0.11796875
0 0.4828125 0.6796875 0.0875 0.15234375
0 0.521875 0.51015625 0.06015625 0.07265625
0 0.565625 0.40859375 0.02421875 0.04609375
0 0.5671875 0.36796875 0.0203125 0.0296875
0 0.51875 0.44765625 0.0359375 0.04921875
0 0.54375 0.3984375 0.02265625 0.03671875
0 0.46875 0.453125 0.0375 0.0578125
0 0.4140625 0.4484375 0.04140625 0.0546875
0 0.3671875 0.44375 0.040625 0.05078125
0 0.45546875 0.34140625 0.0140625 0.01875
3 0.47734375 0.325 0.015625 0.02890625
0 0.49765625 0.33515625 0.0125 0.0171875
0 0.5125 0.33828125 0.01171875 0.0171875
2 0.5375 0.34140625 0.028125 0.034375
2 0.43359375 0.33359375 0.02265625 0.03359375
3 0.32890625 0.43125 0.04453125 0.06796875
3 0.59296875 0.45546875 0.0390625 0.0703125
2 0.43125 0.40625 0.0390625 0.08828125
0 0.14921875 0.42734375 0.084375 0.07734375
0 0.38515625 0.4125 0.03203125 0.05390625
3 0.46640625 0.41875 0.03046875 0.03203125
0 0.35546875 0.4140625 0.01953125 0.04765625
0 0.39921875 0.37109375 0.01875 0.0234375
0 0.39921875 0.4109375 0.01796875 0.03828125
0 0.40390625 0.39609375 0.01953125 0.034375
3 0.45390625 0.3828125 0.01484375 0.046875
3 0.5171875 0.3953125 0.02578125 0.0359375
2 0.4484375 0.315625 0.01015625 0.02578125
2 0.46953125 0.290625 0.01015625 0.02421875
3 0.490625 0.31171875 0.00859375 0.01640625
3 0.49140625 0.30078125 0.00703125 0.0140625
3 0.51328125 0.36328125 0.01640625 0.01875
0 0.51484375 0.37734375 0.02109375 0.01484375
0 0.53046875 0.3625 0.015625 0.01875
0 0.54765625 0.36640625 0.01328125 0.025
0 0.53828125 0.375 0.0140625 0.0234375
0 0.63125 0.4109375 0.0328125 0.03515625
3 0.59453125 0.4171875 0.028125 0.02890625
0 0.4359375 0.3546875 0.01953125 0.025
0 0.4890625 0.34765625 0.01484375 0.01796875
0 0.47421875 0.3390625 0.015625 0.0171875
0 0.46796875 0.353125 0.0171875 0.02265625
0 0.45859375 0.3328125 0.0109375 0.015625
0 0.46015625 0.3296875 0.01171875 0.0171875
0 0.46328125 0.31953125 0.009375 0.01484375
0 0.4671875 0.31015625 0.009375 0.01328125
0 0.4875 0.28359375 0.00703125 0.0078125
0 0.50078125 0.28984375 0.00703125 0.01328125
0 0.490625 0.28828125 0.0078125 0.01328125
0 0.50703125 0.34609375 0.0109375 0.01484375
0 0.51015625 0.35703125 0.01328125 0.01640625
0 0.48671875 0.353125 0.0125 0.0109375
0 0.48828125 0.3609375 0.0171875 0.0125
0 0.4875 0.375 0.015625 0.0203125
0 0.48515625 0.38125 0.01484375 0.0265625
0 0.47890625 0.38671875 0.02109375 0.01953125
0 0.4796875 0.39921875 0.01875 0.028125
0 0.475 0.4078125 0.0203125 0.03203125
0 0.5171875 0.42109375 0.02421875 0.01875
