1 0.50859375 0.875 0.17265625 0.23125
1 0.4484375 0.4 0.02890625 0.1203125
0 0.22578125 0.4859375 0.10390625 0.16328125
0 0.20390625 0.33515625 0.0859375 0.1015625
0 0.2828125 0.25703125 0.0515625 0.07578125
0 0.31875 0.36484375 0.06796875 0.103125
0 0.4 0.36015625 0.06875 0.1
0 0.62265625 0.59453125 0.17734375 0.2390625
0 0.828125 0.75234375 0.190625 0.2421875
0 0.659375 0.3328125 0.0734375 0.103125
0 0.70703125 0.29765625 0.05703125 0.07265625
0 0.4796875 0.365625 0.0640625 0.1
0 0.42734375 0.27421875 0.071875 0.08671875
0 0.5921875 0.234375 0.03984375 0.04609375
0 0.35703125 0.25703125 0.034375 0.05390625
0 0.36875 0.28671875 0.028125 0.06484375
0 0.3109375 0.31640625 0.04609375 0.07734375
0 0.56640625 0.2265625 0.0265625 0.03984375
0 0.54921875 0.21640625 0.0265625 0.03125
0 0.5359375 0.20859375 0.02578125 0.03359375
0 0.52265625 0.20078125 0.0203125 0.02578125
0 0.50078125 0.20546875 0.02265625 0.03125
0 0.865625 0.2984375 0.0484375 0.04453125
0 0.81640625 0.29296875 0.065625 0.03359375
0 0.80078125 0.26640625 0.05 0.0328125
0 0.7421875 0.25859375 0.040625 0.04140625
0 0.71953125 0.27421875 0.065625 0.05390625
1 0.80703125 0.29140625 0.01640625 0.05390625
