0 0.3640625 0.73046875 0.23203125 0.19921875
3 0.5015625 0.5453125 0.23515625 0.16484375
0 0.7296875 0.74921875 0.2265625 0.19921875
0 0.77265625 0.63046875 0.17421875 0.134375
3 0.85 0.48671875 0.1296875 0.10625
0 0.77421875 0.4015625 0.046875 0.05546875
0 0.44765625 0.4078125 0.04453125 0.06015625
0 0.49765625 0.346875 0.0296875 0.0375
0 0.6609375 0.36484375 0.04453125 0.05703125
0 0.9 0.3984375 0.04765625 0.07109375
0 0.4046875 0.3921875 0.05 0.0953125
0 0.46171875 0.3109375 0.021875 0.03203125
0 0.3390625 0.4015625 0.0375 0.06484375
0 0.29453125 0.4078125 0.0546875 0.08828125
0 0.24140625 0.42109375 0.0453125 0.05703125
0 0.18203125 0.375 0.03828125 0.05
2 0.2796875 0.359375 0.06796875 0.0828125
2 0.3453125 0.3453125 0.05625 0.08515625
2 0.440625 0.29375 0.0328125 0.046875
3 0.6484375 0.31015625 0.01640625 0.02890625
2 0.7265625 0.3390625 0.04921875 0.08046875
0 0.0125 0.8921875 0.025 0.215625
3 0.3796875 0.33984375 0.02421875 0.05703125
0 0.78671875 0.34921875 0.02578125 0.040625
0 0.76953125 0.31953125 0.028125 0.028125
0 0.7875 0.32265625 0.02265625 0.0296875
0 0.2171875 0.346875 0.03046875 0.03828125
0 0.21953125 0.38125 0.03828125 0.05
