0 0.734375 0.80390625 0.09609375 0.1671875
0 0.58125 0.6921875 0.10703125 0.13359375
0 0.74921875 0.64375 0.07578125 0.11796875
0 0.78671875 0.59765625 0.06953125 0.078125
0 0.690625 0.57734375 0.07578125 0.10390625
0 0.76484375 0.53515625 0.04453125 0.05390625
0 0.86484375 0.5140625 0.04140625 0.05546875
0 0.8734375 0.46015625 0.02421875 0.03828125
0 0.74140625 0.503125 0.03671875 0.0609375
0 0.81328125 0.5046875 0.0375 0.06171875
0 0.890625 0.48671875 0.03515625 0.04453125
0 0.92578125 0.45390625 0.01953125 0.03828125
0 0.61328125 0.5265625 0.05703125 0.08046875
0 0.5234375 0.5265625 0.07265625 0.09296875
0 0.44140625 0.51875 0.084375 0.08984375
3 0.6515625 0.51171875 0.0515625 0.07578125
3 0.63125 0.47734375 0.06953125 0.10078125
1 0.928125 0.5734375 0.0359375 0.08125
3 0.83203125 0.53671875 0.04375 0.0796875
2 0.978125 0.54453125 0.04296875 0.11796875
0 0.89453125 0.45 0.02109375 0.028125
0 0.83984375 0.4875 0.0296875 0.0390625
0 0.575 0.5171875 0.05625 0.065625
