0 0.45546875 0.76484375 0.1109375 0.21171875
0 0.5421875 0.45859375 0.05546875 0.08359375
0 0.60625 0.43828125 0.06015625 0.08671875
0 0.69609375 0.38359375 0.06484375 0.06953125
0 0.52890625 0.42734375 0.03984375 0.0484375
0 0.5859375 0.41484375 0.03125 0.0515625
0 0.49921875 0.40625 0.0328125 0.059375
0 0.55546875 0.32578125 0.02421875 0.03515625
0 0.50234375 0.3265625 0.0234375 0.03359375
0 0.51875 0.31875 0.0171875 0.0296875
0 0.4953125 0.29921875 0.015625 0.02421875
2 0.59765625 0.28671875 0.04921875 0.03828125
