0 0.43828125 0.83984375 0.1296875 0.20703125
0 0.52109375 0.56015625 0.0859375 0.09296875
0 0.68203125 0.478125 0.0390625 0.05234375
0 0.3359375 0.4359375 0.0328125 0.05078125
0 0.26796875 0.49609375 0.05 0.096875
0 0.35390625 0.40859375 0.0125 0.03359375
0 0.34921875 0.3703125 0.01015625 0.0125
0 0.4671875 0.40546875 0.0234375 0.02109375
0 0.3015625 0.384375 0.01171875 0.02265625
0 0.28671875 0.39140625 0.01328125 0.02578125
0 0.59453125 0.45546875 0.028125 0.04140625
0 0.4609375 0.4125 0.01640625 0.025
3 0.3296875 0.39453125 0.0125 0.02421875
3 0.2859375 0.37109375 0.01015625 0.028125
