2 0.8109375 0.40703125 0.034375 0.053125
1 0.88515625 0.49375 0.0203125 0.053125
0 0.87578125 0.46875 0.03046875 0.04140625
0 0.82109375 0.5109375 0.03671875 0.05546875
0 0.81484375 0.56484375 0.04765625 0.06640625
0 0.7921875 0.6484375 0.0671875 0.10546875
0 0.7828125 0.528125 0.0453125 0.0625
0 0.684375 0.5359375 0.05546875 0.0640625
0 0.7296875 0.57265625 0.05546875 0.0609375
0 0.66953125 0.61953125 0.08203125 0.0859375
0 0.60625 0.53515625 0.06484375 0.07734375
0 0.57265625 0.51171875 0.06015625 0.07421875
0 0.53984375 0.57265625 0.08203125 0.08515625
0 0.5109375 0.53125 0.0625 0.065625
0 0.4546875 0.52890625 0.08125 0.0703125
1 0.353125 0.53984375 0.03828125 0.07890625
0 0.7375 0.7828125 0.121875 0.16640625
0 0.9765625 0.58046875 0.046875 0.0671875
3 0.84453125 0.43515625 0.02578125 0.05546875
0 0.80859375 0.48125 0.03359375 0.040625
0 0.32890625 0.5078125 0.08828125 0.07734375
0 0.48203125 0.92578125 0.17109375 0.1484375
0 0.72734375 0.5203125 0.0453125 0.05234375
0 0.753125 0.50859375 0.03203125 0.05078125
0 0.684375 0.49921875 0.0359375 0.03828125
0 0.61796875 0.48671875 0.0328125 0.05078125
0 0.63984375 0.4953125 0.0328125 0.03671875
0 0.78046875 0.43359375 0.02265625 0.03671875
0 0.51796875 0.503125 0.05703125 0.04921875
0 0.665625 0.46484375 0.0359375 0.0359375
0 0.67265625 0.4859375 0.034375 0.03828125
0 0.68828125 0.4546875 0.02734375 0.0390625
0 0.715625 0.4546875 0.0265625 0.034375
0 0.7421875 0.4609375 0.0328125 0.0375
0 0.7078125 0.46953125 0.02890625 0.03125
0 0.7171875 0.49140625 0.03359375 0.0359375
0 0.746875 0.47890625 0.0296875 0.03359375
1 0.76640625 0.46875 0.0125 0.03203125
0 0.77734375 0.46171875 0.02734375 0.04375
0 0.79765625 0.45859375 0.0203125 0.03203125
0 0.8109375 0.446875 0.0203125 0.03359375
0 0.83125 0.44375 0.02109375 0.01953125
0 0.83125 0.46640625 0.02421875 0.0390625
0 0.90859375 0.46875 0.021875 0.03203125
0 0.8609375 0.434375 0.015625 0.0265625
0 0.871875 0.43359375 0.0140625 0.028125
0 0.90078125 0.4484375 0.01953125 0.0296875
0 0.94609375 0.47109375 0.01875 0.03671875
0 0.9578125 0.459375 0.0171875 0.02421875
0 0.9421875 0.44296875 0.0125 0.025
0 0.93515625 0.4234375 0.0109375 0.0171875
0 0.925 0.4328125 0.01640625 0.02109375
3 0.92734375 0.453125 0.01953125 0.0359375
2 0.84140625 0.4 0.02421875 0.0390625
0 0.85859375 0.4078125 0.01171875 0.025
