2 0.2796875 0.7265625 0.11875 0.3546875
3 0.33125 0.52578125 0.09453125 0.18046875
3 0.4234375 0.4828125 0.059375 0.1328125
0 0.45390625 0.671875 0.0921875 0.15859375
0 0.53671875 0.86640625 0.1453125 0.21796875
0 0.61015625 0.73359375 0.115625 0.19296875
0 0.709375 0.6921875 0.103125 0.17421875
0 0.928125 0.6953125 0.14296875 0.16171875
0 0.89296875 0.90390625 0.1796875 0.1921875
0 0.58359375 0.5421875 0.07578125 0.115625
0 0.49296875 0.5265625 0.0578125 0.08359375
0 0.52265625 0.47421875 0.04453125 0.06640625
0 0.96171875 0.52265625 0.0671875 0.09296875
0 0.0078125 0.64921875 0.015625 0.1078125
0 0.32421875 0.39609375 0.03359375 0.04140625
0 0.46171875 0.4671875 0.034375 0.04921875
0 0.49375 0.43984375 0.03359375 0.05
0 0.45234375 0.43984375 0.028125 0.03359375
0 0.4421875 0.41796875 0.0265625 0.03828125
0 0.43203125 0.4046875 0.01953125 0.03203125
3 0.47265625 0.39609375 0.02734375 0.0515625
