0 0.303125 0.7046875 0.125 0.20546875
2 0.6875 0.25859375 0.07109375 0.09609375
0 0.2859375 0.38359375 0.0671875 0.11015625
0 0.378125 0.2765625 0.0265625 0.05
0 0.25390625 0.30234375 0.0359375 0.04921875
0 0.42578125 0.19453125 0.015625 0.01875
0 0.496875 0.171875 0.0109375 0.01796875
1 0.36484375 0.1859375 0.0109375 0.0234375
3 0.34140625 0.28671875 0.04296875 0.09296875
0 0.30390625 0.22265625 0.02109375 0.02265625
1 0.17734375 0.265625 0.0125 0.04140625
0 0.2125 0.3203125 0.059375 0.05546875
0 0.3109375 0.19375 0.01171875 0.021875
0 0.321875 0.19140625 0.0140625 0.02109375
0 0.27890625 0.2015625 0.0140625 0.01796875
0 0.2359375 0.19453125 0.02109375 0.02265625
0 0.2734375 0.19375 0.02734375 0.0171875
0 0.29453125 0.2046875 0.015625 0.01640625
0 0.284375 0.21171875 0.01328125 0.0171875
0 0.278125 0.21640625 0.015625 0.01953125
0 0.27265625 0.2265625 0.01484375 0.01875
0 0.26796875 0.23515625 0.01796875 0.025
0 0.26328125 0.24921875 0.021875 0.0234375
0 0.2578125 0.26171875 0.0203125 0.02578125
0 0.27578125 0.27265625 0.02421875 0.0328125
0 0.25390625 0.278125 0.02734375 0.02890625
0 0.6328125 0.2453125 0.025 0.05625
0 0.4203125 0.2109375 0.0078125 0.0265625
0 0.440625 0.2109375 0.0125 0.015625
0 0.44453125 0.19375 0.009375 0.015625
0 0.43671875 0.18515625 0.0078125 0.01171875
0 0.45546875 0.18203125 0.0078125 0.0171875
0 0.4640625 0.1796875 0.00546875 0.01484375
0 0.47265625 0.17578125 0.0078125 0.01328125
3 0.4859375 0.175 0.0109375 0.0203125
0 0.4796875 0.1578125 0.01015625 0.01328125
3 0.37421875 0.20859375 0.0125 0.02421875
3 0.396875 0.2453125 0.0078125 0.0125
0 0.39453125 0.23828125 0.01171875 0.0125
0 0.3921875 0.228125 0.0125 0.02109375
0 0.390625 0.215625 0.01171875 0.01328125
0 0.39609375 0.2125 0.01171875 0.021875
0 0.37890625 0.19921875 0.009375 0.01796875
0 0.384375 0.19296875 0.009375 0.01875
0 0.3921875 0.18828125 0.00859375 0.01484375
0 0.39921875 0.18046875 0.00859375 0.0109375
0 0.40703125 0.1890625 0.0078125 0.0140625
0 0.40078125 0.19140625 0.00859375 0.0109375
0 0.39765625 0.1984375 0.01015625 0.01328125
0 0.40859375 0.17421875 0.00859375 0.0171875
0 0.41640625 0.178125 0.00859375 0.015625
0 0.42421875 0.17421875 0.00703125 0.01328125
0 0.43671875 0.171875 0.0078125 0.015625
0 0.975 0.34765625 0.04921875 0.04921875
0 0.94453125 0.33828125 0.03828125 0.04140625
0 0.92578125 0.33671875 0.03046875 0.04140625
0 0.903125 0.328125 0.03203125 0.03828125
0 0.88046875 0.31484375 0.04609375 0.040625
0 0.8609375 0.3078125 0.05625 0.05078125
0 0.9078125 0.30078125 0.03515625 0.01953125
0 0.9375 0.3125 0.03359375 0.0265625
0 0.98125 0.321875 0.03671875 0.02421875
