0 0.6796875 0.85 0.2015625 0.26875
0 0.28046875 0.434375 0.06484375 0.103125
0 0.196875 0.459375 0.0671875 0.1
0 0.12265625 0.3953125 0.07578125 0.08671875
0 0.2375 0.3546875 0.0578125 0.07109375
0 0.6875 0.409375 0.08515625 0.09375
0 0.18828125 0.3234375 0.03359375 0.05703125
3 0.1359375 0.29140625 0.02578125 0.0625
3 0.23203125 0.68359375 0.1234375 0.21171875
3 0.384375 0.290625 0.02734375 0.04921875
0 0.4578125 0.27109375 0.03671875 0.025
0 0.48046875 0.2796875 0.03515625 0.028125
3 0.17890625 0.24453125 0.01953125 0.025
0 0.1640625 0.28359375 0.021875 0.0296875
0 0.15234375 0.2734375 0.01875 0.02421875
0 0.15625 0.2640625 0.015625 0.01796875
0 0.15390625 0.25234375 0.01015625 0.0109375
0 0.1609375 0.25078125 0.0125 0.01875
0 0.171875 0.265625 0.01328125 0.02109375
0 0.18359375 0.275 0.01953125 0.02421875
0 0.1859375 0.25625 0.0171875 0.015625
0 0.18515625 0.2890625 0.01953125 0.02890625
0 0.23359375 0.31796875 0.02890625 0.0390625
0 0.2234375 0.303125 0.025 0.03828125
0 0.21953125 0.28828125 0.0171875 0.0171875
0 0.21640625 0.2796875 0.0171875 0.028125
