0 0.2609375 0.29375 0.0375 0.05078125
0 0.26953125 0.24296875 0.02578125 0.034375
0 0.28984375 0.21015625 0.0171875 0.02578125
0 0.3875 0.26171875 0.0375 0.0421875
0 0.41484375 0.28515625 0.03984375 0.04765625
0 0.3359375 0.18671875 0.01328125 0.021875
0 0.50234375 0.31640625 0.05703125 0.078125
0 0.66640625 0.2828125 0.0375 0.046875
0 0.7703125 0.334375 0.0515625 0.0609375
0 0.87265625 0.35859375 0.0515625 0.0515625
0 0.85703125 0.4171875 0.0515625 0.07578125
0 0.92734375 0.4046875 0.06171875 0.0703125
0 0.971875 0.46953125 0.05625 0.07890625
0 0.86953125 0.54921875 0.1140625 0.1140625
0 0.62265625 0.55 0.15078125 0.13046875
0 0.2078125 0.61875 0.228125 0.1484375
0 0.43203125 0.6578125 0.24140625 0.15859375
0 0.3140625 0.18515625 0.0234375 0.03984375
0 0.8578125 0.28046875 0.03828125 0.02890625
0 0.86953125 0.29609375 0.04453125 0.03984375
0 0.88359375 0.30859375 0.03359375 0.03984375
0 0.909375 0.3203125 0.04140625 0.04140625
0 0.9421875 0.32890625 0.0328125 0.03984375
0 0.975 0.34296875 0.05 0.0546875
0 0.384375 0.16796875 0.01171875 0.015625
0 0.39375 0.16953125 0.01171875 0.01328125
0 0.40390625 0.165625 0.009375 0.01640625
0 0.41171875 0.16328125 0.00859375 0.01171875
0 0.421875 0.165625 0.009375 0.01640625
0 0.4328125 0.18359375 0.01015625 0.01484375
0 0.44765625 0.18671875 0.009375 0.021875
0 0.44375 0.17265625 0.0078125 0.01640625
0 0.428125 0.196875 0.01015625 0.0140625
0 0.428125 0.21328125 0.01171875 0.0171875
0 0.48984375 0.19921875 0.01640625 0.025
0 0.5078125 0.20390625 0.0140625 0.025
0 0.56328125 0.21171875 0.01875 0.02109375
3 0.453125 0.1765625 0.0109375 0.02109375
0 0.4421875 0.1609375 0.009375 0.01328125
0 0.4625 0.15625 0.01015625 0.0125
0 0.47109375 0.15234375 0.01015625 0.01328125
0 0.490625 0.15703125 0.0109375 0.01171875
0 0.50703125 0.16328125 0.0109375 0.0140625
0 0.48203125 0.16796875 0.0109375 0.015625
0 0.46328125 0.16640625 0.00703125 0.01171875
0 0.4671875 0.1703125 0.01015625 0.0125
0 0.16171875 0.32578125 0.0609375 0.06640625
