3 0.4546875 0.55234375 0.04375 0.0921875
0 0.465625 0.6921875 0.0859375 0.125
0 0.56015625 0.66796875 0.06953125 0.09609375
0 0.5203125 0.5984375 0.04765625 0.0703125
0 0.59609375 0.5609375 0.046875 0.046875
0 0.72578125 0.84921875 0.128125 0.19140625
0 0.54921875 0.50078125 0.03203125 0.05546875
0 0.75234375 0.5 0.03203125 0.04140625
0 0.78203125 0.49921875 0.040625 0.05
0 0.5109375 0.4515625 0.015625 0.02890625
0 0.503125 0.40859375 0.0140625 0.02421875
0 0.47890625 0.42578125 0.015625 0.025
0 0.45625 0.47734375 0.02265625 0.03515625
0 0.50703125 0.5671875 0.0359375 0.04453125
0 0.49375 0.546875 0.028125 0.0453125
0 0.4953125 0.5171875 0.02890625 0.0390625
0 0.48359375 0.4953125 0.0234375 0.04296875
0 0.50625 0.4828125 0.0203125 0.034375
0 0.5265625 0.47109375 0.0203125 0.03359375
0 0.4703125 0.45625 0.01640625 0.02734375
0 0.46484375 0.43359375 0.01328125 0.021875
0 0.48828125 0.440625 0.01171875 0.01875
0 0.49140625 0.45390625 0.0140625 0.02421875
3 0.146875 0.56015625 0.0703125 0.05703125
3 0.0484375 0.559375 0.08046875 0.09453125
0 0.9328125 0.5 0.05625 0.0609375
3 0.76015625 0.459375 0.05625 0.04375
0 0.7796875 0.475 0.02734375 0.021875
0 0.8046875 0.4734375 0.0296875 0.02578125
0 0.80234375 0.49140625 0.025 0.03671875
0 0.72734375 0.48515625 0.01875 0.040625
