0 0.196875 0.55703125 0.19296875 0.15703125
0 0.52421875 0.6484375 0.23515625 0.18203125
0 0.66640625 0.77421875 0.2609375 0.21796875
0 0.896875 0.63984375 0.20625 0.18984375
0 0.6125 0.3734375 0.07734375 0.08671875
0 0.54453125 0.37734375 0.07578125 0.08203125
0 0.4875 0.34375 0.06796875 0.08046875
0 0.26484375 0.24765625 0.03125 0.06328125
0 0.31171875 0.20234375 0.021875 0.04609375
0 0.4015625 0.1984375 0.01875 0.0234375
3 0.66875 0.25859375 0.053125 0.08515625
2 0.3375 0.23046875 0.04140625 0.07578125
1 0.0140625 0.428125 0.028125 0.103125
0 0.421875 0.3078125 0.0328125 0.06328125
0 0.45078125 0.315625 0.040625 0.06328125
3 0.55 0.32890625 0.05703125 0.06171875
0 0.36875 0.28203125 0.025 0.05234375
0 0.3921875 0.28984375 0.02578125 0.04921875
1 0.0140625 0.8375 0.028125 0.171875
3 0.33359375 0.17421875 0.01953125 0.03046875
3 0.36171875 0.1671875 0.0203125 0.03046875
3 0.4 0.1609375 0.0125 0.01484375
0 0.5 0.31796875 0.0515625 0.05078125
0 0.4625 0.29453125 0.040625 0.03984375
0 0.4265625 0.2765625 0.03984375 0.04453125
0 0.4 0.26796875 0.02734375 0.02890625
0 0.38984375 0.2546875 0.028125 0.03828125
0 0.34375 0.25546875 0.0203125 0.034375
0 0.3546875 0.26640625 0.02265625 0.0375
0 0.37734375 0.25390625 0.01484375 0.025
0 0.371875 0.2453125 0.01875 0.02578125
0 0.3671875 0.23828125 0.01640625 0.02421875
0 0.3625 0.2296875 0.0140625 0.028125
0 0.35546875 0.21640625 0.015625 0.02578125
0 0.3453125 0.19453125 0.01015625 0.01796875
0 0.3484375 0.1890625 0.01015625 0.01640625
0 0.32578125 0.1859375 0.01328125 0.0203125
0 0.38828125 0.18671875 0.0109375 0.01875
0 0.4015625 0.17578125 0.01015625 0.0171875
0 0.409375 0.18203125 0.0140625 0.015625
0 0.3828125 0.2015625 0.01171875 0.01796875
0 0.38203125 0.21484375 0.01328125 0.01796875
0 0.39765625 0.215625 0.01328125 0.01953125
0 0.403125 0.2296875 0.0171875 0.0203125
0 0.415625 0.16796875 0.009375 0.015625
0 0.38671875 0.171875 0.009375 0.009375
0 0.39375 0.165625 0.01015625 0.01328125
0 0.425 0.1703125 0.01015625 0.01484375
0 0.4375 0.1671875 0.0078125 0.015625
0 0.45 0.1828125 0.009375 0.01171875
0 0.44453125 0.19296875 0.0109375 0.01953125
0 0.459375 0.17421875 0.009375 0.0125
0 0.46953125 0.1703125 0.01015625 0.0109375
0 0.4765625 0.16484375 0.00703125 0.00703125
0 0.48359375 0.16875 0.01171875 0.01171875
0 0.49609375 0.16953125 0.01171875 0.0125
0 0.50546875 0.17890625 0.0125 0.0171875
0 0.8578125 0.27734375 0.05234375 0.034375
0 0.9046875 0.28125 0.040625 0.025
0 0.86484375 0.303125 0.034375 0.034375
0 0.89609375 0.3109375 0.0421875 0.046875
0 0.921875 0.31875 0.06484375 0.04296875
0 0.9484375 0.3296875 0.0359375 0.0375
0 0.98125 0.3359375 0.0375 0.053125
