0 0.47578125 0.6921875 0.103125 0.19296875
0 0.31328125 0.53984375 0.109375 0.16640625
0 0.38984375 0.41953125 0.08515625 0.1171875
0 0.3703125 0.33046875 0.053125 0.0953125
0 0.50234375 0.30625 0.06484375 0.103125
0 0.61796875 0.3640625 0.07890625 0.09296875
0 0.7609375 0.4828125 0.13046875 0.1515625
0 0.86015625 0.46796875 0.13515625 0.1359375
2 0.3 0.33828125 0.07109375 0.16328125
2 0.3296875 0.17734375 0.0296875 0.04921875
0 0.27890625 0.21171875 0.021875 0.03359375
0 0.84140625 0.2875 0.05234375 0.0484375
0 0.8625 0.27265625 0.03125 0.02890625
0 0.89375 0.28359375 0.0359375 0.03828125
0 0.9171875 0.2890625 0.04296875 0.0265625
0 0.92890625 0.32109375 0.046875 0.03359375
0 0.9640625 0.31015625 0.034375 0.028125
0 0.984375 0.321875 0.03125 0.0375
0 0.9609375 0.3359375 0.06328125 0.046875
0 0.65234375 0.24609375 0.03046875 0.03046875
1 0.30234375 0.19140625 0.0078125 0.02265625
0 0.28984375 0.1984375 0.01640625 0.025
0 0.34765625 0.17734375 0.0125 0.0203125
2 0.396875 0.17734375 0.0125 0.01875
2 0.4171875 0.1609375 0.01171875 0.02265625
0 0.42265625 0.1703125 0.009375 0.0171875
0 0.40625 0.18125 0.01015625 0.02109375
0 0.40234375 0.1640625 0.015625 0.015625
0 0.43359375 0.18046875 0.01015625 0.01953125
0 0.44375 0.1921875 0.01171875 0.0203125
0 0.453125 0.178125 0.009375 0.0171875
0 0.490625 0.1953125 0.01328125 0.021875
0 0.49609375 0.18203125 0.0125 0.01796875
0 0.51015625 0.16328125 0.0109375 0.02109375
0 0.4953125 0.16171875 0.0125 0.015625
0 0.48359375 0.165625 0.0109375 0.0171875
0 0.4734375 0.16875 0.01015625 0.01484375
0 0.46171875 0.16796875 0.01015625 0.01640625
