2 0.5375 0.72421875 0.328125 0.41171875
3 0.06953125 0.73671875 0.1390625 0.2359375
0 0.17109375 0.646875 0.10703125 0.1484375
0 0.2875 0.515625 0.06796875 0.1140625
0 0.38828125 0.49765625 0.05625 0.096875
0 0.18125 0.53671875 0.075 0.1046875
0 0.14375 0.5 0.08828125 0.0671875
0 0.6984375 0.4125 0.05234375 0.06953125
0 0.70625 0.7265625 0.14609375 0.225
0 0.63203125 0.3421875 0.04921875 0.0515625
0 0.54765625 0.24375 0.02109375 0.0265625
0 0.44921875 0.465625 0.04609375 0.0703125
0 0.39921875 0.4265625 0.0421875 0.06171875
0 0.2875 0.4265625 0.04765625 0.065625
3 0.3421875 0.42734375 0.046875 0.08046875
0 0.26015625 0.4 0.03515625 0.053125
0 0.4140625 0.37890625 0.03359375 0.046875
0 0.38203125 0.3546875 0.0328125 0.04609375
0 0.340625 0.36171875 0.02890625 0.04453125
0 0.3234375 0.3359375 0.02578125 0.0359375
0 0.3078125 0.36484375 0.02734375 0.03515625
0 0.396875 0.32109375 0.021875 0.03203125
2 0.4265625 0.3171875 0.0375 0.07109375
1 0.44453125 0.25234375 0.01015625 0.0171875
0 0.44453125 0.27421875 0.01484375 0.02265625
0 0.4640625 0.2828125 0.015625 0.02890625
0 0.4546875 0.23671875 0.01171875 0.01640625
2 0.43984375 0.2203125 0.01875 0.025
0 0.41171875 0.25 0.01171875 0.01953125
0 0.38359375 0.26796875 0.01875 0.025
0 0.375 0.31328125 0.0234375 0.02890625
3 0.8828125 0.39609375 0.0421875 0.06796875
0 0.04453125 0.53515625 0.0890625 0.1234375
0 0.45625 0.4109375 0.03671875 0.06640625
0 0.4578125 0.3453125 0.02890625 0.03984375
