1 0.39375 0.4796875 0.065625 0.1265625
0 0.1546875 0.6328125 0.30859375 0.371875
0 0.2921875 0.43125 0.14921875 0.13984375
0 0.0265625 0.47109375 0.05234375 0.10859375
0 0.0421875 0.54453125 0.084375 0.1109375
0 0.54453125 0.2796875 0.01953125 0.02109375
0 0.52578125 0.33125 0.04609375 0.0421875
0 0.56171875 0.303125 0.02421875 0.025
0 0.57265625 0.29453125 0.02265625 0.02734375
0 0.57421875 0.3203125 0.03515625 0.03515625
0 0.6734375 0.37578125 0.0546875 0.0625
0 0.67421875 0.3375 0.04140625 0.04140625
0 0.77109375 0.3671875 0.01953125 0.028125
0 0.72890625 0.32890625 0.0109375 0.0203125
0 0.7421875 0.33203125 0.0203125 0.021875
