1 0.32109375 0.43671875 0.0640625 0.11171875
3 0.6046875 0.26328125 0.04140625 0.05859375
0 0.621875 0.24140625 0.02109375 0.05390625
0 0.65234375 0.24765625 0.03203125 0.05
0 0.6640625 0.23515625 0.025 0.0265625
0 0.67578125 0.21484375 0.0171875 0.02265625
0 0.6953125 0.22734375 0.02890625 0.03671875
0 0.75234375 0.2421875 0.0375 0.0453125
0 0.7953125 0.2859375 0.04140625 0.05546875
0 0.76640625 0.296875 0.05703125 0.0671875
0 0.83671875 0.28046875 0.04140625 0.0609375
0 0.9625 0.33203125 0.075 0.0765625
