3 0.365625 0.1703125 0.0046875 0.0140625
3 0.39453125 0.1734375 0.0046875 0.0140625
3 0.4078125 0.178125 0.00703125 0.0140625
3 0.42890625 0.19140625 0.01171875 0.021875
0 0.39296875 0.19453125 0.00703125 0.009375
0 0.38203125 0.19921875 0.0046875 0.009375
3 0.4390625 0.21015625 0.01171875 0.021875
0 0.4046875 0.2171875 0.00703125 0.01171875
0 0.38125 0.2171875 0.00703125 0.01171875
3 0.39453125 0.2234375 0.009375 0.01953125
0 0.4515625 0.234375 0.009375 0.0171875
0 0.41796875 0.240625 0.009375 0.0140625
0 0.484375 0.2484375 0.01171875 0.0171875
3 0.4078125 0.2515625 0.01171875 0.0171875
0 0.4109375 0.271875 0.0140625 0.01953125
0 0.3953125 0.28984375 0.0171875 0.0265625
0 0.428125 0.3078125 0.01953125 0.03359375
0 0.51953125 0.30859375 0.0140625 0.0265625
0 0.46015625 0.31640625 0.021875 0.03125
0 0.5296875 0.3484375 0.021875 0.02890625
3 0.4625 0.3890625 0.0265625 0.0484375
0 0.4234375 0.39296875 0.02421875 0.0359375
0 0.61875 0.475 0.040625 0.05078125
3 0.71015625 0.52734375 0.05546875 0.084375
0 0.4671875 0.55078125 0.0359375 0.0625
0 0.55546875 0.64765625 0.053125 0.084375
3 0.15390625 0.36875 0.059375 0.06484375
3 0.56171875 0.87578125 0.18359375 0.24765625
