0 0.8265625 0.94765625 0.0890625 0.1046875
0 0.57265625 0.76875 0.04296875 0.06953125
0 0.7078125 0.78203125 0.0578125 0.078125
3 0.9609375 0.91484375 0.075 0.1703125
3 0.41484375 0.440625 0.025 0.05859375
3 0.4046875 0.40390625 0.01875 0.04609375
3 0.48125 0.37109375 0.0203125 0.05703125
3 0.5015625 0.39453125 0.025 0.06484375
3 0.63203125 0.54921875 0.04140625 0.10078125
3 0.58125 0.5640625 0.034375 0.09140625
3 0.44296875 0.325 0.01484375 0.0359375
3 0.39296875 0.33828125 0.0125 0.0265625
0 0.41953125 0.36875 0.0171875 0.025
0 0.42578125 0.39453125 0.01640625 0.0265625
0 0.44609375 0.434375 0.0265625 0.05703125
0 0.45703125 0.37734375 0.01796875 0.02109375
0 0.46796875 0.39765625 0.01484375 0.028125
0 0.4890625 0.4296875 0.015625 0.03203125
0 0.51171875 0.4640625 0.021875 0.02890625
0 0.5453125 0.52109375 0.03046875 0.05
