0 0.53125 0.21875 0.009375 0.0140625
0 0.54296875 0.22734375 0.009375 0.0171875
3 0.5578125 0.24765625 0.01953125 0.0484375
0 0.625 0.25234375 0.0140625 0.01953125
3 0.67421875 0.26328125 0.0265625 0.05546875
3 0.5796875 0.26953125 0.02421875 0.053125
0 0.6921875 0.2875 0.0140625 0.021875
3 0.6609375 0.28984375 0.01953125 0.0359375
0 0.7015625 0.31015625 0.01953125 0.02421875
0 0.678125 0.3265625 0.02421875 0.02890625
0 0.72109375 0.34140625 0.02421875 0.03359375
0 0.74296875 0.5015625 0.03359375 0.06015625
0 0.68125 0.54921875 0.040625 0.06953125
0 0.56953125 0.55078125 0.03828125 0.053125
3 0.7171875 0.72109375 0.06484375 0.15859375
3 0.24140625 0.90390625 0.17578125 0.1875
0 0.5625 0.9546875 0.0765625 0.08671875
