1 0.5578125 0.6734375 0.04140625 0.15546875
1 0.4359375 0.64140625 0.04140625 0.146875
1 0.4890625 0.6 0.0390625 0.1390625
1 0.475 0.51171875 0.02734375 0.115625
1 0.55625 0.50390625 0.03203125 0.1390625
0 0.08359375 0.80859375 0.0921875 0.16953125
0 0.11875 0.95078125 0.128125 0.09609375
1 0.1546875 0.4625 0.06015625 0.11640625
0 0.2421875 0.353125 0.06875 0.109375
0 0.334375 0.3296875 0.0640625 0.10390625
0 0.44140625 0.33359375 0.0734375 0.103125
0 0.40859375 0.2703125 0.065625 0.09609375
1 0.28828125 0.296875 0.025 0.1
0 0.3171875 0.2546875 0.05078125 0.065625
2 0.2421875 0.14609375 0.1125 0.21640625
0 0.16953125 0.1515625 0.0421875 0.075
0 0.1546875 0.096875 0.04296875 0.0640625
0 0.1421875 0.07421875 0.04140625 0.06796875
0 0.15 0.04609375 0.03671875 0.04453125
0 0.3828125 0.2234375 0.06015625 0.10546875
1 0.35390625 0.25390625 0.034375 0.103125
