0 0.3828125 0.228125 0.05234375 0.06953125
1 0.1734375 0.02421875 0.0140625 0.04609375
0 0.3953125 0.26640625 0.059375 0.0890625
0 0.3046875 0.271875 0.06015625 0.09453125
0 0.41875 0.309375 0.06328125 0.1015625
0 0.32421875 0.31796875 0.0640625 0.09453125
0 0.08359375 0.35234375 0.103125 0.09609375
0 0.2265625 0.35546875 0.071875 0.10546875
1 0.3453125 0.375 0.02265625 0.11640625
1 0.4203125 0.4171875 0.028125 0.115625
1 0.378125 0.4828125 0.0296875 0.13203125
0 0.0828125 0.80625 0.0859375 0.16796875
1 0.178125 0.09296875 0.01640625 0.078125
0 0.11953125 0.9484375 0.125 0.1
1 0.2671875 0.9546875 0.04140625 0.0875
