0 0.359375 0.1921875 0.0578125 0.08203125
1 0.296875 0.1953125 0.02109375 0.084375
1 0.365625 0.27265625 0.028125 0.06796875
2 0.22890625 0.28359375 0.121875 0.2640625
0 0.434375 0.29921875 0.0765625 0.1125
1 0.2984375 0.3078125 0.02265625 0.09609375
1 0.19375 0.03359375 0.02265625 0.06640625
0 0.3578125 0.35546875 0.07578125 0.11640625
1 0.478125 0.40625 0.0296875 0.11796875
0 0.1859375 0.453125 0.11875 0.115625
0 0.0390625 0.4921875 0.0703125 0.10703125
0 0.4265625 0.5421875 0.08203125 0.12890625
0 0.51171875 0.721875 0.1109375 0.175
0 0.08203125 0.80703125 0.0875 0.171875
0 0.11875 0.94765625 0.12578125 0.1015625
0 0.8109375 0.9640625 0.11875 0.06953125
