0 0.2703125 0.19140625 0.05703125 0.08046875
1 0.340625 0.19375 0.01953125 0.0875
0 0.3921875 0.2578125 0.06484375 0.09296875
0 0.19296875 0.0265625 0.0421875 0.05
1 0.221875 0.29453125 0.0234375 0.10546875
0 0.45625 0.365625 0.07265625 0.1125
1 0.4140625 0.4328125 0.02734375 0.115625
0 0.17734375 0.4546875 0.1265625 0.11796875
0 0.5203125 0.4671875 0.08203125 0.12109375
0 0.4453125 0.5859375 0.0859375 0.1359375
0 0.6390625 0.6640625 0.1078125 0.1890625
0 0.08125 0.809375 0.08828125 0.16953125
0 0.803125 0.90234375 0.1453125 0.19296875
0 0.6921875 0.934375 0.171875 0.12890625
0 0.11875 0.94921875 0.12578125 0.0984375
2 0.496875 0.95390625 0.19296875 0.0890625
