0 0.27890625 0.184375 0.0578125 0.084375
1 0.2546875 0.2359375 0.02734375 0.10859375
0 0.3953125 0.24765625 0.065625 0.0984375
1 0.30625 0.2671875 0.02421875 0.10703125
1 0.3625 0.39921875 0.034375 0.12109375
0 0.2625 0.04140625 0.04765625 0.06953125
0 0.54375 0.515625 0.09453125 0.125
0 0.575 0.65234375 0.12265625 0.20390625
2 0.15078125 0.071875 0.0765625 0.14296875
1 0.2640625 0.07578125 0.01953125 0.0734375
0 0.08515625 0.803125 0.0953125 0.16640625
0 0.7328125 0.89375 0.1453125 0.209375
0 0.11875 0.94765625 0.12421875 0.1015625
0 0.22109375 0.09609375 0.0484375 0.06953125
1 0.315625 0.10234375 0.02421875 0.084375
