0 0.2828125 0.2 0.05859375 0.0890625
0 0.28984375 0.253125 0.0609375 0.0890625
0 0.3828125 0.25859375 0.08671875 0.11953125
1 0.23671875 0.03203125 0.01796875 0.0609375
0 0.43046875 0.321875 0.0765625 0.109375
0 0.32890625 0.33046875 0.071875 0.10546875
0 0.23984375 0.33984375 0.0703125 0.11796875
1 0.3453125 0.3734375 0.03359375 0.11953125
1 0.4796875 0.44296875 0.0328125 0.121875
1 0.14375 0.059375 0.021875 0.07109375
0 0.0828125 0.80703125 0.0953125 0.16640625
1 0.66875 0.88828125 0.0421875 0.184375
0 0.12265625 0.9484375 0.13125 0.1
0 0.33671875 0.1671875 0.05390625 0.096875
