0 0.2953125 0.240625 0.06015625 0.0890625
0 0.23046875 0.02734375 0.04453125 0.05390625
1 0.440625 0.296875 0.0265625 0.10546875
0 0.340625 0.33125 0.06484375 0.1015625
0 0.390625 0.44765625 0.0796875 0.11796875
0 0.215625 0.059375 0.0421875 0.0640625
1 0.60703125 0.73359375 0.0359375 0.1640625
0 0.08125 0.809375 0.08828125 0.17109375
0 0.11875 0.94921875 0.12578125 0.0984375
0 0.0671875 0.10625 0.1046875 0.0734375
2 0.1640625 0.109375 0.08359375 0.19140625
1 0.165625 0.0140625 0.0203125 0.028125
