0 0.253125 0.13984375 0.05546875 0.0875
0 0.24765625 0.015625 0.04921875 0.03046875
0 0.284375 0.2328125 0.059375 0.0984375
0 0.384375 0.2484375 0.06328125 0.1140625
0 0.459375 0.378125 0.084375 0.140625
0 0.39296875 0.47109375 0.084375 0.15
0 0.5390625 0.496875 0.0828125 0.1375
1 0.5015625 0.66328125 0.04296875 0.159375
0 0.2 0.0734375 0.059375 0.06640625
0 0.0859375 0.79296875 0.09140625 0.15546875
1 0.49921875 0.85234375 0.0421875 0.1765625
0 0.7328125 0.88828125 0.121875 0.1875
1 0.6 0.88984375 0.046875 0.2015625
0 0.121875 0.95 0.1265625 0.096875
0 0.15625 0.1015625 0.04609375 0.075
0 0.14296875 0.08359375 0.0453125 0.084375
0 0.1890625 0.03984375 0.07421875 0.0515625
