0 0.16328125 0.01484375 0.034375 0.02890625
1 0.921875 0.3734375 0.07265625 0.11953125
0 0.2234375 0.446875 0.09453125 0.11796875
0 0.60546875 0.615625 0.1109375 0.15703125
0 0.2140625 0.0640625 0.04453125 0.06640625
1 0.3 0.68046875 0.03515625 0.1390625
1 0.0453125 0.703125 0.02421875 0.096875
0 0.4921875 0.73359375 0.11171875 0.15546875
0 0.0828125 0.80625 0.08671875 0.17109375
0 0.73828125 0.884375 0.1328125 0.2140625
1 0.5796875 0.92578125 0.04765625 0.14609375
0 0.3078125 0.09453125 0.0546875 0.08359375
0 0.1203125 0.94765625 0.12578125 0.1015625
