0 0.24765625 0.15 0.0546875 0.0890625
0 0.346875 0.15703125 0.04921875 0.0859375
1 0.278125 0.278125 0.02265625 0.096875
0 0.25703125 0.02890625 0.04453125 0.053125
1 0.2390625 0.3296875 0.02734375 0.04609375
1 0.440625 0.35546875 0.02890625 0.1109375
0 0.140625 0.0390625 0.04375 0.06953125
1 0.93984375 0.3890625 0.0765625 0.11953125
0 0.2375 0.41796875 0.06875 0.10859375
1 0.40390625 0.425 0.0328125 0.1140625
0 0.45 0.5984375 0.09296875 0.171875
1 0.6109375 0.62265625 0.0390625 0.15390625
0 0.21953125 0.0765625 0.0453125 0.071875
0 0.084375 0.79296875 0.09296875 0.14453125
0 0.11875 0.946875 0.121875 0.10390625
1 0.221875 0.015625 0.01875 0.03046875
0 0.1859375 0.01953125 0.04609375 0.0390625
