0 0.1921875 0.1 0.04375 0.06953125
0 0.275 0.05234375 0.05234375 0.06796875
0 0.4015625 0.25390625 0.06484375 0.10859375
0 0.45 0.3484375 0.07421875 0.121875
0 0.415625 0.5046875 0.08515625 0.1375
0 0.3328125 0.3203125 0.07109375 0.10703125
0 0.296875 0.2609375 0.06015625 0.0859375
0 0.2234375 0.3359375 0.07734375 0.125
0 0.2140625 0.2890625 0.0515625 0.0890625
0 0.08203125 0.80546875 0.0984375 0.175
0 0.1203125 0.946875 0.12890625 0.103125
1 0.590625 0.70078125 0.04140625 0.1734375
1 0.5921875 0.9265625 0.05390625 0.14453125
1 0.95625 0.40390625 0.07578125 0.125
