0 0.7015625 0.771875 0.12109375 0.1890625
0 0.5015625 0.71328125 0.1078125 0.184375
0 0.43203125 0.5546875 0.0890625 0.14296875
0 0.47421875 0.38125 0.0890625 0.1515625
3 0.359375 0.33984375 0.10703125 0.24609375
0 0.2984375 0.24765625 0.05 0.090625
0 0.2765625 0.1796875 0.059375 0.0875
0 0.240625 0.11484375 0.04765625 0.07109375
0 0.17421875 0.0890625 0.053125 0.071875
0 0.3125 0.109375 0.05546875 0.075
0 0.0859375 0.7875 0.0984375 0.15
0 0.1203125 0.94296875 0.13046875 0.1109375
0 0.36875 0.18515625 0.0671875 0.1171875
