2 0.1953125 0.1921875 0.10234375 0.2265625
0 0.30390625 0.225 0.05625 0.0859375
1 0.38046875 0.23515625 0.021875 0.09609375
0 0.184375 0.02734375 0.053125 0.0484375
0 0.3171875 0.29296875 0.0671875 0.09453125
1 0.428125 0.30234375 0.025 0.10390625
0 0.2421875 0.3609375 0.06328125 0.103125
0 0.35 0.3640625 0.06640625 0.10546875
0 0.48125 0.42578125 0.07578125 0.1125
1 0.3671875 0.428125 0.025 0.1015625
0 0.265625 0.4484375 0.0671875 0.1140625
0 0.4 0.496875 0.08046875 0.1265625
0 0.515625 0.51015625 0.08046875 0.1234375
0 0.60625 0.61953125 0.07734375 0.146875
0 0.64765625 0.68359375 0.103125 0.18359375
0 0.68828125 0.784375 0.103125 0.16953125
0 0.08203125 0.80703125 0.0875 0.175
0 0.7578125 0.9078125 0.13671875 0.18203125
0 0.11953125 0.9484375 0.1265625 0.1
