0 0.24140625 0.015625 0.040625 0.03046875
0 0.16484375 0.01875 0.03671875 0.03203125
0 0.340625 0.19453125 0.04609375 0.071875
1 0.36953125 0.234375 0.0171875 0.0890625
0 0.48203125 0.40703125 0.075 0.103125
1 0.39921875 0.42109375 0.025 0.121875
0 0.2265625 0.4421875 0.08984375 0.1125
0 0.2859375 0.05625 0.05078125 0.065625
1 0.21015625 0.05859375 0.0171875 0.071875
1 0.0453125 0.7046875 0.0234375 0.1015625
0 0.0828125 0.80859375 0.08515625 0.16953125
0 0.11953125 0.9484375 0.125 0.1
1 0.14375 0.10234375 0.01796875 0.07109375
0 0.303125 0.1046875 0.05078125 0.0765625
