0 0.20546875 0.1234375 0.0515625 0.078125
0 0.3125 0.115625 0.05390625 0.084375
0 0.2171875 0.2859375 0.059375 0.0890625
0 0.3796875 0.22890625 0.06484375 0.096875
0 0.20234375 0.43515625 0.1140625 0.1125
0 0.38203125 0.43984375 0.0765625 0.12109375
0 0.49609375 0.4046875 0.0859375 0.13203125
0 0.540625 0.5296875 0.090625 0.13203125
0 0.4578125 0.60625 0.09140625 0.159375
1 0.959375 0.4015625 0.07890625 0.11953125
0 0.084375 0.803125 0.09375 0.16640625
0 0.1203125 0.946875 0.12421875 0.10390625
