0 0.1890625 0.18046875 0.05546875 0.08046875
0 0.359375 0.19296875 0.0671875 0.1
0 0.25078125 0.02890625 0.0453125 0.0578125
0 0.2328125 0.321875 0.06640625 0.096875
0 0.4328125 0.3328125 0.0703125 0.10390625
1 0.9421875 0.365625 0.06796875 0.10703125
1 0.94375 0.3859375 0.06953125 0.1109375
1 0.953125 0.3984375 0.05859375 0.1109375
0 0.40078125 0.48828125 0.0890625 0.1375
0 0.08203125 0.809375 0.0875 0.171875
0 0.1203125 0.94921875 0.12578125 0.0984375
0 0.24765625 0.13671875 0.0484375 0.07109375
