0 0.17734375 0.01875 0.040625 0.0375
0 0.2765625 0.190625 0.04765625 0.084375
0 0.36328125 0.21015625 0.053125 0.07109375
2 0.203125 0.21875 0.11640625 0.2484375
0 0.38828125 0.240625 0.0578125 0.078125
1 0.371875 0.27578125 0.025 0.0984375
1 0.25234375 0.02890625 0.0171875 0.0578125
0 0.32265625 0.29453125 0.0703125 0.103125
0 0.421875 0.30546875 0.071875 0.1
0 0.353125 0.36875 0.06953125 0.109375
0 0.25390625 0.3984375 0.0765625 0.13046875
1 0.4609375 0.43125 0.02578125 0.12109375
1 0.440625 0.48046875 0.03515625 0.1359375
1 0.3859375 0.5625 0.0328125 0.13046875
0 0.0828125 0.80546875 0.08671875 0.16953125
0 0.11953125 0.946875 0.125 0.103125
0 0.240625 0.1109375 0.03671875 0.03359375
1 0.29296875 0.125 0.025 0.08359375
0 0.2578125 0.1375 0.04453125 0.05
