1 0.3328125 0.203125 0.01953125 0.0875
0 0.421875 0.2890625 0.06640625 0.1
0 0.340625 0.325 0.07421875 0.14453125
0 0.24609375 0.4125 0.0671875 0.10546875
0 0.4 0.471875 0.084375 0.121875
0 0.56328125 0.546875 0.0953125 0.1375
0 0.2765625 0.06015625 0.04375 0.0625
0 0.4578125 0.62578125 0.0875 0.140625
0 0.528125 0.77734375 0.10703125 0.165625
0 0.08203125 0.80546875 0.0875 0.171875
2 0.153125 0.084375 0.0859375 0.165625
0 0.11953125 0.946875 0.125 0.10390625
1 0.2984375 0.134375 0.0234375 0.09140625
0 0.8546875 0.97421875 0.109375 0.0515625
