0 0.08671875 0.79296875 0.0890625 0.153125
0 0.1171875 0.94765625 0.12109375 0.1015625
1 0.4171875 0.4609375 0.0328125 0.1390625
0 0.4453125 0.3625 0.07265625 0.1109375
2 0.2171875 0.23671875 0.11484375 0.24609375
1 0.3296875 0.2609375 0.021875 0.103125
1 0.28671875 0.10390625 0.01875 0.0859375
1 0.2265625 0.05859375 0.02109375 0.08046875
1 0.19140625 0.09375 0.01875 0.04609375
1 0.1515625 0.0890625 0.0171875 0.0640625
0 0.2484375 0.134375 0.04609375 0.078125
0 0.36015625 0.19921875 0.0609375 0.08359375
