2 0.56796875 0.81484375 0.284375 0.36796875
0 0.746875 0.8828125 0.12265625 0.184375
0 0.5015625 0.45390625 0.08828125 0.13359375
0 0.39140625 0.46484375 0.078125 0.12890625
0 0.0859375 0.80703125 0.09296875 0.16640625
0 0.121875 0.95 0.121875 0.096875
1 0.2875 0.22734375 0.021875 0.0984375
1 0.2390625 0.19296875 0.0203125 0.09140625
1 0.2078125 0.15078125 0.0234375 0.0875
0 0.3734375 0.23671875 0.0640625 0.0984375
0 0.3171875 0.12265625 0.04921875 0.07890625
1 0.284375 0.14765625 0.0203125 0.0625
1 0.26875 0.07890625 0.01953125 0.06953125
0 0.2328125 0.1 0.04921875 0.075
0 0.284375 0.05390625 0.04453125 0.06953125
0 0.15703125 0.103125 0.0453125 0.075
1 0.2015625 0.05234375 0.01484375 0.065625
1 0.2390625 0.046875 0.01875 0.05546875
0 0.140625 0.0765625 0.04375 0.06640625
0 0.1515625 0.059375 0.04375 0.05390625
0 0.1453125 0.02421875 0.0390625 0.0484375
