1 0.365625 0.209375 0.01953125 0.06796875
0 0.2921875 0.22890625 0.05859375 0.0890625
3 0.434375 0.28359375 0.09921875 0.2640625
0 0.27109375 0.040625 0.04375 0.06796875
2 0.271875 0.4203125 0.14140625 0.31796875
0 0.1359375 0.05078125 0.034375 0.0625
0 0.4453125 0.61328125 0.1109375 0.1765625
0 0.628125 0.684375 0.10234375 0.15390625
0 0.08125 0.809375 0.08828125 0.17109375
0 0.7609375 0.87734375 0.13671875 0.2375
0 0.11953125 0.94921875 0.125 0.0984375
2 0.16875 0.11015625 0.078125 0.16796875
