0 0.2609375 0.153125 0.05859375 0.11640625
0 0.3078125 0.309375 0.07109375 0.125
1 0.94140625 0.38828125 0.075 0.11796875
0 0.41953125 0.4703125 0.084375 0.140625
0 0.059375 0.48671875 0.11328125 0.10703125
0 0.29921875 0.05703125 0.065625 0.1109375
0 0.4953125 0.715625 0.10078125 0.1765625
0 0.0828125 0.79453125 0.09375 0.16640625
2 0.1625 0.0890625 0.08046875 0.178125
0 0.5828125 0.90078125 0.1203125 0.1875
0 0.11796875 0.946875 0.125 0.10390625
1 0.83984375 0.95 0.05 0.096875
0 0.2359375 0.11328125 0.03984375 0.065625
3 0.21953125 0.04921875 0.0625 0.09765625
