3 0.284375 0.18671875 0.08671875 0.21796875
0 0.1984375 0.25625 0.0609375 0.10703125
0 0.4 0.259375 0.0546875 0.08359375
0 0.4234375 0.3046875 0.07578125 0.12890625
0 0.325 0.309375 0.07578125 0.125
0 0.084375 0.353125 0.11328125 0.115625
0 0.240625 0.371875 0.07734375 0.1109375
2 0.153125 0.07265625 0.075 0.1453125
0 0.084375 0.8078125 0.09453125 0.1734375
0 0.1203125 0.94765625 0.12421875 0.1015625
1 0.1046875 0.0296875 0.015625 0.059375
0 0.23515625 0.1328125 0.04296875 0.08984375
0 0.3609375 0.19375 0.05625 0.09453125
