1 0.490625 0.75859375 0.046875 0.16953125
0 0.084375 0.7921875 0.09375 0.14609375
2 0.15 0.084375 0.084375 0.16875
0 0.1203125 0.95078125 0.13046875 0.09609375
1 0.203125 0.06015625 0.0265625 0.08046875
1 0.234375 0.31171875 0.046875 0.12890625
1 0.27890625 0.17265625 0.04140625 0.109375
1 0.234375 0.06171875 0.02734375 0.0734375
1 0.47890625 0.57578125 0.06640625 0.14453125
0 0.49140625 0.45 0.10546875 0.140625
0 0.2421875 0.0125 0.05078125 0.025
0 0.83125 0.9671875 0.146875 0.065625
1 0.8984375 0.41875 0.0875 0.12421875
1 0.96015625 0.4125 0.06875 0.1515625
