2 0.2296875 0.2828125 0.12265625 0.25703125
3 0.36328125 0.31484375 0.1015625 0.23203125
1 0.26171875 0.07890625 0.0203125 0.08046875
2 0.17109375 0.11796875 0.090625 0.2
0 0.215625 0.06171875 0.03984375 0.065625
1 0.0453125 0.703125 0.02421875 0.0984375
0 0.0828125 0.80859375 0.08515625 0.171875
0 0.1203125 0.9484375 0.12578125 0.1
0 0.11953125 0.0734375 0.02890625 0.08203125
0 0.184375 0.01015625 0.053125 0.0203125
0 0.7953125 0.9625 0.1375 0.075
0 0.4109375 0.25078125 0.03203125 0.0875
0 0.38984375 0.17109375 0.03828125 0.0640625
