1 0.5703125 0.79453125 0.03671875 0.171875
1 0.49609375 0.62421875 0.034375 0.14609375
1 0.3390625 0.59453125 0.03203125 0.1640625
0 0.5609375 0.5578125 0.08984375 0.14609375
1 0.175 0.45078125 0.0453125 0.12109375
0 0.1203125 0.95 0.12265625 0.096875
0 0.084375 0.80390625 0.09453125 0.1609375
0 0.3640625 0.39296875 0.07265625 0.125
0 0.4375 0.34453125 0.06953125 0.10859375
1 0.284375 0.2796875 0.02578125 0.1015625
1 0.3390625 0.2859375 0.02578125 0.103125
1 0.309375 0.2296875 0.01953125 0.0875
0 0.3828125 0.20625 0.05703125 0.084375
0 0.2515625 0.14296875 0.053125 0.0890625
0 0.31953125 0.1203125 0.0484375 0.090625
0 0.27734375 0.05234375 0.0453125 0.06796875
0 0.15859375 0.10625 0.04375 0.0765625
0 0.21328125 0.0390625 0.04375 0.06953125
0 0.140625 0.07890625 0.0359375 0.06953125
1 0.3765625 0.3171875 0.03984375 0.08671875
0 0.15703125 0.06171875 0.04140625 0.06328125
0 0.14921875 0.025 0.0484375 0.05
0 0.1859375 0.00859375 0.05234375 0.01640625
1 0.96171875 0.96875 0.0578125 0.0625
