0 0.2953125 0.22578125 0.06640625 0.09296875
0 0.1890625 0.02578125 0.04453125 0.0515625
0 0.21875 0.29609375 0.06328125 0.1
1 0.4765625 0.346875 0.034375 0.109375
1 0.9640625 0.384375 0.065625 0.115625
0 0.40390625 0.50078125 0.08125 0.13203125
1 0.5234375 0.553125 0.03515625 0.146875
1 0.63359375 0.5921875 0.040625 0.1484375
0 0.4609375 0.6046875 0.10078125 0.1375
0 0.50078125 0.71796875 0.078125 0.15
0 0.08671875 0.79140625 0.09375 0.1609375
3 0.60546875 0.8234375 0.1828125 0.3390625
0 0.77265625 0.91171875 0.128125 0.1734375
0 0.1203125 0.946875 0.12890625 0.10390625
0 0.2203125 0.13046875 0.05390625 0.08359375
