2 0.19375 0.16796875 0.103125 0.20859375
0 0.371875 0.2171875 0.06328125 0.084375
0 0.20703125 0.02578125 0.040625 0.0515625
1 0.9 0.3765625 0.0734375 0.125
1 0.39296875 0.42109375 0.0671875 0.1109375
2 0.2921875 0.46484375 0.15703125 0.365625
1 0.634375 0.6765625 0.046875 0.1640625
1 0.446875 0.709375 0.04140625 0.1609375
0 0.08125 0.80625 0.09140625 0.1734375
0 0.55625 0.821875 0.115625 0.190625
0 0.1203125 0.95078125 0.1265625 0.09609375
0 0.15 0.07578125 0.05625 0.07734375
0 0.23125 0.08203125 0.06171875 0.09296875
