0 0.321875 0.14296875 0.04765625 0.0859375
0 0.25078125 0.01875 0.0421875 0.0375
0 0.2734375 0.184375 0.05390625 0.08359375
0 0.23125 0.31953125 0.0609375 0.1
0 0.45625 0.36953125 0.06953125 0.103125
2 0.3359375 0.38828125 0.15859375 0.3234375
0 0.503125 0.46640625 0.0796875 0.128125
1 0.54140625 0.61015625 0.0359375 0.14296875
0 0.28125 0.06875 0.04765625 0.06796875
0 0.646875 0.6984375 0.11484375 0.196875
0 0.515625 0.7046875 0.09375 0.16796875
0 0.140625 0.078125 0.0421875 0.06953125
0 0.084375 0.796875 0.090625 0.1515625
0 0.1203125 0.95 0.12734375 0.096875
0 0.1578125 0.1046875 0.0453125 0.07890625
1 0.17265625 0.0234375 0.0171875 0.046875
0 0.15 0.05234375 0.0359375 0.03984375
0 0.14296875 0.0234375 0.03515625 0.04296875
1 0.36640625 0.25625 0.02578125 0.06171875
