0 0.26328125 0.146875 0.071875 0.140625
0 0.246875 0.015625 0.04296875 0.028125
1 0.3296875 0.20703125 0.0171875 0.071875
0 0.3734375 0.22734375 0.05546875 0.090625
0 0.20625 0.2578125 0.06171875 0.09296875
0 0.3 0.26171875 0.0625 0.090625
0 0.4078125 0.27109375 0.05703125 0.09140625
0 0.45859375 0.34609375 0.0875 0.13359375
0 0.37578125 0.39609375 0.06875 0.10546875
2 0.29140625 0.4359375 0.15 0.325
0 0.43203125 0.5109375 0.0890625 0.13359375
0 0.2890625 0.071875 0.05234375 0.0859375
0 0.08125 0.809375 0.08828125 0.171875
0 0.11875 0.94921875 0.12578125 0.0984375
1 0.565625 0.95546875 0.05703125 0.0859375
2 0.16328125 0.096875 0.0828125 0.18203125
1 0.309375 0.13515625 0.01875 0.06796875
