0 0.28125 0.0578125 0.04609375 0.06796875
0 0.25234375 0.12578125 0.053125 0.0984375
1 0.20859375 0.16875 0.0203125 0.084375
0 0.275 0.18046875 0.05703125 0.078125
0 0.2828125 0.22421875 0.05 0.07890625
0 0.3125 0.26875 0.06171875 0.09296875
1 0.328125 0.1609375 0.0203125 0.0859375
0 0.46875 0.38515625 0.071875 0.1125
0 0.403125 0.47890625 0.08203125 0.125
0 0.6453125 0.70546875 0.10546875 0.1609375
1 0.659375 0.965625 0.0625 0.06640625
0 0.11875 0.946875 0.12578125 0.103125
0 0.08125 0.803125 0.08828125 0.17109375
