0 0.1484375 0.040625 0.04140625 0.0625
1 0.234375 0.05703125 0.0171875 0.071875
0 0.3078125 0.08828125 0.04921875 0.0734375
0 0.22265625 0.1578125 0.046875 0.0765625
0 0.1640625 0.1390625 0.05 0.075
0 0.21875 0.26796875 0.06640625 0.11640625
1 0.22421875 0.340625 0.021875 0.05703125
0 0.21328125 0.41875 0.0421875 0.1015625
0 0.3625 0.1953125 0.06015625 0.0734375
1 0.3203125 0.22578125 0.02109375 0.08203125
0 0.3546875 0.4 0.05546875 0.10859375
0 0.4796875 0.415625 0.0796875 0.1109375
2 0.3140625 0.53515625 0.1609375 0.3765625
0 0.4609375 0.590625 0.08828125 0.134375
1 0.54375 0.78359375 0.040625 0.16640625
0 0.66875 0.721875 0.121875 0.20546875
0 0.11953125 0.94765625 0.1265625 0.1015625
0 0.08203125 0.8046875 0.0875 0.17109375
