0 0.18125 0.140625 0.05625 0.0890625
0 0.33515625 0.153125 0.046875 0.06640625
0 0.2953125 0.2484375 0.053125 0.0859375
0 0.25703125 0.02578125 0.0546875 0.0515625
2 0.23125 0.296875 0.12421875 0.26640625
1 0.4546875 0.30078125 0.025 0.065625
0 0.3296875 0.31484375 0.06484375 0.0984375
0 0.13984375 0.03359375 0.053125 0.06640625
0 0.475 0.4 0.08359375 0.14140625
0 0.190625 0.04140625 0.04140625 0.0609375
1 0.3796875 0.4703125 0.03203125 0.1234375
0 0.07421875 0.471875 0.1390625 0.13046875
0 0.4640625 0.603125 0.0953125 0.165625
0 0.08125 0.80625 0.0890625 0.17109375
0 0.11953125 0.94765625 0.125 0.1015625
