0 0.26171875 0.196875 0.0546875 0.08359375
0 0.1828125 0.203125 0.06015625 0.078125
0 0.2921875 0.23046875 0.06640625 0.09453125
0 0.2015625 0.24296875 0.06171875 0.08359375
0 0.390625 0.246875 0.06953125 0.09453125
0 0.25 0.0265625 0.0453125 0.046875
0 0.4234375 0.31484375 0.0625 0.0984375
0 0.29140625 0.3171875 0.0984375 0.1125
1 0.39765625 0.43671875 0.0359375 0.11796875
0 0.44140625 0.57265625 0.0953125 0.1484375
1 0.63671875 0.634375 0.0359375 0.15390625
1 0.20703125 0.06640625 0.0234375 0.071875
0 0.08515625 0.80546875 0.090625 0.16953125
0 0.121875 0.95078125 0.125 0.09609375
1 0.2671875 0.11484375 0.02265625 0.08203125
