0 0.253125 0.01875 0.046875 0.0375
0 0.2859375 0.21953125 0.05859375 0.096875
1 0.365625 0.253125 0.02734375 0.090625
1 0.25390625 0.303125 0.0265625 0.09140625
0 0.20546875 0.03125 0.040625 0.0625
1 0.15390625 0.0328125 0.0203125 0.065625
0 0.46484375 0.3921875 0.071875 0.1015625
0 0.24609375 0.39921875 0.0765625 0.12109375
0 0.0578125 0.49140625 0.10703125 0.13046875
0 0.55703125 0.4921875 0.121875 0.240625
1 0.4921875 0.5515625 0.034375 0.128125
0 0.4328125 0.590625 0.08984375 0.15546875
1 0.621875 0.73984375 0.04140625 0.1015625
0 0.515625 0.77109375 0.11328125 0.178125
0 0.0828125 0.7953125 0.09765625 0.15703125
3 0.6828125 0.88984375 0.2015625 0.21796875
0 0.8109375 0.91875 0.11015625 0.159375
0 0.121875 0.946875 0.13359375 0.10390625
0 0.23125 0.0984375 0.05703125 0.075
