0 0.08515625 0.79921875 0.0953125 0.165625
0 0.121875 0.95078125 0.128125 0.09609375
2 0.31953125 0.53828125 0.16875 0.38203125
2 0.415625 0.421875 0.16796875 0.33046875
0 0.51640625 0.4296875 0.0546875 0.12109375
0 0.309375 0.25546875 0.0609375 0.103125
0 0.3046875 0.09921875 0.04765625 0.07109375
0 0.1921875 0.11796875 0.0515625 0.078125
0 0.26484375 0.0328125 0.05 0.0625
1 0.8328125 0.39921875 0.0640625 0.12890625
1 0.959375 0.40234375 0.07890625 0.1265625
1 0.246875 0.34140625 0.0390625 0.0890625
