0 0.1765625 0.37734375 0.09140625 0.1390625
0 0.2109375 0.09765625 0.07890625 0.10390625
0 0.35390625 0.278125 0.08671875 0.121875
0 0.265625 0.3 0.10390625 0.1515625
0 0.42421875 0.54453125 0.12109375 0.19140625
1 0.475 0.371875 0.02734375 0.12109375
1 0.61953125 0.5015625 0.0390625 0.125
1 0.45234375 0.30546875 0.025 0.103125
0 0.1296875 0.1453125 0.07734375 0.1265625
0 0.0484375 0.17734375 0.07109375 0.12109375
0 0.8484375 0.8078125 0.1890625 0.18359375
0 0.04453125 0.7125 0.0890625 0.24140625
