0 0.1921875 0.365625 0.11171875 0.2
0 0.2109375 0.259375 0.0859375 0.115625
0 0.32109375 0.24765625 0.0953125 0.1359375
1 0.39453125 0.2375 0.0328125 0.128125
0 0.06875 0.221875 0.08828125 0.1375
0 0.40859375 0.509375 0.1390625 0.1734375
0 0.51328125 0.815625 0.1859375 0.2859375
2 0.6875 0.571875 0.37421875 0.5390625
2 0.0984375 0.0765625 0.1234375 0.153125
0 0.02734375 0.10078125 0.0546875 0.134375
0 0.18515625 0.07734375 0.071875 0.13203125
1 0.225 0.0609375 0.0265625 0.08046875
0 0.78046875 0.9265625 0.1765625 0.146875
