0 0.41953125 0.5265625 0.11953125 0.1765625
0 0.2796875 0.571875 0.128125 0.17109375
0 0.3453125 0.28125 0.08984375 0.13359375
0 0.134375 0.3421875 0.09140625 0.14296875
0 0.47734375 0.87109375 0.1765625 0.2578125
0 0.0453125 0.18359375 0.090625 0.1546875
1 0.44765625 0.3015625 0.0375 0.11640625
1 0.521875 0.36875 0.03515625 0.0984375
1 0.73125 0.58984375 0.040625 0.1265625
1 0.834375 0.69921875 0.04921875 0.12890625
0 0.521875 0.465625 0.1234375 0.1890625
1 0.3890625 0.24375 0.034375 0.1109375
0 0.0796875 0.54609375 0.159375 0.24140625
