0 0.26953125 0.34453125 0.09140625 0.14453125
0 0.31875 0.61953125 0.14296875 0.19296875
0 0.3875 0.496875 0.12421875 0.159375
0 0.5265625 0.675 0.13125 0.190625
0 0.2078125 0.125 0.06953125 0.1125
0 0.17578125 0.41484375 0.09453125 0.15390625
0 0.165625 0.19765625 0.075 0.115625
1 0.51875 0.3765625 0.0359375 0.1140625
1 0.66796875 0.51484375 0.0421875 0.109375
0 0.66875 0.63203125 0.1328125 0.19140625
0 0.04375 0.20703125 0.08671875 0.10546875
0 0.12578125 0.65390625 0.1375 0.23046875
0 0.809375 0.921875 0.1890625 0.15546875
