0 0.2640625 0.54296875 0.12265625 0.16640625
0 0.31875 0.396875 0.11953125 0.15
0 0.1796875 0.22421875 0.08046875 0.11796875
0 0.1265625 0.2890625 0.1015625 0.13359375
0 0.7359375 0.72265625 0.16953125 0.21796875
1 0.684375 0.53515625 0.046875 0.13203125
1 0.90078125 0.7640625 0.0578125 0.171875
0 0.5953125 0.740625 0.20390625 0.278125
1 0.48671875 0.3609375 0.040625 0.1234375
1 0.56640625 0.41796875 0.04609375 0.1328125
0 0.1546875 0.05546875 0.07265625 0.075
0 0.61015625 0.92421875 0.21875 0.1515625
0 0.82109375 0.95234375 0.1671875 0.0953125
