0 0.33359375 0.6203125 0.14140625 0.1890625
0 0.228125 0.13203125 0.07421875 0.09609375
0 0.1578125 0.1921875 0.08203125 0.14296875
0 0.059375 0.2265625 0.0890625 0.14453125
0 0.090625 0.10234375 0.0671875 0.10390625
1 0.74296875 0.60234375 0.0734375 0.14453125
1 0.2625 0.10390625 0.02109375 0.07578125
1 0.30859375 0.15 0.03203125 0.0984375
0 0.36015625 0.46328125 0.11953125 0.17578125
3 0.46015625 0.33828125 0.18203125 0.3484375
1 0.565625 0.41171875 0.03203125 0.1046875
0 0.253125 0.9015625 0.18359375 0.196875
