0 0.240625 0.49453125 0.13515625 0.21796875
0 0.21328125 0.253125 0.08984375 0.14140625
0 0.334375 0.4265625 0.10390625 0.17109375
0 0.059375 0.23359375 0.08984375 0.1390625
1 0.36640625 0.20703125 0.0359375 0.1
1 0.57421875 0.428125 0.0484375 0.12890625
1 0.8625 0.703125 0.05078125 0.14296875
3 0.5453125 0.7890625 0.27109375 0.421875
0 0.3703125 0.31328125 0.10078125 0.1203125
3 0.54375 0.571875 0.20859375 0.2421875
0 0.74296875 0.68359375 0.11875 0.14140625
3 0.85 0.84921875 0.3 0.3015625
0 0.0859375 0.915625 0.171875 0.16796875
0 0.1671875 0.07578125 0.06484375 0.109375
