0 0.2796875 0.19296875 0.0859375 0.12109375
0 0.17109375 0.21171875 0.08046875 0.1125
0 0.43984375 0.559375 0.12109375 0.1765625
0 0.665625 0.62265625 0.1671875 0.1734375
0 0.2671875 0.315625 0.090625 0.1390625
0 0.24453125 0.5015625 0.115625 0.190625
0 0.6703125 0.84296875 0.15390625 0.2359375
3 0.47265625 0.396875 0.13515625 0.2375
0 0.084375 0.259375 0.09765625 0.16640625
0 0.09765625 0.103125 0.0734375 0.109375
0 0.0453125 0.14296875 0.08828125 0.1359375
0 0.503125 0.84453125 0.16796875 0.2890625
