0 0.1078125 0.30078125 0.09140625 0.12890625
0 0.27578125 0.3390625 0.0984375 0.1390625
0 0.2078125 0.25625 0.090625 0.121875
0 0.3171875 0.2390625 0.09296875 0.11640625
0 0.15 0.1828125 0.078125 0.109375
0 0.2734375 0.546875 0.11171875 0.18359375
0 0.5328125 0.503125 0.134375 0.1609375
0 0.4546875 0.58046875 0.14453125 0.24453125
1 0.8734375 0.73125 0.06015625 0.15390625
0 0.5359375 0.89375 0.16875 0.2125
0 0.03125 0.128125 0.0625 0.121875
0 0.0953125 0.0921875 0.08125 0.1125
0 0.75859375 0.89140625 0.2328125 0.21640625
