0 0.2359375 0.2921875 0.0890625 0.14296875
0 0.34375 0.42578125 0.11640625 0.15
0 0.128125 0.128125 0.0703125 0.103125
0 0.0578125 0.18203125 0.08984375 0.14609375
0 0.5140625 0.490625 0.13125 0.1640625
0 0.7796875 0.74453125 0.171875 0.23046875
1 0.64140625 0.48984375 0.046875 0.1375
0 0.42109375 0.7515625 0.15859375 0.225
0 0.48203125 0.6234375 0.1375 0.20390625
1 0.9578125 0.8015625 0.07890625 0.15625
0 0.06484375 0.57734375 0.1265625 0.22109375
0 0.83203125 0.9375 0.165625 0.125
3 0.1984375 0.08359375 0.09765625 0.14140625
