0 0.4109375 0.33828125 0.10625 0.140625
0 0.2078125 0.10390625 0.078125 0.11640625
0 0.2578125 0.540625 0.1140625 0.18203125
0 0.19375 0.25703125 0.08515625 0.125
0 0.1046875 0.109375 0.07265625 0.115625
0 0.2953125 0.378125 0.10390625 0.17109375
0 0.0671875 0.221875 0.08828125 0.14609375
1 0.5265625 0.39921875 0.03828125 0.1234375
1 0.67890625 0.553125 0.05625 0.1625
0 0.603125 0.7578125 0.14765625 0.2234375
3 0.871875 0.75625 0.25625 0.4875
1 0.278125 0.1125 0.0296875 0.09296875
0 0.2328125 0.83515625 0.19375 0.32890625
