0 0.3671875 0.29921875 0.0890625 0.1234375
0 0.2546875 0.18984375 0.08046875 0.10859375
0 0.140625 0.315625 0.09453125 0.1375
0 0.271875 0.33203125 0.09453125 0.1515625
0 0.37890625 0.68828125 0.171875 0.240625
0 0.4734375 0.59296875 0.14296875 0.228125
0 0.64453125 0.596875 0.1375 0.16796875
1 0.50703125 0.371875 0.040625 0.10703125
1 0.2984375 0.1625 0.02421875 0.08828125
1 0.3171875 0.1453125 0.021875 0.08359375
0 0.115625 0.578125 0.17265625 0.2625
0 0.85859375 0.8640625 0.2265625 0.271875
1 0.23046875 0.059375 0.03125 0.08203125
1 0.1890625 0.04921875 0.0296875 0.065625
