0 0.134375 0.33828125 0.09296875 0.1375
0 0.3765625 0.484375 0.12109375 0.1515625
0 0.4640625 0.7875 0.18046875 0.271875
0 0.6703125 0.6609375 0.15546875 0.17890625
0 0.15625 0.1859375 0.07578125 0.11796875
1 0.52109375 0.3671875 0.03125 0.1265625
1 0.4578125 0.32421875 0.0328125 0.10703125
1 0.375 0.21015625 0.0359375 0.065625
1 0.2 0.12734375 0.03515625 0.09296875
0 0.3765625 0.3125 0.11015625 0.16953125
0 0.6671875 0.521875 0.0484375 0.1171875
0 0.0375 0.140625 0.075 0.13203125
0 0.09296875 0.08984375 0.08125 0.134375
0 0.10703125 0.65546875 0.165625 0.228125
