0 0.2125 0.45234375 0.11484375 0.16640625
0 0.3875 0.3359375 0.1046875 0.1390625
0 0.7328125 0.6859375 0.16796875 0.2109375
0 0.21171875 0.24453125 0.09375 0.1390625
0 0.0640625 0.22734375 0.08359375 0.134375
1 0.2453125 0.19375 0.03671875 0.08203125
0 0.4890625 0.63046875 0.14453125 0.196875
0 0.3828125 0.709375 0.1390625 0.20859375
1 0.396875 0.23515625 0.03203125 0.096875
0 0.1828125 0.09140625 0.090625 0.10546875
0 0.0234375 0.1140625 0.04609375 0.0859375
0 0.7890625 0.94296875 0.153125 0.1140625
