0 0.21484375 0.115625 0.0765625 0.09453125
0 0.453125 0.803125 0.15625 0.24453125
0 0.16875 0.2046875 0.08515625 0.140625
0 0.3046875 0.3734375 0.10625 0.1890625
0 0.45859375 0.578125 0.140625 0.190625
0 0.3359375 0.278125 0.09609375 0.140625
0 0.165625 0.3890625 0.1265625 0.1859375
0 0.3109375 0.5796875 0.1203125 0.1875
0 0.09140625 0.278125 0.0890625 0.13203125
0 0.0921875 0.0796875 0.07421875 0.10390625
3 0.0359375 0.121875 0.07109375 0.1375
0 0.77421875 0.9015625 0.1859375 0.196875
0 0.8765625 0.8390625 0.18515625 0.2609375
