0 0.23515625 0.159375 0.08203125 0.11640625
0 0.221875 0.29140625 0.090625 0.1375
0 0.1390625 0.3453125 0.08515625 0.1484375
0 0.4875 0.625 0.12265625 0.18359375
0 0.309375 0.590625 0.12265625 0.1890625
1 0.8921875 0.7484375 0.05078125 0.1390625
1 0.6890625 0.5578125 0.05 0.10703125
0 0.4828125 0.45078125 0.1265625 0.165625
0 0.06015625 0.21171875 0.0953125 0.134375
0 0.759375 0.7171875 0.17109375 0.22109375
0 0.2578125 0.87578125 0.15703125 0.2484375
0 0.74296875 0.89765625 0.1953125 0.20390625
