0 0.25 0.321875 0.09453125 0.128125
0 0.40234375 0.4953125 0.11640625 0.1765625
0 0.2 0.440625 0.11953125 0.19140625
0 0.12421875 0.284375 0.084375 0.1765625
0 0.153125 0.17421875 0.08828125 0.1375
1 0.32578125 0.159375 0.04375 0.115625
0 0.6578125 0.61796875 0.14609375 0.23046875
0 0.03671875 0.17421875 0.0734375 0.190625
0 0.07578125 0.0578125 0.0640625 0.10390625
0 0.19375 0.0984375 0.07890625 0.096875
1 0.221875 0.05078125 0.03046875 0.07109375
0 0.2296875 0.878125 0.19140625 0.24296875
0 0.5671875 0.92421875 0.1765625 0.1515625
0 0.75546875 0.9015625 0.1671875 0.196875
