0 0.265625 0.325 0.09375 0.13359375
0 0.27734375 0.203125 0.090625 0.128125
0 0.4375 0.38046875 0.13203125 0.165625
0 0.4203125 0.534375 0.12578125 0.17109375
0 0.6765625 0.840625 0.159375 0.2390625
3 0.3125 0.56015625 0.15 0.27890625
0 0.1515625 0.18046875 0.08125 0.121875
1 0.3671875 0.20546875 0.028125 0.11953125
1 0.6515625 0.521875 0.04765625 0.165625
0 0.0375 0.153125 0.07421875 0.14609375
0 0.0984375 0.078125 0.08359375 0.128125
0 0.1015625 0.778125 0.1484375 0.23203125
1 0.9625 0.8171875 0.075 0.159375
1 0.475 0.3125 0.03515625 0.10859375
