0 0.3234375 0.61953125 0.12421875 0.19453125
0 0.4125 0.540625 0.13203125 0.159375
0 0.1375 0.31484375 0.096875 0.16640625
0 0.4734375 0.4140625 0.12265625 0.159375
0 0.225 0.30234375 0.09140625 0.159375
0 0.33125 0.309375 0.10703125 0.1234375
1 0.5875 0.43828125 0.05703125 0.11796875
0 0.27109375 0.1703125 0.08046875 0.115625
1 0.40625 0.24765625 0.03984375 0.115625
1 0.27265625 0.09296875 0.025 0.06796875
0 0.0453125 0.76015625 0.090625 0.2796875
0 0.62109375 0.9453125 0.2125 0.109375
0 0.7890625 0.91875 0.15859375 0.1625
0 0.8796875 0.83359375 0.20078125 0.296875
2 0.15625 0.053125 0.13671875 0.10546875
