0 0.7453125 0.72578125 0.153125 0.20859375
0 0.275 0.3359375 0.096875 0.146875
0 0.2421875 0.159375 0.0734375 0.109375
0 0.1109375 0.3 0.08984375 0.1359375
0 0.21875 0.48671875 0.109375 0.16796875
0 0.378125 0.309375 0.10546875 0.1765625
0 0.3765625 0.7265625 0.159375 0.253125
1 0.7609375 0.596875 0.05 0.12890625
1 0.51796875 0.36953125 0.04609375 0.13359375
1 0.4625 0.303125 0.03515625 0.10546875
1 0.2921875 0.12734375 0.02578125 0.09609375
1 0.2515625 0.0875 0.021875 0.0890625
1 0.340625 0.178125 0.03125 0.1
0 0.0375 0.146875 0.07421875 0.15703125
