0 0.246875 0.3140625 0.0984375 0.128125
0 0.3578125 0.4484375 0.1046875 0.153125
0 0.2515625 0.525 0.11796875 0.2
0 0.4890625 0.60390625 0.14375 0.1890625
0 0.6984375 0.684375 0.1625 0.19609375
3 0.38125 0.67109375 0.16015625 0.290625
0 0.465625 0.41328125 0.115625 0.19609375
0 0.0796875 0.24453125 0.09453125 0.146875
0 0.1140625 0.13046875 0.07265625 0.1
1 0.6140625 0.46015625 0.0421875 0.1203125
0 0.79921875 0.9265625 0.2015625 0.146875
0 0.56640625 0.94140625 0.190625 0.11640625
0 0.06328125 0.8875 0.1265625 0.225
0 0.1765625 0.078125 0.07109375 0.096875
0 0.0171875 0.11484375 0.03359375 0.084375
0 0.68046875 0.25546875 0.0828125 0.11640625
