0 0.365625 0.65703125 0.15859375 0.2640625
0 0.4625 0.59765625 0.13046875 0.19296875
0 0.3078125 0.203125 0.0984375 0.171875
0 0.19296875 0.2265625 0.0703125 0.1140625
0 0.190625 0.41171875 0.11015625 0.1515625
0 0.6375 0.59296875 0.15234375 0.19453125
1 0.553125 0.40625 0.05859375 0.1234375
1 0.6140625 0.87109375 0.05546875 0.196875
0 0.065625 0.20390625 0.08203125 0.13359375
0 0.0984375 0.103125 0.09140625 0.1015625
3 0.14765625 0.04296875 0.090625 0.0859375
0 0.0484375 0.4640625 0.09609375 0.20546875
1 0.23671875 0.05703125 0.0359375 0.0890625
0 0.77890625 0.92109375 0.1703125 0.1578125
