0 0.4953125 0.628125 0.128125 0.1984375
0 0.125 0.33359375 0.08515625 0.13359375
0 0.28203125 0.37421875 0.1046875 0.14453125
0 0.5265625 0.9015625 0.1796875 0.19609375
0 0.440625 0.37421875 0.10625 0.1515625
0 0.746875 0.7328125 0.16796875 0.2015625
1 0.8015625 0.646875 0.04765625 0.075
0 0.17109375 0.18828125 0.090625 0.15703125
0 0.0265625 0.140625 0.053125 0.121875
0 0.09453125 0.0921875 0.0796875 0.10703125
3 0.17890625 0.0515625 0.103125 0.103125
0 0.7671875 0.921875 0.18828125 0.15546875
