0 0.2421875 0.4515625 0.11953125 0.225
0 0.28125 0.3609375 0.09765625 0.14609375
0 0.5046875 0.63203125 0.1359375 0.2
0 0.240625 0.1359375 0.06015625 0.109375
1 0.34765625 0.190625 0.0265625 0.09140625
0 0.4046875 0.35078125 0.10859375 0.1484375
0 0.1140625 0.29453125 0.08984375 0.14140625
1 0.61875 0.47734375 0.04453125 0.13203125
0 0.0375 0.14453125 0.07421875 0.128125
1 0.28203125 0.12734375 0.025 0.08515625
2 0.146875 0.1375 0.14609375 0.18828125
0 0.1125 0.61875 0.15625 0.20390625
0 0.64765625 0.92890625 0.18125 0.14140625
2 0.82265625 0.71171875 0.3546875 0.5765625
