0 0.1953125 0.234375 0.09765625 0.14609375
0 0.3875 0.340625 0.09609375 0.13359375
0 0.53984375 0.4921875 0.1234375 0.1640625
0 0.5921875 0.75546875 0.16328125 0.1984375
0 0.3484375 0.609375 0.128125 0.225
0 0.16640625 0.39296875 0.11953125 0.1890625
0 0.36171875 0.45859375 0.13125 0.20546875
1 0.3171875 0.15234375 0.02578125 0.1125
0 0.06796875 0.196875 0.1 0.15859375
1 0.41796875 0.26484375 0.03359375 0.115625
1 0.56796875 0.40546875 0.040625 0.121875
0 0.075 0.08046875 0.0828125 0.08046875
0 0.14140625 0.05 0.06875 0.096875
0 0.03046875 0.72734375 0.0609375 0.16796875
