0 0.303125 0.3734375 0.1078125 0.1375
0 0.2296875 0.28359375 0.09296875 0.12890625
0 0.24296875 0.5109375 0.11796875 0.165625
0 0.1984375 0.115625 0.0765625 0.09453125
1 0.3453125 0.18203125 0.02890625 0.1140625
0 0.09375 0.24375 0.10703125 0.1734375
0 0.1578125 0.18984375 0.08984375 0.12109375
0 0.1015625 0.10390625 0.07421875 0.1
0 0.5703125 0.7015625 0.17890625 0.25859375
0 0.67109375 0.60703125 0.140625 0.196875
0 0.5140625 0.8765625 0.18828125 0.246875
0 0.0359375 0.153125 0.071875 0.12890625
