0 0.39375 0.6671875 0.16328125 0.26953125
0 0.4484375 0.565625 0.115625 0.18046875
0 0.196875 0.42734375 0.09609375 0.165625
1 0.55703125 0.403125 0.03359375 0.11796875
1 0.65546875 0.5015625 0.03515625 0.10859375
1 0.825 0.68515625 0.04921875 0.14296875
0 0.6484375 0.615625 0.13984375 0.1984375
0 0.40078125 0.31328125 0.071875 0.1390625
0 0.0984375 0.24375 0.09296875 0.1453125
2 0.27265625 0.26015625 0.21875 0.371875
0 0.10625 0.09453125 0.06796875 0.1109375
3 0.17109375 0.0609375 0.103125 0.121875
0 0.7640625 0.8953125 0.1953125 0.209375
