0 0.4484375 0.38515625 0.109375 0.1375
0 0.515625 0.63984375 0.1375 0.1890625
0 0.37578125 0.696875 0.14921875 0.2234375
0 0.29375 0.371875 0.10625 0.1515625
0 0.2390625 0.47109375 0.10390625 0.15546875
0 0.18359375 0.2046875 0.08359375 0.15859375
0 0.1875 0.090625 0.06796875 0.090625
0 0.5671875 0.9234375 0.1703125 0.14609375
0 0.11015625 0.28671875 0.1109375 0.15703125
0 0.0390625 0.18359375 0.07734375 0.1109375
3 0.85234375 0.72890625 0.2953125 0.4921875
0 0.76328125 0.9125 0.175 0.175
0 0.084375 0.08046875 0.08671875 0.11953125
