0 0.28046875 0.19921875 0.08203125 0.1109375
0 0.14453125 0.1546875 0.08515625 0.12890625
0 0.28203125 0.54375 0.12265625 0.171875
0 0.609375 0.7546875 0.16953125 0.23203125
1 0.503125 0.35703125 0.04921875 0.14453125
1 0.8578125 0.70859375 0.06484375 0.16640625
0 0.1546875 0.35078125 0.09609375 0.15390625
0 0.04296875 0.18203125 0.0859375 0.121875
0 0.6703125 0.62734375 0.16484375 0.22109375
1 0.3328125 0.16875 0.02421875 0.0984375
0 0.1640625 0.746875 0.15546875 0.240625
1 0.221875 0.046875 0.03125 0.075
