0 0.2921875 0.378125 0.10078125 0.13046875
0 0.2546875 0.51640625 0.12421875 0.2
0 0.25 0.15 0.0828125 0.103125
0 0.15390625 0.334375 0.1109375 0.1765625
0 0.17578125 0.21328125 0.0984375 0.15390625
1 0.37265625 0.21171875 0.0390625 0.1234375
1 0.5234375 0.3796875 0.04296875 0.12890625
0 0.05078125 0.2046875 0.1015625 0.165625
0 0.1765625 0.0890625 0.08046875 0.10546875
0 0.4796875 0.58984375 0.14140625 0.209375
0 0.0921875 0.071875 0.07421875 0.1265625
3 0.01875 0.08828125 0.0375 0.090625
0 0.846875 0.8234375 0.228125 0.3109375
