0 0.1609375 0.37109375 0.09453125 0.15859375
1 0.31875 0.16171875 0.0265625 0.0890625
0 0.31484375 0.3984375 0.1203125 0.1484375
0 0.53984375 0.903125 0.15859375 0.19296875
0 0.4421875 0.3828125 0.12421875 0.19140625
1 0.3890625 0.2390625 0.03046875 0.11953125
0 0.1671875 0.2 0.0796875 0.125
0 0.090625 0.2703125 0.103125 0.12109375
0 0.30234375 0.59765625 0.1453125 0.190625
0 0.68046875 0.8796875 0.1671875 0.240625
0 0.0859375 0.096875 0.07890625 0.09453125
0 0.16875 0.0703125 0.07734375 0.09296875
