0 0.1203125 0.125 0.08125 0.121875
0 0.39375 0.5109375 0.1234375 0.159375
0 0.3953125 0.71875 0.1578125 0.2359375
0 0.2421875 0.165625 0.0765625 0.10859375
0 0.3453125 0.271875 0.09453125 0.1234375
0 0.61640625 0.740625 0.15546875 0.209375
0 0.21640625 0.42734375 0.1125 0.184375
0 0.0859375 0.2625 0.1 0.19453125
0 0.234375 0.2984375 0.11015625 0.15546875
1 0.78125 0.640625 0.0578125 0.15390625
1 0.2546875 0.0796875 0.025 0.084375
0 0.0328125 0.12734375 0.06484375 0.109375
0 0.075 0.85390625 0.15 0.2515625
