0 0.2734375 0.1875 0.08984375 0.12109375
0 0.2671875 0.5546875 0.12890625 0.1859375
1 0.42265625 0.271875 0.0453125 0.12890625
0 0.2875 0.375 0.11484375 0.15859375
0 0.165625 0.21015625 0.0765625 0.134375
0 0.08125 0.24765625 0.08046875 0.14609375
0 0.49453125 0.478125 0.1296875 0.18046875
1 0.31484375 0.1546875 0.0265625 0.0875
0 0.51796875 0.896875 0.1890625 0.20546875
3 0.878125 0.87421875 0.24375 0.2515625
0 0.0453125 0.52421875 0.08984375 0.17890625
0 0.0140625 0.1203125 0.02734375 0.10390625
0 0.15859375 0.0734375 0.078125 0.078125
3 0.83203125 0.725 0.3359375 0.31640625
