0 0.346875 0.428125 0.1171875 0.18359375
0 0.0796875 0.215625 0.0828125 0.11796875
0 0.1890625 0.109375 0.06953125 0.09296875
0 0.28125 0.19609375 0.078125 0.10703125
0 0.1890625 0.2234375 0.0796875 0.11796875
0 0.50546875 0.4390625 0.11875 0.15
0 0.24921875 0.50859375 0.153125 0.2109375
0 0.66484375 0.659375 0.15625 0.20859375
1 0.78828125 0.63515625 0.0609375 0.15703125
3 0.56484375 0.83125 0.2203125 0.3375
1 0.278125 0.1140625 0.02890625 0.07421875
0 0.09765625 0.5921875 0.1296875 0.1984375
0 0.91796875 0.8953125 0.1609375 0.209375
