0 0.315625 0.246875 0.10546875 0.1515625
0 0.19296875 0.2265625 0.08046875 0.11640625
0 0.1953125 0.103125 0.07578125 0.11640625
0 0.321875 0.4140625 0.1125 0.159375
3 0.2171875 0.434375 0.1234375 0.246875
0 0.53125 0.66953125 0.14140625 0.21796875
1 0.5765625 0.43046875 0.04375 0.1140625
1 0.39453125 0.2453125 0.0375 0.1375
1 0.2890625 0.11328125 0.02734375 0.084375
0 0.1 0.109375 0.07734375 0.115625
0 0.01875 0.1125 0.03671875 0.075
0 0.0671875 0.85703125 0.134375 0.2859375
0 0.9234375 0.8953125 0.15234375 0.209375
