0 0.1421875 0.1609375 0.07109375 0.1125
0 0.1515625 0.32890625 0.0984375 0.1609375
0 0.540625 0.68203125 0.1234375 0.18046875
0 0.221875 0.27734375 0.08671875 0.13359375
0 0.34375 0.6765625 0.13515625 0.184375
0 0.228125 0.1421875 0.0734375 0.10390625
0 0.4734375 0.403125 0.12109375 0.15546875
0 0.40625 0.51796875 0.12734375 0.175
0 0.8265625 0.7953125 0.18671875 0.21796875
0 0.02890625 0.13125 0.0578125 0.109375
3 0.1515625 0.04609375 0.09921875 0.09140625
0 0.5328125 0.89765625 0.18984375 0.20390625
0 0.7890625 0.903125 0.21015625 0.19296875
