0 0.2640625 0.540625 0.1171875 0.153125
0 0.18828125 0.0828125 0.0734375 0.0890625
0 0.371875 0.29453125 0.10546875 0.14140625
0 0.1453125 0.3203125 0.08828125 0.15
0 0.121875 0.134375 0.07890625 0.121875
0 0.33203125 0.41171875 0.109375 0.1734375
0 0.4609375 0.596875 0.13046875 0.20546875
1 0.48359375 0.334375 0.0421875 0.128125
1 0.596875 0.4640625 0.04375 0.13359375
1 0.7421875 0.6109375 0.06328125 0.14453125
0 0.5296875 0.875 0.159375 0.25
1 0.2796875 0.1171875 0.02578125 0.09609375
0 0.2375 0.86875 0.19296875 0.2625
0 0.746875 0.8578125 0.2125 0.284375
0 0.89296875 0.83828125 0.2140625 0.28203125
