0 0.2703125 0.17265625 0.07890625 0.10703125
0 0.2140625 0.27265625 0.09140625 0.1265625
0 0.390625 0.31640625 0.1140625 0.19453125
0 0.1578125 0.3734375 0.10234375 0.1515625
0 0.43359375 0.73515625 0.16171875 0.25703125
0 0.396875 0.503125 0.12421875 0.178125
0 0.05859375 0.1734375 0.07578125 0.11796875
0 0.70625 0.66328125 0.1625 0.1984375
1 0.66875 0.51015625 0.04921875 0.109375
0 0.7 0.86796875 0.1671875 0.2484375
0 0.809375 0.33046875 0.10234375 0.1109375
0 0.14375 0.69609375 0.13828125 0.20859375
