0 0.6828125 0.8734375 0.1640625 0.24453125
0 0.33359375 0.27265625 0.0953125 0.125
0 0.18046875 0.40546875 0.10859375 0.1515625
0 0.646875 0.596875 0.15390625 0.184375
1 0.29921875 0.13671875 0.03046875 0.0875
0 0.178125 0.20625 0.09296875 0.140625
1 0.2125 0.15390625 0.03125 0.08046875
0 0.04765625 0.1890625 0.0953125 0.13046875
0 0.409375 0.53203125 0.12734375 0.19453125
0 0.33671875 0.628125 0.1328125 0.1765625
0 0.15625 0.071875 0.0703125 0.065625
0 0.92421875 0.88828125 0.1515625 0.2234375
