0 0.20625 0.109375 0.06875 0.09296875
0 0.2640625 0.33515625 0.09921875 0.13359375
0 0.128125 0.15234375 0.06953125 0.103125
0 0.3734375 0.4734375 0.10703125 0.1609375
0 0.278125 0.55234375 0.11953125 0.18046875
0 0.54453125 0.496875 0.125 0.19453125
0 0.5125 0.63828125 0.13203125 0.20703125
0 0.415625 0.709375 0.175 0.296875
0 0.1125 0.28125 0.12421875 0.1625
0 0.8015625 0.79609375 0.18515625 0.19453125
0 0.83515625 0.68515625 0.04609375 0.1171875
0 0.77578125 0.30546875 0.0984375 0.103125
0 0.021875 0.1390625 0.04375 0.121875
0 0.82890625 0.95625 0.171875 0.0875
