0 0.171875 0.39140625 0.10078125 0.14140625
0 0.453125 0.58671875 0.134375 0.16953125
0 0.5359375 0.86953125 0.1953125 0.2609375
1 0.26875 0.121875 0.02109375 0.078125
0 0.196875 0.240625 0.078125 0.128125
0 0.8109375 0.8 0.1796875 0.184375
0 0.44140625 0.3765625 0.134375 0.18046875
0 0.1375 0.13828125 0.08828125 0.10703125
0 0.0390625 0.16875 0.078125 0.121875
1 0.25703125 0.20625 0.03125 0.0984375
1 0.56328125 0.4296875 0.040625 0.13203125
1 0.64921875 0.49296875 0.040625 0.14453125
1 0.8265625 0.6671875 0.0546875 0.14296875
0 0.1609375 0.053125 0.08515625 0.0875
0 0.059375 0.69609375 0.11875 0.2109375
0 0.02734375 0.41484375 0.0546875 0.19609375
