0 0.31953125 0.25625 0.0890625 0.11640625
0 0.21171875 0.45625 0.12734375 0.2
0 0.1875 0.21640625 0.08984375 0.1375
1 0.2828125 0.125 0.02890625 0.08359375
0 0.296875 0.3703125 0.0953125 0.146875
0 0.0453125 0.2078125 0.08984375 0.13203125
1 0.453125 0.31484375 0.040625 0.1265625
3 0.4875 0.7546875 0.2453125 0.47890625
3 0.77109375 0.8015625 0.31171875 0.396875
3 0.4734375 0.49609375 0.19296875 0.2328125
1 0.64453125 0.48515625 0.04921875 0.1
0 0.64375 0.5828125 0.11796875 0.121875
0 0.14765625 0.059375 0.0765625 0.1
0 0.02734375 0.41640625 0.0546875 0.15859375
