0 0.30703125 0.38046875 0.10078125 0.1375
0 0.51015625 0.46171875 0.14765625 0.16796875
0 0.3265625 0.25703125 0.09921875 0.134375
3 0.3734375 0.6359375 0.16328125 0.328125
0 0.4796875 0.60390625 0.13828125 0.18359375
0 0.18125 0.22734375 0.0890625 0.14296875
0 0.0515625 0.18515625 0.09453125 0.16796875
0 0.11171875 0.11171875 0.0859375 0.1015625
1 0.475 0.32109375 0.04453125 0.10546875
1 0.61015625 0.4734375 0.0421875 0.1359375
1 0.840625 0.69921875 0.07265625 0.1765625
0 0.03515625 0.53671875 0.0703125 0.190625
0 0.7734375 0.89375 0.21484375 0.2125
