0 0.3328125 0.25546875 0.096875 0.146875
0 0.3078125 0.4140625 0.10234375 0.1484375
0 0.18359375 0.41796875 0.08515625 0.175
0 0.19375 0.2265625 0.0859375 0.14453125
0 0.6359375 0.56953125 0.14765625 0.1890625
1 0.5859375 0.43203125 0.03828125 0.1140625
0 0.43984375 0.55859375 0.1296875 0.19453125
0 0.52890625 0.89140625 0.1828125 0.21640625
0 0.79453125 0.9234375 0.1765625 0.153125
0 0.03828125 0.1234375 0.0765625 0.121875
0 0.0953125 0.07578125 0.07578125 0.11796875
0 0.178125 0.0609375 0.078125 0.09453125
