0 0.2203125 0.11796875 0.06875 0.09453125
0 0.2671875 0.3328125 0.1078125 0.1640625
0 0.47421875 0.5953125 0.159375 0.2109375
0 0.09609375 0.27421875 0.090625 0.12890625
0 0.2578125 0.509375 0.1375 0.2359375
0 0.48359375 0.440625 0.121875 0.171875
1 0.4890625 0.33046875 0.0375 0.10546875
1 0.6265625 0.48359375 0.03828125 0.13359375
0 0.6828125 0.83828125 0.17265625 0.265625
0 0.52109375 0.87578125 0.2171875 0.2484375
0 0.0203125 0.12265625 0.040625 0.0890625
0 0.08515625 0.078125 0.0765625 0.1109375
