0 0.5046875 0.63515625 0.15234375 0.20703125
0 0.225 0.4546875 0.11640625 0.1859375
0 0.45 0.7984375 0.17578125 0.225
0 0.19375 0.2375 0.08359375 0.1234375
0 0.3828125 0.32421875 0.10390625 0.134375
0 0.6953125 0.67109375 0.15546875 0.1890625
1 0.5625 0.409375 0.04765625 0.14140625
1 0.378125 0.215625 0.04453125 0.09296875
1 0.2640625 0.10859375 0.03125 0.1140625
1 0.7171875 0.56015625 0.05078125 0.1125
1 0.9640625 0.82265625 0.07109375 0.1484375
3 0.621875 0.19296875 0.12109375 0.1859375
0 0.103125 0.634375 0.15078125 0.2234375
0 0.09375 0.0625 0.08515625 0.121875
