0 0.2640625 0.18046875 0.08359375 0.10859375
0 0.2484375 0.5109375 0.12578125 0.2125
0 0.36328125 0.4609375 0.121875 0.18046875
0 0.6109375 0.584375 0.1515625 0.1765625
0 0.0921875 0.26640625 0.0921875 0.12890625
0 0.184375 0.2421875 0.10390625 0.165625
0 0.0125 0.09453125 0.025 0.09453125
0 0.065625 0.07421875 0.07578125 0.109375
0 0.1546875 0.05859375 0.08828125 0.10859375
0 0.784375 0.92734375 0.19375 0.1453125
0 0.9578125 0.92421875 0.084375 0.1515625
3 0.59375 0.93828125 0.21796875 0.1234375
