0 0.2078125 0.4421875 0.11328125 0.15390625
0 0.46875 0.603125 0.1375 0.18046875
0 0.290625 0.215625 0.08984375 0.109375
0 0.2765625 0.33359375 0.10234375 0.1640625
0 0.3765625 0.70546875 0.15859375 0.20546875
0 0.56953125 0.55546875 0.1359375 0.1640625
0 0.6546875 0.86640625 0.17734375 0.234375
1 0.44140625 0.32421875 0.0375 0.115625
1 0.54296875 0.396875 0.0390625 0.13203125
0 0.03828125 0.17578125 0.0765625 0.1203125
0 0.0703125 0.09296875 0.075 0.10546875
0 0.8375 0.3359375 0.128125 0.11640625
