0 0.31328125 0.40546875 0.1015625 0.1484375
0 0.5125 0.6578125 0.15078125 0.20390625
0 0.50625 0.878125 0.17265625 0.24140625
0 0.3046875 0.6015625 0.125 0.1984375
0 0.1953125 0.0921875 0.07265625 0.09140625
0 0.04140625 0.17421875 0.07734375 0.109375
0 0.15546875 0.2015625 0.07734375 0.1234375
1 0.25390625 0.07578125 0.0234375 0.09296875
0 0.11640625 0.31328125 0.1046875 0.17578125
1 0.29375 0.125 0.03203125 0.1015625
1 0.753125 0.603125 0.0515625 0.1421875
0 0.25 0.83828125 0.184375 0.284375
3 0.9 0.81875 0.2 0.3625
