0 0.15234375 0.371875 0.09375 0.1484375
0 0.51484375 0.64609375 0.140625 0.203125
0 0.32109375 0.63046875 0.1390625 0.19296875
0 0.4140625 0.36171875 0.1046875 0.15703125
1 0.48828125 0.35390625 0.040625 0.11953125
1 0.5609375 0.42109375 0.03984375 0.10859375
1 0.6578125 0.509375 0.03828125 0.10390625
1 0.93203125 0.7953125 0.0796875 0.1875
0 0.05 0.19453125 0.1 0.146875
0 0.61953125 0.57109375 0.14375 0.20390625
0 0.521875 0.9 0.1609375 0.2
0 0.0171875 0.3765625 0.034375 0.209375
0 0.1671875 0.065625 0.06640625 0.09296875
0 0.07890625 0.08046875 0.084375 0.1
