0 0.23125 0.2859375 0.0953125 0.146875
0 0.43125 0.5265625 0.1375 0.19296875
0 0.6703125 0.78984375 0.16328125 0.23203125
0 0.48359375 0.83515625 0.18125 0.28359375
0 0.10390625 0.27578125 0.0953125 0.12890625
0 0.3234375 0.25 0.09609375 0.14140625
1 0.30625 0.14140625 0.034375 0.09140625
1 0.690625 0.52890625 0.05 0.15859375
1 0.7734375 0.6265625 0.05 0.128125
1 0.8953125 0.71328125 0.04765625 0.1125
0 0.04375 0.465625 0.0875 0.1734375
0 0.0171875 0.11171875 0.034375 0.0546875
0 0.1453125 0.04296875 0.06640625 0.0859375
0 0.91328125 0.8640625 0.1734375 0.271875
