0 0.56640625 0.7109375 0.165625 0.22109375
0 0.2890625 0.54609375 0.13203125 0.190625
0 0.2265625 0.28359375 0.08671875 0.1390625
0 0.54375 0.90078125 0.19921875 0.19453125
0 0.4359375 0.3875 0.10546875 0.14140625
1 0.33984375 0.18828125 0.03125 0.1125
1 0.475 0.31875 0.03203125 0.11796875
1 0.68125 0.53125 0.0453125 0.115625
1 0.8765625 0.7296875 0.07578125 0.165625
0 0.78828125 0.7734375 0.171875 0.228125
0 0.0296875 0.12421875 0.05859375 0.115625
0 0.103125 0.09765625 0.09765625 0.1234375
0 0.03125 0.40390625 0.06171875 0.15859375
0 0.17421875 0.73203125 0.1578125 0.2
0 0.12265625 0.92734375 0.1734375 0.1453125
1 0.2171875 0.05625 0.03359375 0.07109375
3 0.696875 0.22890625 0.11484375 0.175
