0 0.2875 0.1984375 0.07890625 0.10546875
0 0.51484375 0.6453125 0.17109375 0.22890625
0 0.31875 0.40234375 0.11953125 0.1890625
0 0.1453125 0.353125 0.096875 0.14453125
0 0.33125 0.60703125 0.15546875 0.2359375
0 0.115625 0.12265625 0.0765625 0.12109375
0 0.04375 0.15703125 0.0875 0.1296875
0 0.6234375 0.59375 0.13984375 0.19609375
1 0.7359375 0.56953125 0.04609375 0.1390625
1 0.95 0.80078125 0.0671875 0.1515625
3 0.0421875 0.84609375 0.084375 0.303125
0 0.15859375 0.065625 0.06875 0.07109375
0 0.71875 0.871875 0.1953125 0.25546875
3 0.6171875 0.95625 0.18828125 0.0875
