3 0.68203125 0.75546875 0.30234375 0.48359375
0 0.275 0.20234375 0.0796875 0.10390625
0 0.1671875 0.18203125 0.0828125 0.14140625
3 0.42734375 0.6796875 0.21328125 0.45390625
0 0.2640625 0.328125 0.090625 0.1390625
0 0.040625 0.18828125 0.08046875 0.11796875
1 0.35625 0.2078125 0.03359375 0.12109375
1 0.4984375 0.34921875 0.0484375 0.134375
1 0.8671875 0.7296875 0.06484375 0.14296875
0 0.1890625 0.4140625 0.1234375 0.18984375
0 0.56015625 0.49609375 0.1109375 0.128125
3 0.4078125 0.425 0.1640625 0.20859375
1 0.21875 0.06171875 0.03359375 0.09609375
0 0.92578125 0.8984375 0.1484375 0.203125
0 0.12890625 0.64921875 0.1421875 0.18203125
