0 0.23125 0.12578125 0.0828125 0.115625
0 0.321875 0.40625 0.10078125 0.15859375
0 0.1296875 0.32578125 0.09140625 0.11640625
0 0.565625 0.50625 0.1453125 0.159375
0 0.22265625 0.26328125 0.0875 0.134375
0 0.55 0.6515625 0.1625 0.246875
1 0.38984375 0.2375 0.03515625 0.084375
0 0.5765625 0.92109375 0.16484375 0.1484375
0 0.28671875 0.55546875 0.10546875 0.175
1 0.3203125 0.16875 0.02265625 0.090625
0 0.05 0.17265625 0.08515625 0.13203125
1 0.5625 0.384375 0.04140625 0.08203125
0 0.871875 0.840625 0.19375 0.275
0 0.8171875 0.94140625 0.1734375 0.11640625
