0 0.4640625 0.56328125 0.14140625 0.22109375
0 0.378125 0.30546875 0.10625 0.13203125
0 0.28125 0.36171875 0.1046875 0.1765625
0 0.3484375 0.6328125 0.128125 0.184375
0 0.20234375 0.44140625 0.13125 0.1875
0 0.6234375 0.60390625 0.1515625 0.1890625
0 0.52421875 0.88359375 0.1671875 0.2328125
0 0.684375 0.8671875 0.17265625 0.265625
3 0.06484375 0.1734375 0.115625 0.21171875
0 0.11484375 0.31328125 0.09296875 0.1328125
0 0.17265625 0.209375 0.08125 0.128125
0 0.20859375 0.13046875 0.0796875 0.115625
