0 0.2390625 0.1484375 0.0828125 0.103125
0 0.3046875 0.38828125 0.09921875 0.15
0 0.6140625 0.765625 0.16484375 0.20703125
0 0.221875 0.2546875 0.08515625 0.1265625
0 0.140625 0.17265625 0.0734375 0.10546875
3 0.771875 0.66171875 0.22578125 0.36640625
0 0.434375 0.546875 0.12109375 0.1734375
0 0.103125 0.259375 0.1015625 0.15546875
0 0.1890625 0.403125 0.11171875 0.19453125
0 0.0203125 0.13046875 0.040625 0.1078125
0 0.075 0.0828125 0.08671875 0.0984375
3 0.159375 0.06796875 0.07890625 0.10859375
3 0.05625 0.703125 0.11171875 0.384375
0 0.6421875 0.95703125 0.16171875 0.0859375
