0 0.3 0.38984375 0.0828125 0.1484375
0 0.21640625 0.440625 0.1140625 0.15546875
0 0.4421875 0.37109375 0.1125 0.14453125
0 0.490625 0.846875 0.1671875 0.2265625
3 0.27734375 0.15859375 0.1359375 0.20546875
0 0.096875 0.24609375 0.08046875 0.13359375
0 0.13828125 0.15546875 0.078125 0.11953125
0 0.790625 0.9078125 0.171875 0.184375
0 0.059375 0.90546875 0.11875 0.1890625
0 0.259375 0.92421875 0.17890625 0.1515625
1 0.2375 0.06328125 0.02734375 0.09609375
0 0.1359375 0.04140625 0.078125 0.0828125
