0 0.2671875 0.328125 0.0984375 0.14453125
0 0.5984375 0.746875 0.18828125 0.246875
0 0.23203125 0.13828125 0.07734375 0.1
0 0.1875 0.23125 0.08046875 0.11953125
0 0.5296875 0.903125 0.17734375 0.190625
0 0.25625 0.51796875 0.11328125 0.19453125
0 0.096875 0.271875 0.0921875 0.1265625
0 0.55 0.51875 0.12265625 0.165625
0 0.3984375 0.50390625 0.1359375 0.225
0 0.1078125 0.121875 0.07578125 0.10859375
0 0.028125 0.12421875 0.05546875 0.15390625
0 0.221875 0.85 0.1859375 0.246875
0 0.896875 0.8640625 0.18359375 0.2640625
1 0.9765625 0.80546875 0.046875 0.1390625
