0 0.4171875 0.34296875 0.10390625 0.1390625
0 0.37734375 0.47734375 0.12109375 0.15703125
0 0.3015625 0.61171875 0.12578125 0.175
0 0.1234375 0.1375 0.06796875 0.11640625
0 0.71796875 0.68671875 0.165625 0.1859375
0 0.51796875 0.6515625 0.121875 0.178125
0 0.140625 0.31796875 0.10390625 0.15859375
0 0.203125 0.240625 0.09609375 0.1359375
0 0.2078125 0.10390625 0.08359375 0.11953125
0 0.47109375 0.86015625 0.1546875 0.2625
0 0.0234375 0.13046875 0.046875 0.1109375
0 0.76875 0.8828125 0.24375 0.234375
