0 0.17109375 0.19921875 0.0921875 0.1390625
0 0.34453125 0.290625 0.08984375 0.134375
0 0.5359375 0.684375 0.15234375 0.184375
0 0.14375 0.35859375 0.11484375 0.1765625
0 0.3109375 0.55078125 0.12265625 0.20859375
1 0.4640625 0.29921875 0.03203125 0.09140625
0 0.32734375 0.41171875 0.11875 0.1875
0 0.48125 0.43828125 0.1265625 0.1734375
1 0.34296875 0.18515625 0.03125 0.1015625
1 0.259375 0.09609375 0.02421875 0.09453125
0 0.0546875 0.17890625 0.09765625 0.15
0 0.80859375 0.9140625 0.1890625 0.171875
0 0.59140625 0.9296875 0.1875 0.140625
