0 0.1375 0.3125 0.084375 0.13359375
0 0.3 0.21484375 0.07421875 0.10703125
0 0.3765625 0.48125 0.1125 0.165625
1 0.39921875 0.27578125 0.02890625 0.1
1 0.49765625 0.36015625 0.0359375 0.125
0 0.23125 0.26171875 0.0953125 0.15703125
0 0.1046875 0.1125 0.0765625 0.13359375
0 0.03125 0.1328125 0.0625 0.12109375
1 0.3640625 0.20234375 0.0296875 0.115625
0 0.740625 0.721875 0.16484375 0.20390625
1 0.86875 0.75078125 0.07109375 0.1625
0 0.6234375 0.94921875 0.165625 0.1015625
0 0.17734375 0.059375 0.0703125 0.09296875
