0 0.3390625 0.421875 0.1046875 0.1609375
0 0.2890625 0.215625 0.08046875 0.12109375
0 0.4203125 0.79609375 0.16015625 0.23203125
0 0.2453125 0.51875 0.11953125 0.15859375
0 0.121875 0.31953125 0.0921875 0.140625
0 0.44609375 0.3734375 0.1109375 0.18359375
1 0.5859375 0.4421875 0.03359375 0.1234375
1 0.65234375 0.51796875 0.04375 0.14140625
1 0.425 0.259375 0.03046875 0.096875
1 0.36328125 0.203125 0.0234375 0.1359375
0 0.040625 0.165625 0.08125 0.15
1 0.30859375 0.146875 0.02890625 0.08046875
1 0.96171875 0.81171875 0.0625 0.1421875
0 0.05859375 0.86953125 0.1171875 0.2609375
0 0.203125 0.7921875 0.22109375 0.2875
0 0.878125 0.86171875 0.19140625 0.2625
