0 0.278125 0.1875 0.08359375 0.10859375
0 0.32109375 0.415625 0.10859375 0.14296875
0 0.29375 0.57578125 0.134375 0.20390625
0 0.19375 0.1015625 0.06796875 0.10859375
0 0.521875 0.63984375 0.14609375 0.20703125
0 0.175 0.35703125 0.11796875 0.1859375
0 0.2 0.23671875 0.09296875 0.159375
0 0.05546875 0.228125 0.109375 0.1625
1 0.47578125 0.33203125 0.04375 0.1390625
1 0.6671875 0.53203125 0.04921875 0.125
0 0.096875 0.08359375 0.08828125 0.125
0 0.025 0.1078125 0.05 0.0875
0 0.9375 0.9015625 0.125 0.196875
