0 0.42265625 0.35234375 0.09921875 0.13203125
0 0.1765625 0.20625 0.0828125 0.11796875
0 0.5453125 0.6828125 0.178125 0.24140625
0 0.2375 0.496875 0.115625 0.16640625
0 0.37421875 0.471875 0.12734375 0.1984375
0 0.23984375 0.16484375 0.07578125 0.103125
0 0.084375 0.2453125 0.08359375 0.14296875
0 0.0828125 0.10234375 0.0640625 0.0984375
1 0.25390625 0.078125 0.025 0.075
0 0.48125 0.80703125 0.1953125 0.278125
0 0.02109375 0.115625 0.0421875 0.065625
0 0.08984375 0.8859375 0.1796875 0.228125
0 0.74609375 0.8953125 0.2046875 0.209375
0 0.90078125 0.86953125 0.1984375 0.2609375
