0 0.54765625 0.68203125 0.178125 0.22890625
0 0.478125 0.4125 0.10625 0.1390625
0 0.2734375 0.553125 0.1234375 0.18046875
0 0.19765625 0.234375 0.0875 0.121875
0 0.55 0.87109375 0.21484375 0.25703125
0 0.3875 0.4859375 0.13203125 0.1984375
0 0.2765625 0.209375 0.07890625 0.10859375
0 0.109375 0.2828125 0.1 0.14609375
0 0.10234375 0.12578125 0.0765625 0.10703125
1 0.31875 0.14609375 0.02421875 0.09453125
0 0.02421875 0.12890625 0.0484375 0.125
0 0.7734375 0.8921875 0.21015625 0.215625
0 0.95234375 0.9328125 0.0953125 0.134375
