0 0.6328125 0.603125 0.13515625 0.184375
0 0.3328125 0.6828125 0.14296875 0.234375
0 0.2234375 0.26328125 0.07890625 0.14296875
0 0.1984375 0.440625 0.11484375 0.15859375
0 0.0984375 0.28203125 0.0921875 0.14453125
0 0.20234375 0.115625 0.06875 0.1109375
0 0.31875 0.23828125 0.1015625 0.15390625
0 0.034375 0.1453125 0.06796875 0.10703125
1 0.41640625 0.26015625 0.0265625 0.10390625
1 0.37109375 0.2109375 0.0296875 0.10859375
1 0.275 0.1109375 0.02421875 0.096875
1 0.60390625 0.46484375 0.0453125 0.12890625
1 0.78125 0.63671875 0.05390625 0.165625
0 0.065625 0.54765625 0.13125 0.2328125
0 0.08359375 0.8703125 0.1671875 0.259375
0 0.89609375 0.86640625 0.2078125 0.26640625
