0 0.27265625 0.52890625 0.109375 0.16640625
0 0.303125 0.20703125 0.09375 0.1140625
0 0.1828125 0.2171875 0.07890625 0.12109375
0 0.478125 0.41953125 0.10546875 0.14140625
0 0.5328125 0.68046875 0.13984375 0.2015625
0 0.3421875 0.4015625 0.11875 0.1765625
1 0.659375 0.6125 0.05546875 0.175
1 0.69921875 0.559375 0.0484375 0.15390625
1 0.940625 0.80390625 0.07421875 0.16640625
0 0.11015625 0.27421875 0.084375 0.15390625
0 0.109375 0.10859375 0.08046875 0.10859375
0 0.0296875 0.12734375 0.05859375 0.12109375
1 0.240625 0.075 0.04453125 0.096875
0 0.26875 0.89765625 0.2265625 0.20390625
