0 0.5015625 0.640625 0.12734375 0.184375
0 0.25703125 0.32734375 0.08984375 0.1359375
0 0.371875 0.478125 0.1203125 0.15546875
0 0.58203125 0.534375 0.13125 0.1625
0 0.15625 0.38515625 0.09375 0.14609375
0 0.1515625 0.17265625 0.07421875 0.11796875
0 0.0375 0.17734375 0.075 0.1265625
1 0.39921875 0.24375 0.0375 0.1234375
1 0.51171875 0.3515625 0.0390625 0.1359375
0 0.2890625 0.58203125 0.1421875 0.228125
0 0.184375 0.078125 0.10234375 0.1125
0 0.75546875 0.88359375 0.2171875 0.2328125
0 0.5984375 0.94140625 0.16796875 0.11640625
