0 0.5328125 0.68828125 0.159375 0.19140625
0 0.390625 0.7171875 0.13828125 0.209375
0 0.396875 0.31328125 0.09140625 0.134375
2 0.23671875 0.13203125 0.17421875 0.19296875
0 0.6921875 0.646875 0.15859375 0.215625
0 0.5 0.49921875 0.12890625 0.16796875
0 0.10625 0.1078125 0.06796875 0.10703125
1 0.3921875 0.215625 0.0359375 0.06796875
1 0.546875 0.396875 0.0421875 0.11796875
1 0.83984375 0.69453125 0.0484375 0.1140625
0 0.03828125 0.1375 0.0765625 0.1203125
0 0.17890625 0.3703125 0.11484375 0.18203125
0 0.315625 0.42109375 0.11015625 0.16015625
0 0.090625 0.921875 0.18125 0.15546875
