0 0.4390625 0.784375 0.15078125 0.246875
0 0.73359375 0.6953125 0.15625 0.190625
0 0.1453125 0.17265625 0.08046875 0.13203125
0 0.271875 0.325 0.10078125 0.184375
0 0.7015625 0.871875 0.1734375 0.2265625
0 0.4125 0.521875 0.13125 0.17890625
0 0.290625 0.215625 0.08359375 0.1109375
0 0.2953125 0.553125 0.11953125 0.1734375
0 0.15390625 0.371875 0.1265625 0.16953125
0 0.08515625 0.26015625 0.1015625 0.14296875
0 0.1828125 0.078125 0.07578125 0.103125
0 0.1015625 0.91875 0.17421875 0.1625
0 0.61171875 0.95234375 0.1671875 0.0953125
