0 0.321875 0.246875 0.08359375 0.1140625
0 0.2203125 0.14609375 0.07734375 0.103125
0 0.10859375 0.2625 0.08671875 0.125
0 0.3078125 0.590625 0.15546875 0.20859375
0 0.4078125 0.503125 0.1328125 0.196875
0 0.228125 0.27734375 0.0890625 0.1265625
0 0.571875 0.515625 0.12890625 0.15859375
1 0.37734375 0.2296875 0.034375 0.109375
0 0.7578125 0.7609375 0.1734375 0.23046875
1 0.2171875 0.0671875 0.02890625 0.090625
1 0.25625 0.0875 0.03515625 0.103125
0 0.059375 0.79765625 0.11875 0.2328125
0 0.3078125 0.88125 0.221875 0.2375
3 0.6578125 0.89296875 0.21171875 0.2140625
