0 0.3359375 0.25859375 0.1 0.121875
0 0.2875 0.5453125 0.1203125 0.1640625
0 0.521875 0.89375 0.1828125 0.2125
0 0.615625 0.73671875 0.178125 0.234375
0 0.23515625 0.296875 0.0921875 0.134375
0 0.1140625 0.303125 0.09453125 0.14609375
1 0.5484375 0.415625 0.0375 0.11796875
1 0.684375 0.55390625 0.046875 0.11640625
1 0.33515625 0.1671875 0.0328125 0.07109375
0 0.55625 0.2015625 0.12265625 0.10859375
0 0.9328125 0.9078125 0.134375 0.184375
0 0.15 0.68984375 0.15859375 0.22109375
0 0.0265625 0.134375 0.053125 0.128125
0 0.08046875 0.0828125 0.071875 0.084375
0 0.1609375 0.05234375 0.06484375 0.08203125
