0 0.55234375 0.690625 0.17734375 0.23203125
0 0.215625 0.259375 0.08984375 0.128125
0 0.31796875 0.25859375 0.0859375 0.1140625
0 0.5421875 0.48203125 0.11875 0.1515625
0 0.315625 0.615625 0.1328125 0.1859375
0 0.39453125 0.50234375 0.1359375 0.21796875
0 0.13125 0.31640625 0.1046875 0.15859375
0 0.12578125 0.14375 0.078125 0.12109375
1 0.396875 0.234375 0.03828125 0.10703125
0 0.0328125 0.140625 0.06484375 0.1265625
0 0.59609375 0.9140625 0.2140625 0.171875
0 0.78671875 0.9046875 0.19375 0.190625
