0 0.1640625 0.35234375 0.10078125 0.16953125
0 0.1640625 0.190625 0.075 0.11796875
0 0.55859375 0.70546875 0.128125 0.1859375
0 0.39296875 0.75625 0.1546875 0.20546875
0 0.259375 0.17890625 0.078125 0.109375
0 0.2484375 0.3125 0.08984375 0.14296875
0 0.43125 0.54140625 0.13046875 0.1640625
0 0.5359375 0.46640625 0.134375 0.171875
0 0.028125 0.13828125 0.05625 0.1296875
3 0.175 0.06484375 0.109375 0.12890625
0 0.5765625 0.946875 0.153125 0.10546875
0 0.8 0.9140625 0.20625 0.171875
0 0.9203125 0.88828125 0.15859375 0.2234375
