0 0.6828125 0.62578125 0.14609375 0.21640625
0 0.153125 0.1734375 0.0765625 0.1125
0 0.5578125 0.89375 0.19453125 0.20703125
0 0.2640625 0.165625 0.08359375 0.1640625
0 0.2796875 0.3703125 0.10234375 0.18046875
0 0.3234375 0.5828125 0.14609375 0.1984375
0 0.0953125 0.2625 0.08359375 0.1390625
1 0.13515625 0.1046875 0.025 0.084375
1 0.6859375 0.5234375 0.06640625 0.1140625
0 0.8390625 0.33359375 0.10546875 0.1390625
0 0.8390625 0.9734375 0.16171875 0.053125
0 0.30078125 0.9328125 0.1765625 0.134375
