0 0.3 0.384375 0.09765625 0.14453125
0 0.4484375 0.578125 0.1359375 0.16953125
0 0.196875 0.10390625 0.07265625 0.1125
0 0.246875 0.5234375 0.109375 0.1640625
0 0.3109375 0.240625 0.08515625 0.121875
0 0.6640625 0.8515625 0.15703125 0.225
0 0.19375 0.2421875 0.0796875 0.12109375
1 0.58515625 0.42421875 0.0453125 0.12109375
0 0.45625 0.82109375 0.1828125 0.25
0 0.09609375 0.28203125 0.09140625 0.1328125
0 0.034375 0.46015625 0.06796875 0.1734375
0 0.090625 0.0875 0.07734375 0.08046875
0 0.021875 0.10703125 0.04375 0.08046875
