0 0.2453125 0.15 0.08359375 0.1234375
0 0.4734375 0.4046875 0.11640625 0.146875
0 0.22890625 0.303125 0.09375 0.13046875
0 0.0953125 0.27109375 0.0765625 0.14296875
0 0.33125 0.65234375 0.12890625 0.2015625
1 0.3546875 0.19921875 0.03515625 0.1125
1 0.65390625 0.53125 0.0515625 0.1265625
0 0.3453125 0.4328125 0.11328125 0.1734375
0 0.66640625 0.840625 0.165625 0.253125
0 0.13125 0.13984375 0.084375 0.13125
1 0.825 0.67578125 0.06171875 0.16015625
0 0.059375 0.54296875 0.11875 0.2328125
0 0.2703125 0.86640625 0.203125 0.26640625
