0 0.25078125 0.3078125 0.109375 0.15546875
0 0.190625 0.103125 0.07421875 0.10703125
0 0.4890625 0.46171875 0.11015625 0.1640625
0 0.684375 0.6515625 0.146875 0.196875
0 0.21484375 0.471875 0.13125 0.20390625
0 0.09609375 0.246875 0.1046875 0.153125
0 0.10234375 0.1171875 0.08125 0.1265625
0 0.4375 0.54921875 0.14296875 0.2265625
0 0.44765625 0.74921875 0.153125 0.26796875
1 0.49375 0.34375 0.03515625 0.0875
1 0.628125 0.48125 0.0421875 0.12890625
1 0.8578125 0.70625 0.04765625 0.15703125
0 0.14609375 0.71328125 0.1640625 0.22890625
0 0.02421875 0.1234375 0.0484375 0.078125
0 0.7140625 0.8875 0.21640625 0.225
