0 0.371875 0.471875 0.109375 0.159375
3 0.321875 0.23046875 0.1046875 0.1984375
0 0.44375 0.3875 0.1171875 0.1375
0 0.18671875 0.090625 0.0734375 0.09296875
0 0.1515625 0.18828125 0.078125 0.109375
0 0.234375 0.27265625 0.0921875 0.15390625
0 0.1796875 0.39453125 0.11328125 0.18359375
0 0.3421875 0.63203125 0.13671875 0.221875
0 0.55625 0.70234375 0.146875 0.21796875
0 0.0484375 0.196875 0.096875 0.1515625
0 0.09375 0.0953125 0.07578125 0.109375
0 0.0296875 0.10625 0.059375 0.1
0 0.7984375 0.9484375 0.17109375 0.103125
