0 0.1890625 0.09375 0.075 0.09453125
0 0.175 0.390625 0.0984375 0.16640625
0 0.1875 0.234375 0.07265625 0.11953125
0 0.5109375 0.453125 0.14296875 0.20546875
0 0.32890625 0.640625 0.140625 0.221875
0 0.35625 0.44921875 0.13515625 0.16796875
0 0.109375 0.2953125 0.090625 0.1375
0 0.10390625 0.1171875 0.0734375 0.115625
1 0.4109375 0.26328125 0.03671875 0.1265625
0 0.025 0.11640625 0.04921875 0.103125
0 0.0875 0.92421875 0.175 0.1515625
0 0.58828125 0.93671875 0.1734375 0.1265625
0 0.7375 0.90546875 0.1859375 0.1890625
