0 0.359375 0.65234375 0.15 0.21640625
0 0.63125 0.79296875 0.17421875 0.2375
0 0.259375 0.32734375 0.0921875 0.14453125
0 0.04375 0.15703125 0.0703125 0.10859375
0 0.49765625 0.45390625 0.121875 0.153125
1 0.428125 0.29140625 0.04296875 0.11953125
1 0.5828125 0.4296875 0.03515625 0.140625
1 0.82421875 0.67421875 0.0609375 0.165625
0 0.13984375 0.13515625 0.0921875 0.13203125
0 0.8953125 0.88359375 0.19296875 0.2328125
3 0.7703125 0.271875 0.13828125 0.19296875
0 0.05078125 0.47734375 0.1015625 0.1765625
0 0.0515625 0.73984375 0.103125 0.2984375
0 0.2203125 0.92265625 0.134375 0.15390625
0 0.6171875 0.96015625 0.15859375 0.07890625
0 0.184375 0.0625 0.05859375 0.1
1 0.22265625 0.065625 0.0203125 0.075
1 0.265625 0.11328125 0.02734375 0.090625
