0 0.1015625 0.2546875 0.078125 0.12109375
0 0.334375 0.42578125 0.1046875 0.159375
0 0.2546875 0.1609375 0.07109375 0.1
0 0.196875 0.21328125 0.0890625 0.1375
0 0.54375 0.8890625 0.1921875 0.21953125
1 0.40390625 0.26484375 0.0359375 0.11796875
1 0.334375 0.1953125 0.03359375 0.09296875
0 0.64453125 0.6109375 0.1515625 0.18046875
1 0.8609375 0.709375 0.05390625 0.15703125
1 0.690625 0.55 0.053125 0.121875
3 0.9328125 0.36875 0.134375 0.2234375
0 0.04609375 0.50625 0.0921875 0.1734375
0 0.08359375 0.078125 0.0703125 0.1015625
0 0.771875 0.91171875 0.18359375 0.1765625
