0 0.3171875 0.240625 0.09609375 0.13046875
0 0.334375 0.4375 0.11015625 0.165625
0 0.3109375 0.61953125 0.1421875 0.19296875
0 0.1828125 0.096875 0.06640625 0.096875
1 0.40078125 0.246875 0.040625 0.1140625
1 0.584375 0.4390625 0.04453125 0.11953125
0 0.20078125 0.25390625 0.0796875 0.125
0 0.0984375 0.278125 0.09921875 0.14140625
0 0.58125 0.56796875 0.13515625 0.171875
0 0.07734375 0.078125 0.0796875 0.12109375
0 0.025 0.134375 0.05 0.128125
0 0.584375 0.9328125 0.20234375 0.134375
3 0.89453125 0.79609375 0.2109375 0.25
3 0.9265625 0.915625 0.146875 0.16796875
