0 0.2125 0.11015625 0.06640625 0.09453125
0 0.246875 0.29765625 0.09921875 0.153125
3 0.3703125 0.6265625 0.1671875 0.346875
0 0.3953125 0.31953125 0.096875 0.13046875
0 0.15625 0.3671875 0.12265625 0.18203125
0 0.5140625 0.50078125 0.125 0.17890625
0 0.7390625 0.715625 0.17734375 0.20390625
1 0.72265625 0.565625 0.053125 0.1
0 0.1234375 0.13046875 0.07421875 0.11640625
0 0.03515625 0.14375 0.0703125 0.11796875
1 0.4265625 0.2515625 0.03203125 0.09296875
0 0.72109375 0.89453125 0.1828125 0.2109375
0 0.0359375 0.71171875 0.07109375 0.2875
