0 0.3390625 0.41796875 0.1078125 0.14453125
0 0.1671875 0.2 0.07421875 0.115625
0 0.215625 0.44921875 0.115625 0.19140625
0 0.4921875 0.84296875 0.1984375 0.309375
0 0.365625 0.29921875 0.09921875 0.14609375
0 0.0890625 0.246875 0.0796875 0.12890625
0 0.4828125 0.59140625 0.15078125 0.19453125
0 0.79921875 0.74765625 0.1671875 0.20390625
0 0.028125 0.09609375 0.05546875 0.09140625
2 0.165625 0.0671875 0.13515625 0.134375
1 0.2484375 0.07734375 0.03359375 0.1125
0 0.73125 0.89765625 0.18125 0.20390625
