0 0.40625 0.7171875 0.16171875 0.22109375
0 0.18984375 0.096875 0.075 0.103125
0 0.50546875 0.4453125 0.1171875 0.1640625
0 0.65625 0.8234375 0.18203125 0.2515625
0 0.221875 0.44921875 0.11875 0.165625
1 0.3703125 0.21796875 0.0296875 0.11953125
0 0.2 0.2484375 0.090625 0.1359375
0 0.046875 0.18046875 0.0828125 0.13359375
1 0.56328125 0.4015625 0.0328125 0.1015625
0 0.096875 0.09453125 0.07734375 0.10546875
0 0.0203125 0.35234375 0.03984375 0.1484375
0 0.9 0.88046875 0.19921875 0.2390625
1 0.89921875 0.75390625 0.0734375 0.0890625
0 0.6578125 0.23671875 0.08046875 0.10703125
