0 0.271875 0.33828125 0.10234375 0.14140625
0 0.196875 0.2453125 0.0796875 0.1265625
0 0.265625 0.1828125 0.08203125 0.10859375
0 0.625 0.778125 0.19453125 0.26640625
0 0.11875 0.13984375 0.0734375 0.10546875
0 0.4015625 0.50390625 0.13125 0.2
0 0.1171875 0.309375 0.08359375 0.159375
0 0.63046875 0.6109375 0.1265625 0.19140625
0 0.29453125 0.57421875 0.11875 0.19296875
0 0.02890625 0.146875 0.0578125 0.12890625
0 0.05859375 0.5328125 0.1171875 0.2234375
0 0.5828125 0.934375 0.171875 0.13046875
0 0.9609375 0.915625 0.078125 0.16796875
0 0.14375 0.0390625 0.06796875 0.078125
