0 0.6328125 0.778125 0.17578125 0.2515625
0 0.3046875 0.621875 0.13984375 0.19296875
3 0.23984375 0.24609375 0.19296875 0.3359375
0 0.571875 0.55546875 0.1390625 0.18203125
0 0.1015625 0.296875 0.0984375 0.1484375
1 0.484375 0.334375 0.04296875 0.11953125
1 0.5734375 0.40390625 0.04609375 0.11953125
0 0.36796875 0.28359375 0.0859375 0.121875
1 0.9484375 0.825 0.078125 0.14375
0 0.02421875 0.1375 0.0484375 0.13359375
0 0.03671875 0.42734375 0.0734375 0.14296875
3 0.175 0.059375 0.0875 0.10859375
