0 0.5640625 0.721875 0.13984375 0.19609375
0 0.403125 0.51796875 0.12734375 0.165625
0 0.2375 0.15390625 0.075 0.10390625
0 0.2796875 0.359375 0.09296875 0.14609375
0 0.35625 0.67109375 0.153125 0.203125
0 0.196875 0.44765625 0.09921875 0.15859375
0 0.1765625 0.2109375 0.08984375 0.11953125
1 0.31953125 0.15546875 0.034375 0.0890625
1 0.66328125 0.52421875 0.04375 0.11796875
0 0.7703125 0.734375 0.16171875 0.228125
0 0.06328125 0.22890625 0.08671875 0.125
1 0.86171875 0.7109375 0.05703125 0.14375
0 0.1484375 0.07109375 0.07421875 0.08359375
0 0.0234375 0.39921875 0.046875 0.165625
