0 0.2921875 0.3609375 0.10546875 0.1375
0 0.2234375 0.2703125 0.09453125 0.14140625
0 0.2109375 0.46015625 0.1109375 0.1515625
0 0.5421875 0.678125 0.17265625 0.25390625
0 0.5765625 0.515625 0.13828125 0.18359375
0 0.46171875 0.8328125 0.1578125 0.234375
0 0.0640625 0.20390625 0.11015625 0.178125
0 0.09921875 0.10703125 0.0796875 0.10859375
0 0.153125 0.18671875 0.0796875 0.1109375
1 0.2515625 0.075 0.02421875 0.08828125
0 0.171875 0.08828125 0.0734375 0.09296875
0 0.94375 0.92578125 0.1125 0.1484375
0 0.85390625 0.97890625 0.159375 0.04140625
0 0.0234375 0.12578125 0.046875 0.1265625
