0 0.2546875 0.1828125 0.0796875 0.096875
0 0.3234375 0.4140625 0.1015625 0.1484375
0 0.396875 0.34296875 0.0921875 0.140625
0 0.5296875 0.678125 0.15390625 0.19140625
0 0.1359375 0.35078125 0.09140625 0.14453125
0 0.21640625 0.26328125 0.0828125 0.12890625
0 0.315625 0.63203125 0.12890625 0.1859375
1 0.31953125 0.15546875 0.03125 0.103125
0 0.03203125 0.1515625 0.0640625 0.128125
0 0.09921875 0.09453125 0.0703125 0.11953125
0 0.1671875 0.059375 0.07578125 0.1015625
0 0.584375 0.93203125 0.19296875 0.1359375
0 0.7890625 0.95703125 0.14921875 0.0859375
