0 0.6203125 0.5734375 0.13671875 0.16953125
0 0.4234375 0.7609375 0.14921875 0.2359375
0 0.36875 0.46875 0.12109375 0.16796875
0 0.63515625 0.7875 0.1609375 0.209375
0 0.2515625 0.16875 0.07578125 0.10390625
0 0.240625 0.28671875 0.0953125 0.16796875
0 0.278125 0.534375 0.1109375 0.18203125
0 0.1453125 0.3453125 0.1078125 0.159375
0 0.1296875 0.14375 0.08984375 0.1484375
0 0.0609375 0.23828125 0.06640625 0.12109375
0 0.165625 0.046875 0.09453125 0.09296875
0 0.59453125 0.93984375 0.1734375 0.1203125
