0 0.37890625 0.45703125 0.1234375 0.19453125
0 0.2875 0.19921875 0.090625 0.10546875
0 0.56171875 0.70625 0.15859375 0.21796875
0 0.484375 0.8515625 0.16015625 0.25
0 0.2234375 0.27890625 0.09140625 0.15546875
0 0.32734375 0.60078125 0.12421875 0.1734375
0 0.190625 0.4328125 0.1203125 0.1984375
0 0.1046875 0.29921875 0.09609375 0.1484375
0 0.1328125 0.153125 0.08671875 0.12109375
0 0.4546875 0.4125 0.11640625 0.146875
3 0.04765625 0.1546875 0.0953125 0.234375
0 0.1515625 0.0703125 0.07578125 0.084375
