0 0.61015625 0.78046875 0.1484375 0.209375
0 0.42109375 0.54140625 0.12890625 0.165625
0 0.2890625 0.37109375 0.0953125 0.14453125
0 0.21953125 0.48203125 0.10546875 0.15859375
0 0.4015625 0.740625 0.16328125 0.215625
0 0.27265625 0.19453125 0.0796875 0.1125
1 0.4328125 0.28515625 0.03828125 0.1125
0 0.075 0.265625 0.0875 0.146875
0 0.1859375 0.228125 0.0828125 0.13046875
1 0.86171875 0.70234375 0.0546875 0.1265625
0 0.1703125 0.08671875 0.07109375 0.08671875
0 0.14375 0.70859375 0.14453125 0.18359375
0 0.0578125 0.85703125 0.1109375 0.23046875
3 0.08125 0.81796875 0.1625 0.3640625
0 0.89453125 0.85546875 0.203125 0.253125
