0 0.271875 0.1875 0.08671875 0.10859375
0 0.6453125 0.80625 0.1703125 0.21640625
0 0.31484375 0.40625 0.10234375 0.15859375
0 0.22265625 0.25390625 0.0828125 0.13203125
0 0.4515625 0.5703125 0.1265625 0.184375
0 0.2109375 0.43125 0.10859375 0.19296875
0 0.1140625 0.28984375 0.109375 0.15703125
0 0.14765625 0.178125 0.09375 0.11953125
3 0.19375 0.10703125 0.0765625 0.11640625
3 0.86796875 0.78828125 0.2640625 0.4171875
0 0.03046875 0.13359375 0.0609375 0.11953125
0 0.0828125 0.08828125 0.0859375 0.1015625
