0 0.4453125 0.77421875 0.17265625 0.24453125
0 0.69921875 0.87265625 0.18203125 0.2484375
0 0.29453125 0.375 0.0984375 0.1515625
0 0.0703125 0.2046875 0.07265625 0.1140625
0 0.16640625 0.1734375 0.084375 0.128125
1 0.328125 0.17421875 0.0265625 0.09609375
0 0.565625 0.52890625 0.1375 0.171875
1 0.70703125 0.565625 0.053125 0.14296875
1 0.54609375 0.40234375 0.053125 0.09609375
1 0.26875 0.11875 0.03046875 0.0875
0 0.2125 0.1078125 0.06953125 0.115625
3 0.8546875 0.31953125 0.1546875 0.21953125
0 0.12578125 0.71015625 0.146875 0.2375
0 0.9421875 0.921875 0.11484375 0.15546875
