0 0.57734375 0.521875 0.12734375 0.165625
0 0.5484375 0.778125 0.17265625 0.2515625
0 0.159375 0.153125 0.08203125 0.109375
0 0.2046875 0.44765625 0.11796875 0.190625
1 0.3109375 0.15859375 0.02890625 0.10546875
1 0.259375 0.10078125 0.02578125 0.0984375
0 0.321875 0.34765625 0.10546875 0.16796875
0 0.36171875 0.6828125 0.1453125 0.24296875
0 0.43828125 0.33046875 0.121875 0.16015625
0 0.065625 0.7828125 0.125 0.21796875
0 0.2515625 0.8828125 0.165625 0.234375
0 0.7875 0.89765625 0.175 0.20390625
1 0.22265625 0.05078125 0.028125 0.07109375
