0 0.21953125 0.290625 0.0921875 0.125
0 0.3765625 0.29609375 0.1046875 0.153125
0 0.2296875 0.47734375 0.10546875 0.1734375
0 0.4359375 0.76640625 0.184375 0.29453125
0 0.6421875 0.6171875 0.13671875 0.190625
1 0.35 0.17890625 0.03125 0.08046875
0 0.4359375 0.55078125 0.11953125 0.1765625
1 0.71796875 0.56875 0.028125 0.115625
0 0.0609375 0.19375 0.09375 0.15390625
0 0.1703125 0.059375 0.08515625 0.0984375
0 0.0765625 0.0890625 0.0765625 0.08046875
0 0.05625 0.8828125 0.1125 0.234375
0 0.9046875 0.88828125 0.18984375 0.2234375
