0 0.26875 0.35078125 0.09609375 0.1359375
0 0.2171875 0.115625 0.08125 0.10390625
0 0.74765625 0.71015625 0.17109375 0.2265625
0 0.221875 0.46640625 0.11875 0.190625
0 0.434375 0.5375 0.14453125 0.19453125
1 0.409375 0.2625 0.04453125 0.11640625
1 0.2875 0.1140625 0.03046875 0.10859375
0 0.146875 0.30078125 0.09765625 0.15703125
0 0.1578125 0.18828125 0.09765625 0.14296875
0 0.0390625 0.18046875 0.078125 0.1515625
0 0.078125 0.06015625 0.071875 0.1203125
0 0.15625 0.05390625 0.06640625 0.1
0 0.059375 0.54765625 0.11875 0.1984375
