3 0.5890625 0.66796875 0.24921875 0.434375
0 0.4875 0.421875 0.10546875 0.134375
0 0.1484375 0.15390625 0.08203125 0.13359375
0 0.2390625 0.1578125 0.0796875 0.115625
0 0.2375 0.2890625 0.08984375 0.1359375
3 0.384375 0.615625 0.21171875 0.43046875
0 0.8078125 0.771875 0.17109375 0.240625
1 0.3828125 0.22265625 0.0390625 0.11796875
1 0.278125 0.1203125 0.02890625 0.09296875
0 0.0375 0.17734375 0.075 0.1328125
0 0.175 0.38671875 0.1203125 0.18203125
1 0.66328125 0.5109375 0.05234375 0.1046875
3 0.365625 0.37578125 0.1546875 0.20546875
0 0.3109375 0.94375 0.14453125 0.1125
