0 0.21015625 0.10703125 0.0796875 0.13359375
0 0.4125 0.6859375 0.15078125 0.234375
0 0.3953125 0.334375 0.10703125 0.1375
0 0.20859375 0.26171875 0.0921875 0.1484375
0 0.17734375 0.37265625 0.1140625 0.17109375
0 0.38203125 0.46640625 0.1234375 0.171875
0 0.709375 0.68671875 0.15078125 0.2015625
0 0.10625 0.115625 0.08203125 0.10546875
0 0.03359375 0.13828125 0.0671875 0.15703125
0 0.1125 0.665625 0.14609375 0.2125
0 0.9234375 0.91796875 0.15234375 0.1640625
0 0.4359375 0.1921875 0.07890625 0.084375
