0 0.35625 0.4453125 0.13828125 0.1765625
0 0.7078125 0.69765625 0.1484375 0.20546875
0 0.3140625 0.62578125 0.14921875 0.24296875
0 0.2875 0.221875 0.08515625 0.128125
0 0.15390625 0.18359375 0.0859375 0.1359375
0 0.15 0.334375 0.109375 0.16796875
0 0.03359375 0.1671875 0.0671875 0.1234375
1 0.3703125 0.209375 0.03203125 0.115625
1 0.2734375 0.103125 0.034375 0.10703125
0 0.5609375 0.70390625 0.1734375 0.25546875
1 0.9140625 0.765625 0.0609375 0.16640625
0 0.2078125 0.79375 0.17421875 0.240625
0 0.609375 0.92578125 0.1765625 0.1484375
0 0.82421875 0.97109375 0.1765625 0.0578125
0 0.93828125 0.91484375 0.1234375 0.1703125
