0 0.246875 0.30078125 0.08828125 0.1265625
0 0.675 0.59453125 0.17265625 0.253125
0 0.38515625 0.490625 0.09921875 0.15546875
3 0.3140625 0.17890625 0.1421875 0.29453125
0 0.10625 0.26328125 0.09609375 0.13203125
0 0.12421875 0.14921875 0.096875 0.1234375
0 0.215625 0.4453125 0.10390625 0.159375
0 0.371875 0.68515625 0.13984375 0.22109375
0 0.01953125 0.09609375 0.0390625 0.103125
0 0.1734375 0.065625 0.08828125 0.1109375
0 0.60703125 0.9203125 0.2015625 0.159375
0 0.784375 0.92578125 0.15703125 0.1484375
