0 0.24375 0.3078125 0.0875 0.1375
0 0.3390625 0.42578125 0.115625 0.15859375
0 0.3140625 0.61875 0.134375 0.1875
0 0.1609375 0.1953125 0.0828125 0.1125
0 0.2640625 0.1921875 0.08671875 0.10546875
0 0.096875 0.10546875 0.06484375 0.1
0 0.13828125 0.3140625 0.1046875 0.1859375
0 0.1859375 0.0890625 0.08203125 0.13046875
1 0.603125 0.45390625 0.04765625 0.128125
0 0.62578125 0.784375 0.1890625 0.3
0 0.05703125 0.20859375 0.08359375 0.1203125
0 0.9 0.86484375 0.19765625 0.24609375
0 0.584375 0.94140625 0.18203125 0.11640625
