0 0.284375 0.3546875 0.1046875 0.14140625
0 0.15625 0.1921875 0.0796875 0.1140625
0 0.09296875 0.23671875 0.08046875 0.11640625
0 0.61640625 0.5953125 0.15859375 0.190625
0 0.51796875 0.8640625 0.1953125 0.271875
1 0.715625 0.57578125 0.0515625 0.13203125
1 0.56484375 0.42421875 0.046875 0.134375
1 0.45703125 0.30546875 0.03515625 0.10859375
1 0.4 0.27265625 0.03828125 0.10859375
0 0.21875 0.4671875 0.134375 0.1984375
0 0.54375 0.67109375 0.20234375 0.2890625
0 0.76484375 0.890625 0.215625 0.21796875
