0 0.34375 0.6484375 0.12734375 0.196875
0 0.44609375 0.5828125 0.1390625 0.16796875
0 0.309375 0.215625 0.0796875 0.10859375
0 0.2515625 0.334375 0.09140625 0.1359375
0 0.38125 0.36484375 0.10703125 0.140625
1 0.51640625 0.36484375 0.05 0.1125
1 0.34296875 0.18359375 0.02734375 0.0875
1 0.7453125 0.596875 0.065625 0.1375
0 0.5328125 0.490625 0.13984375 0.178125
0 0.14921875 0.33125 0.10859375 0.17734375
2 0.1765625 0.08203125 0.1578125 0.1640625
0 0.0296875 0.11171875 0.059375 0.0890625
0 0.93671875 0.903125 0.1265625 0.190625
