0 0.41875 0.74140625 0.1625 0.2125
0 0.2671875 0.17421875 0.08515625 0.10546875
3 0.5421875 0.41953125 0.2 0.37109375
1 0.32890625 0.18828125 0.028125 0.1015625
1 0.3796875 0.221875 0.0421875 0.103125
0 0.4125 0.525 0.1265625 0.2
1 0.92109375 0.75390625 0.071875 0.153125
0 0.1078125 0.13828125 0.078125 0.121875
0 0.09296875 0.28359375 0.090625 0.1421875
0 0.18828125 0.225 0.08671875 0.1328125
1 0.2703125 0.09453125 0.02265625 0.06953125
1 0.69453125 0.540625 0.04921875 0.1375
0 0.08125 0.57578125 0.14296875 0.23203125
