0 0.571875 0.5015625 0.1203125 0.159375
0 0.190625 0.2265625 0.08203125 0.121875
0 0.24453125 0.46484375 0.11796875 0.2
0 0.07734375 0.1921875 0.09140625 0.153125
2 0.3453125 0.20546875 0.21640625 0.34453125
0 0.43203125 0.56328125 0.1359375 0.184375
0 0.74375 0.75859375 0.17578125 0.21953125
0 0.509375 0.88046875 0.17109375 0.2390625
0 0.7046875 0.884375 0.2046875 0.23046875
1 0.8265625 0.67109375 0.034375 0.103125
1 0.575 0.40390625 0.0453125 0.1125
0 0.0578125 0.92734375 0.115625 0.1453125
0 0.95546875 0.92421875 0.0890625 0.1515625
