0 0.3515625 0.46875 0.1203125 0.15546875
0 0.365625 0.290625 0.10078125 0.14140625
0 0.2921875 0.571875 0.11796875 0.184375
3 0.2078125 0.0953125 0.0640625 0.1
0 0.171875 0.225 0.0796875 0.12109375
0 0.2078125 0.09609375 0.0640625 0.1
0 0.24296875 0.20625 0.103125 0.134375
0 0.11796875 0.28828125 0.1015625 0.18203125
0 0.696875 0.6421875 0.16484375 0.22109375
0 0.67265625 0.8375 0.1703125 0.23046875
1 0.36875 0.2015625 0.0328125 0.096875
0 0.56484375 0.87734375 0.2234375 0.2453125
1 0.2609375 0.0875 0.03984375 0.10859375
