0 0.24453125 0.3109375 0.0890625 0.134375
0 0.4828125 0.615625 0.121875 0.18359375
0 0.359375 0.459375 0.1140625 0.153125
0 0.26484375 0.53671875 0.12890625 0.175
0 0.5046875 0.45546875 0.1125 0.15
0 0.1390625 0.3578125 0.08671875 0.1390625
1 0.3953125 0.2328125 0.02578125 0.1015625
0 0.1359375 0.15859375 0.0828125 0.1140625
1 0.309375 0.14140625 0.03125 0.096875
0 0.6953125 0.85546875 0.17890625 0.2453125
0 0.54375 0.90234375 0.1875 0.1953125
0 0.16171875 0.0671875 0.0859375 0.084375
0 0.0328125 0.15078125 0.06484375 0.1265625
0 0.1109375 0.92421875 0.18671875 0.1515625
