0 0.4078125 0.34140625 0.115625 0.1390625
0 0.2921875 0.375 0.1015625 0.14609375
0 0.1453125 0.353125 0.0921875 0.146875
0 0.10625 0.11171875 0.07265625 0.09609375
0 0.3421875 0.62734375 0.13125 0.1734375
0 0.1875 0.090625 0.08125 0.115625
0 0.0390625 0.16796875 0.07734375 0.11640625
1 0.440625 0.284375 0.03203125 0.07890625
1 0.696875 0.575 0.05546875 0.15
1 0.86875 0.734375 0.06875 0.16015625
0 0.66015625 0.2390625 0.1125 0.128125
0 0.753125 0.878125 0.21640625 0.24296875
0 0.590625 0.95 0.1578125 0.1
0 0.03125 0.40703125 0.0625 0.1703125
