0 0.321875 0.625 0.1390625 0.203125
0 0.14765625 0.1875 0.07421875 0.12109375
0 0.35234375 0.43046875 0.11484375 0.17109375
0 0.5921875 0.5609375 0.14609375 0.1640625
1 0.38828125 0.378125 0.0296875 0.1125
0 0.1359375 0.3328125 0.09921875 0.1515625
1 0.33359375 0.16796875 0.0328125 0.078125
1 0.878125 0.7359375 0.06328125 0.1484375
0 0.04921875 0.20078125 0.0765625 0.1265625
0 0.28828125 0.2125 0.096875 0.14375
0 0.18125 0.08984375 0.08046875 0.08984375
0 0.58671875 0.9140625 0.1984375 0.171875
0 0.7703125 0.9140625 0.18359375 0.171875
