0 0.32109375 0.396875 0.11015625 0.1484375
0 0.27734375 0.57109375 0.125 0.1875
0 0.228125 0.15 0.0796875 0.1
0 0.2359375 0.28671875 0.0875 0.1484375
0 0.11328125 0.278125 0.0984375 0.18359375
0 0.0421875 0.18359375 0.071875 0.125
0 0.15625 0.18359375 0.08515625 0.10859375
1 0.45546875 0.30546875 0.04609375 0.1234375
0 0.59609375 0.7515625 0.17890625 0.26875
0 0.77890625 0.7421875 0.16640625 0.21640625
0 0.1625 0.05546875 0.07109375 0.09140625
0 0.0984375 0.10859375 0.0828125 0.1
0 0.5453125 0.90546875 0.20078125 0.1890625
