0 0.278125 0.18984375 0.090625 0.1109375
0 0.4328125 0.7859375 0.16015625 0.215625
0 0.78125 0.76328125 0.1625 0.20390625
0 0.2421875 0.48984375 0.11015625 0.165625
0 0.18828125 0.22890625 0.08046875 0.125
1 0.53359375 0.4 0.04453125 0.1140625
0 0.090625 0.26171875 0.0890625 0.13203125
1 0.4234375 0.28125 0.03984375 0.1140625
0 0.496875 0.59765625 0.1578125 0.20859375
0 0.0234375 0.12109375 0.046875 0.0984375
1 0.2484375 0.08125 0.02890625 0.07890625
0 0.084375 0.9203125 0.16875 0.159375
0 0.459375 0.18125 0.115625 0.1015625
