0 0.1921875 0.103125 0.07421875 0.10546875
0 0.23828125 0.2875 0.09609375 0.159375
0 0.271875 0.55078125 0.1421875 0.23203125
0 0.42890625 0.38359375 0.10703125 0.13046875
0 0.378125 0.48046875 0.11953125 0.171875
0 0.075 0.253125 0.096875 0.134375
1 0.7421875 0.6 0.06171875 0.18046875
1 0.4640625 0.3109375 0.03984375 0.1140625
0 0.01796875 0.1234375 0.0359375 0.0859375
3 0.0765625 0.0625 0.09140625 0.125
0 0.03046875 0.725 0.0609375 0.221875
3 0.6171875 0.671875 0.246875 0.3125
3 0.6078125 0.82421875 0.2953125 0.3515625
3 0.89453125 0.90625 0.2109375 0.1875
