0 0.315625 0.2359375 0.0921875 0.115625
0 0.5765625 0.5265625 0.14375 0.1875
0 0.2828125 0.521875 0.1125 0.17890625
0 0.6546875 0.8328125 0.1625 0.240625
0 0.2078125 0.253125 0.0828125 0.13359375
0 0.478125 0.853125 0.16015625 0.215625
0 0.4734375 0.58203125 0.128125 0.18046875
1 0.9375 0.7859375 0.06875 0.1640625
1 0.5796875 0.41484375 0.04765625 0.0875
0 0.103125 0.1046875 0.078125 0.109375
1 0.25234375 0.08984375 0.028125 0.08671875
0 0.03046875 0.12890625 0.0609375 0.125
1 0.2140625 0.053125 0.02578125 0.06953125
