0 0.39375 0.328125 0.11484375 0.1265625
0 0.52109375 0.65546875 0.134375 0.2015625
0 0.3546875 0.45546875 0.1078125 0.15390625
3 0.2796875 0.1875 0.09609375 0.18046875
0 0.16328125 0.0734375 0.06640625 0.0609375
0 0.16640625 0.36875 0.10625 0.184375
0 0.3078125 0.57578125 0.13203125 0.2515625
0 0.2296875 0.2625 0.09453125 0.146875
0 0.1546875 0.17734375 0.08515625 0.09609375
0 0.0421875 0.184375 0.0828125 0.14375
0 0.046875 0.696875 0.09375 0.234375
0 0.76796875 0.90625 0.1984375 0.1875
0 0.08671875 0.0890625 0.09375 0.103125
