0 0.22265625 0.446875 0.10078125 0.15546875
0 0.25546875 0.1515625 0.0859375 0.103125
0 0.47578125 0.6125 0.12890625 0.196875
0 0.4125 0.34609375 0.0953125 0.1359375
0 0.3015625 0.34453125 0.11484375 0.171875
0 0.15625 0.178125 0.07421875 0.121875
0 0.0765625 0.21953125 0.08046875 0.125
1 0.76015625 0.6375 0.0609375 0.16953125
1 0.565625 0.496875 0.040625 0.11796875
1 0.56328125 0.3984375 0.03125 0.09140625
0 0.0921875 0.07421875 0.0828125 0.1125
0 0.015625 0.103125 0.03125 0.10546875
0 0.93203125 0.9015625 0.1359375 0.196875
