0 0.2015625 0.11875 0.07578125 0.10546875
0 0.4125 0.371875 0.1015625 0.140625
0 0.1125 0.303125 0.08046875 0.140625
0 0.18828125 0.2453125 0.0828125 0.13046875
0 0.665625 0.84375 0.165625 0.23359375
0 0.265625 0.5265625 0.115625 0.175
0 0.0421875 0.17734375 0.084375 0.1296875
0 0.43125 0.5578125 0.1203125 0.18203125
0 0.65 0.609375 0.15 0.20703125
1 0.5421875 0.3921875 0.03203125 0.1125
1 0.5875 0.453125 0.0328125 0.10546875
1 0.6875 0.52578125 0.03828125 0.096875
0 0.0390625 0.4765625 0.078125 0.203125
