0 0.2453125 0.29921875 0.09609375 0.13359375
0 0.5671875 0.70859375 0.18125 0.2375
0 0.69296875 0.646875 0.1390625 0.18046875
0 0.1578125 0.196875 0.0765625 0.128125
0 0.3984375 0.5015625 0.13046875 0.203125
0 0.4171875 0.375 0.10234375 0.14140625
0 0.19296875 0.4140625 0.1078125 0.18046875
0 0.05546875 0.20625 0.0765625 0.13203125
1 0.6171875 0.46953125 0.0375 0.10859375
0 0.4078125 0.75078125 0.16328125 0.21796875
0 0.08125 0.07890625 0.08671875 0.09453125
0 0.1796875 0.065625 0.084375 0.090625
