0 0.3109375 0.609375 0.1546875 0.24296875
0 0.265625 0.3296875 0.10234375 0.165625
0 0.5015625 0.465625 0.1234375 0.146875
0 0.21796875 0.13828125 0.07734375 0.1109375
0 0.09453125 0.28828125 0.1046875 0.14296875
1 0.5984375 0.45390625 0.0421875 0.1390625
1 0.9546875 0.81796875 0.0875 0.18359375
0 0.43671875 0.55234375 0.115625 0.1875
0 0.025 0.1328125 0.05 0.1125
3 0.1 0.07890625 0.10625 0.1578125
3 0.68125 0.87578125 0.2875 0.2484375
3 0.709375 0.75234375 0.2515625 0.30703125
0 0.23359375 0.9203125 0.18125 0.159375
