0 0.140625 0.32109375 0.08828125 0.13203125
0 0.5953125 0.7359375 0.15390625 0.196875
0 0.5125 0.8671875 0.1796875 0.259375
0 0.315625 0.403125 0.09921875 0.14140625
0 0.2828125 0.57265625 0.11015625 0.225
2 0.36875 0.2390625 0.22421875 0.35546875
1 0.596875 0.446875 0.05546875 0.1484375
0 0.0421875 0.17890625 0.0796875 0.13046875
0 0.8296875 0.79375 0.17265625 0.19609375
1 0.94296875 0.79921875 0.06171875 0.16015625
3 0.1046875 0.084375 0.0890625 0.140625
0 0.0328125 0.696875 0.065625 0.2640625
0 0.8234375 0.9359375 0.178125 0.128125
