0 0.3765625 0.4703125 0.121875 0.16953125
0 0.3984375 0.7484375 0.1515625 0.20703125
0 0.26796875 0.3359375 0.08828125 0.13046875
0 0.346875 0.290625 0.09609375 0.1265625
0 0.2375 0.14140625 0.078125 0.12109375
0 0.096875 0.1109375 0.065625 0.09609375
0 0.1765625 0.22265625 0.08359375 0.115625
0 0.2 0.403125 0.1171875 0.2109375
0 0.10859375 0.27578125 0.103125 0.1375
1 0.284375 0.11171875 0.0265625 0.08203125
0 0.690625 0.8625 0.196875 0.275
0 0.078125 0.56328125 0.13359375 0.1875
0 0.015625 0.1125 0.03125 0.06640625
