0 0.1328125 0.14609375 0.0875 0.1265625
0 0.4375 0.5640625 0.13359375 0.16640625
0 0.271875 0.2046875 0.07734375 0.11953125
0 0.384375 0.3171875 0.0984375 0.13359375
0 0.459375 0.8109375 0.171875 0.271875
0 0.25859375 0.328125 0.0984375 0.16640625
0 0.246875 0.459375 0.1078125 0.19140625
0 0.67421875 0.8046875 0.1640625 0.2234375
1 0.31015625 0.14296875 0.0265625 0.09453125
0 0.10078125 0.29375 0.11015625 0.17421875
0 0.03828125 0.1421875 0.0765625 0.11796875
1 0.22265625 0.06875 0.03125 0.08203125
1 0.46484375 0.196875 0.046875 0.075
