0 0.4484375 0.5625 0.1375 0.190625
0 0.371875 0.67890625 0.15546875 0.20859375
0 0.16953125 0.371875 0.10625 0.171875
0 0.1625 0.19296875 0.0765625 0.11953125
0 0.3328125 0.265625 0.09296875 0.1234375
1 0.46171875 0.30546875 0.040625 0.14140625
1 0.5796875 0.428125 0.05703125 0.13046875
1 0.81015625 0.653125 0.0515625 0.1515625
1 0.303125 0.134375 0.034375 0.1109375
0 0.6109375 0.58359375 0.13515625 0.19140625
0 0.0390625 0.4546875 0.07734375 0.19609375
3 0.540625 0.184375 0.13359375 0.1734375
0 0.771875 0.89765625 0.23515625 0.20390625
0 0.2640625 0.8984375 0.17421875 0.203125
1 0.20546875 0.05390625 0.034375 0.078125
