0 0.415625 0.73046875 0.1703125 0.278125
0 0.2265625 0.27265625 0.07578125 0.12109375
0 0.359375 0.25859375 0.10703125 0.18046875
0 0.515625 0.6671875 0.140625 0.209375
0 0.2234375 0.4578125 0.11796875 0.18203125
0 0.090625 0.25859375 0.09765625 0.15859375
1 0.74375 0.5890625 0.06796875 0.125
0 0.753125 0.71796875 0.17109375 0.19765625
0 0.12578125 0.13515625 0.071875 0.1125
1 0.31484375 0.1453125 0.0328125 0.08671875
1 0.690625 0.9453125 0.05703125 0.109375
0 0.1046875 0.67421875 0.15 0.209375
0 0.04375 0.84609375 0.0875 0.2640625
3 0.1734375 0.06171875 0.10234375 0.1234375
0 0.0296875 0.1171875 0.059375 0.10390625
