0 0.64453125 0.821875 0.1796875 0.22109375
0 0.46171875 0.8234375 0.15234375 0.2375
0 0.0625 0.17109375 0.0875 0.1390625
0 0.2171875 0.42734375 0.11484375 0.19609375
0 0.3859375 0.50625 0.12734375 0.18359375
0 0.5046875 0.4359375 0.11171875 0.1609375
1 0.453125 0.29140625 0.0421875 0.1140625
1 0.884375 0.71328125 0.05859375 0.10703125
0 0.653125 0.65234375 0.1578125 0.17734375
1 0.634375 0.490625 0.0484375 0.1265625
2 0.30390625 0.18515625 0.20234375 0.28984375
0 0.1578125 0.184375 0.08359375 0.125
