0 0.2125 0.4609375 0.10859375 0.14296875
0 0.31875 0.2328125 0.09296875 0.1359375
0 0.2921875 0.35703125 0.0984375 0.15390625
0 0.7625 0.72109375 0.184375 0.209375
0 0.41328125 0.52421875 0.11796875 0.1734375
0 0.4359375 0.753125 0.14765625 0.221875
1 0.5984375 0.44375 0.05078125 0.140625
1 0.484375 0.3484375 0.04453125 0.146875
1 0.3875 0.22734375 0.03515625 0.12109375
0 0.11171875 0.259375 0.0828125 0.15546875
0 0.6765625 0.81328125 0.18671875 0.2625
1 0.84921875 0.69765625 0.053125 0.1296875
0 0.09921875 0.1 0.0875 0.128125
0 0.159375 0.04921875 0.06171875 0.0984375
1 0.2203125 0.05234375 0.02421875 0.07890625
