0 0.21953125 0.26484375 0.08515625 0.1359375
0 0.31875 0.39453125 0.1078125 0.14296875
0 0.3578125 0.65703125 0.1453125 0.19140625
0 0.43125 0.40234375 0.1140625 0.146875
0 0.44375 0.575 0.12265625 0.184375
0 0.6609375 0.6125 0.14453125 0.1859375
1 0.71875 0.56171875 0.040625 0.11796875
1 0.47421875 0.3109375 0.0390625 0.1109375
0 0.04140625 0.1375 0.0828125 0.128125
0 0.1140625 0.11015625 0.06640625 0.1015625
3 0.1671875 0.05078125 0.08046875 0.1015625
0 0.24765625 0.9015625 0.1890625 0.196875
0 0.7828125 0.8984375 0.18125 0.203125
