0 0.209375 0.1125 0.07734375 0.09453125
0 0.2953125 0.371875 0.09609375 0.15
0 0.584375 0.73203125 0.15625 0.2015625
0 0.41875 0.5328125 0.12109375 0.17890625
0 0.59609375 0.915625 0.18046875 0.1640625
0 0.22265625 0.25078125 0.0828125 0.1265625
0 0.1640625 0.3671875 0.11875 0.184375
0 0.0828125 0.24140625 0.09765625 0.15859375
0 0.1453125 0.1609375 0.0984375 0.128125
3 0.67421875 0.5734375 0.24140625 0.35625
0 0.01796875 0.1171875 0.0359375 0.09296875
0 0.07265625 0.07578125 0.0703125 0.09296875
0 0.959375 0.92890625 0.08125 0.14140625
