0 0.2453125 0.49921875 0.1203125 0.165625
0 0.53515625 0.6859375 0.153125 0.19609375
0 0.321875 0.390625 0.1125 0.171875
0 0.4328125 0.78984375 0.17265625 0.221875
0 0.3390625 0.27421875 0.0984375 0.1234375
0 0.6578125 0.64765625 0.1515625 0.18203125
1 0.5890625 0.47578125 0.040625 0.115625
1 0.703125 0.56796875 0.05234375 0.134375
0 0.05390625 0.21015625 0.0796875 0.1328125
0 0.09296875 0.11484375 0.06953125 0.096875
0 0.0953125 0.871875 0.190625 0.25546875
0 0.940625 0.390625 0.11796875 0.159375
0 0.15390625 0.04296875 0.0578125 0.0859375
0 0.746875 0.90703125 0.19765625 0.1859375
