0 0.3171875 0.3953125 0.1265625 0.165625
0 0.6265625 0.609375 0.13828125 0.190625
0 0.2515625 0.178125 0.08046875 0.121875
0 0.2796875 0.56953125 0.14609375 0.23203125
0 0.13125 0.14921875 0.08515625 0.128125
0 0.128125 0.30234375 0.11484375 0.16796875
0 0.5203125 0.659375 0.15703125 0.2515625
1 0.74375 0.596875 0.0578125 0.15390625
0 0.56953125 0.88359375 0.1828125 0.2328125
1 0.275 0.11328125 0.034375 0.096875
0 0.0265625 0.13984375 0.053125 0.12890625
0 0.8703125 0.859375 0.17109375 0.25859375
0 0.79609375 0.9515625 0.1828125 0.096875
1 0.953125 0.82265625 0.05546875 0.13203125
