0 0.25078125 0.171875 0.08203125 0.109375
0 0.4 0.69921875 0.1515625 0.20546875
0 0.50234375 0.47890625 0.12109375 0.153125
0 0.13046875 0.17265625 0.07421875 0.11796875
1 0.3984375 0.23984375 0.03828125 0.11796875
1 0.8296875 0.6765625 0.05078125 0.16640625
1 0.74609375 0.61953125 0.0421875 0.14453125
1 0.690625 0.525 0.03984375 0.10546875
0 0.690625 0.66875 0.14140625 0.20390625
0 0.609375 0.75859375 0.16015625 0.23046875
0 0.08203125 0.2265625 0.0953125 0.128125
0 0.16484375 0.06796875 0.08125 0.09453125
0 0.11484375 0.9296875 0.1828125 0.140625
