0 0.225 0.28046875 0.09375 0.128125
0 0.13125 0.3375 0.09765625 0.134375
0 0.446875 0.403125 0.12890625 0.1625
0 0.4421875 0.54765625 0.1671875 0.2265625
0 0.35625 0.646875 0.17109375 0.228125
0 0.62734375 0.784375 0.18359375 0.2765625
1 0.4671875 0.3125 0.04921875 0.10546875
0 0.11796875 0.1359375 0.07734375 0.13046875
0 0.7546875 0.7171875 0.16484375 0.20859375
0 0.03828125 0.14765625 0.0765625 0.1125
1 0.66796875 0.52890625 0.0515625 0.146875
1 0.37265625 0.21796875 0.0359375 0.1171875
1 0.25703125 0.10703125 0.025 0.08828125
1 0.28671875 0.1078125 0.0265625 0.08984375
