0 0.2375 0.15546875 0.0875 0.1015625
0 0.271875 0.5453125 0.12109375 0.17109375
0 0.07109375 0.228125 0.08203125 0.11796875
0 0.296875 0.37421875 0.09296875 0.1484375
0 0.20546875 0.24140625 0.0859375 0.13046875
1 0.371875 0.29921875 0.02734375 0.10703125
0 0.646875 0.828125 0.171875 0.20703125
1 0.4046875 0.41328125 0.034375 0.12109375
1 0.8765625 0.75 0.07109375 0.16953125
1 0.72421875 0.57734375 0.03828125 0.1328125
0 0.6390625 0.57734375 0.15078125 0.20703125
0 0.0265625 0.1015625 0.053125 0.078125
0 0.08125 0.9671875 0.1625 0.065625
