0 0.30703125 0.2296875 0.0953125 0.11640625
0 0.328125 0.41953125 0.103125 0.1625
0 0.68984375 0.85625 0.18671875 0.23203125
3 0.21484375 0.121875 0.08515625 0.159375
0 0.22265625 0.2546875 0.08359375 0.13046875
0 0.240625 0.484375 0.115625 0.2265625
0 0.1265625 0.30625 0.11484375 0.15703125
0 0.47421875 0.59296875 0.1390625 0.2109375
0 0.1453125 0.18203125 0.07734375 0.1109375
0 0.03203125 0.153125 0.0640625 0.15546875
0 0.08515625 0.09609375 0.0828125 0.1140625
3 0.915625 0.8375 0.16796875 0.325
