0 0.3234375 0.63125 0.12578125 0.16640625
0 0.51875 0.665625 0.13359375 0.20546875
0 0.22421875 0.125 0.07890625 0.1
0 0.4328125 0.359375 0.1171875 0.1484375
0 0.1859375 0.38125 0.09609375 0.15703125
1 0.35546875 0.2 0.03125 0.09609375
0 0.37578125 0.4625 0.1125 0.171875
0 0.15 0.165625 0.06640625 0.1390625
1 0.6015625 0.45703125 0.04765625 0.14453125
1 0.921875 0.77109375 0.07265625 0.18359375
1 0.73515625 0.60078125 0.05703125 0.15859375
0 0.06640625 0.5609375 0.1328125 0.19453125
0 0.615625 0.93125 0.16875 0.1375
0 0.8078125 0.91015625 0.20078125 0.17890625
0 0.95078125 0.92109375 0.0953125 0.1578125
