0 0.53359375 0.871875 0.18359375 0.25546875
0 0.2875 0.36484375 0.0953125 0.1484375
0 0.56328125 0.70859375 0.15390625 0.2015625
0 0.21953125 0.2453125 0.08203125 0.12109375
0 0.18203125 0.0859375 0.07421875 0.08359375
0 0.403125 0.5078125 0.11640625 0.171875
3 0.6015625 0.4921875 0.20390625 0.34609375
0 0.15078125 0.34609375 0.1109375 0.178125
0 0.06875 0.21796875 0.09453125 0.1359375
0 0.1296875 0.165625 0.09453125 0.12890625
0 0.01484375 0.10859375 0.0296875 0.06640625
0 0.87265625 0.8640625 0.2109375 0.271875
