0 0.53828125 0.5015625 0.12109375 0.16796875
0 0.7703125 0.740625 0.1890625 0.2015625
0 0.26640625 0.171875 0.0765625 0.13359375
0 0.175 0.20234375 0.0875 0.13203125
0 0.0921875 0.2765625 0.08984375 0.15859375
0 0.184375 0.41796875 0.11484375 0.1640625
0 0.290625 0.609375 0.1484375 0.2375
1 0.62421875 0.4765625 0.0390625 0.13359375
1 0.48046875 0.32890625 0.0390625 0.13359375
1 0.325 0.165625 0.03203125 0.1
1 0.2953125 0.11640625 0.0234375 0.07265625
0 0.2078125 0.8109375 0.18671875 0.253125
0 0.584375 0.9296875 0.18203125 0.140625
0 0.05625 0.54453125 0.1125 0.2234375
0 0.034375 0.11796875 0.06796875 0.1609375
0 0.1703125 0.06953125 0.0734375 0.1
1 0.22109375 0.053125 0.0265625 0.08359375
