0 0.42890625 0.534375 0.15078125 0.1984375
0 0.20703125 0.25390625 0.09453125 0.1484375
0 0.371875 0.32265625 0.1 0.146875
0 0.63203125 0.7828125 0.17578125 0.2609375
0 0.196875 0.409375 0.12109375 0.1890625
0 0.05546875 0.21640625 0.0859375 0.1359375
1 0.31796875 0.15390625 0.028125 0.1109375
1 0.628125 0.4859375 0.04609375 0.11953125
1 0.4171875 0.2546875 0.03125 0.09296875
0 0.40546875 0.7515625 0.1828125 0.271875
0 0.91015625 0.8859375 0.1796875 0.228125
0 0.16875 0.059375 0.07109375 0.0734375
