0 0.1703125 0.39765625 0.1046875 0.1484375
0 0.25546875 0.315625 0.096875 0.13203125
0 0.1359375 0.16328125 0.06875 0.10703125
0 0.0671875 0.2015625 0.07734375 0.1390625
1 0.45859375 0.30546875 0.04296875 0.1140625
1 0.32265625 0.18359375 0.028125 0.0984375
1 0.3609375 0.19375 0.03046875 0.096875
1 0.57734375 0.43828125 0.04140625 0.1265625
1 0.83828125 0.69140625 0.06015625 0.1359375
0 0.52578125 0.4921875 0.1421875 0.16953125
0 0.4890625 0.6125 0.178125 0.253125
0 0.43125 0.75625 0.17265625 0.26875
0 0.69140625 0.859375 0.18984375 0.28125
0 0.88515625 0.859375 0.203125 0.25859375
