0 0.353125 0.303125 0.09375 0.1265625
0 0.590625 0.7546875 0.15546875 0.21796875
0 0.37890625 0.48671875 0.1046875 0.15703125
1 0.428125 0.2671875 0.03203125 0.1125
1 0.5359375 0.384375 0.03359375 0.09453125
0 0.56328125 0.51171875 0.134375 0.19609375
0 0.1625 0.20625 0.09140625 0.13203125
0 0.08828125 0.259375 0.08125 0.13359375
1 0.45078125 0.31484375 0.03359375 0.1203125
0 0.225 0.471875 0.11484375 0.17578125
0 0.03125 0.13828125 0.06171875 0.1484375
0 0.18046875 0.07890625 0.0875 0.1140625
0 0.1546875 0.73984375 0.16328125 0.24296875
0 0.5203125 0.8921875 0.2140625 0.215625
