0 0.4 0.50078125 0.13125 0.17890625
0 0.303125 0.5828125 0.14140625 0.178125
0 0.121875 0.29296875 0.09921875 0.15390625
0 0.68125 0.8421875 0.18984375 0.25390625
0 0.2859375 0.2109375 0.08828125 0.109375
0 0.540625 0.4953125 0.12890625 0.159375
0 0.1390625 0.153125 0.08125 0.11953125
1 0.37109375 0.209375 0.0390625 0.1109375
1 0.48125 0.328125 0.04296875 0.12890625
1 0.6671875 0.51171875 0.05625 0.165625
1 0.2359375 0.0640625 0.03359375 0.078125
3 0.4546875 0.1609375 0.1296875 0.178125
0 0.13515625 0.703125 0.1578125 0.22890625
