0 0.484375 0.83984375 0.1546875 0.2265625
0 0.28046875 0.35546875 0.09375 0.15
0 0.09375 0.271875 0.0875 0.109375
0 0.4859375 0.41640625 0.12890625 0.14609375
0 0.1921875 0.0890625 0.07578125 0.09609375
1 0.45625 0.29296875 0.0375 0.0890625
0 0.753125 0.725 0.1515625 0.19296875
0 0.23359375 0.471875 0.1109375 0.16796875
1 0.2609375 0.10234375 0.028125 0.08828125
1 0.3125 0.15546875 0.0296875 0.1
0 0.4890625 0.584375 0.15078125 0.21796875
0 0.19140625 0.221875 0.0859375 0.1421875
0 0.0390625 0.12890625 0.078125 0.1640625
0 0.73984375 0.9015625 0.1671875 0.196875
