0 0.2296875 0.2921875 0.09453125 0.128125
0 0.33828125 0.4296875 0.1 0.15390625
0 0.6078125 0.58828125 0.13984375 0.171875
0 0.409375 0.3515625 0.10234375 0.16640625
0 0.22578125 0.4671875 0.125 0.184375
0 0.3453125 0.62265625 0.1515625 0.265625
0 0.471875 0.58359375 0.1546875 0.21640625
0 0.06015625 0.20625 0.09375 0.1265625
0 0.103125 0.12421875 0.07421875 0.109375
1 0.45625 0.29921875 0.0296875 0.109375
0 0.04375 0.4765625 0.0875 0.171875
0 0.5953125 0.22109375 0.09140625 0.10546875
0 0.778125 0.909375 0.203125 0.18046875
0 0.540625 0.91796875 0.1609375 0.1640625
0 0.15625 0.0453125 0.0640625 0.090625
