0 0.23515625 0.14296875 0.08203125 0.1140625
0 0.24296875 0.3140625 0.09140625 0.146875
0 0.22734375 0.49296875 0.11875 0.175
0 0.428125 0.390625 0.11484375 0.1640625
0 0.1421875 0.17421875 0.07265625 0.109375
0 0.0609375 0.20625 0.07578125 0.1265625
0 0.4515625 0.81796875 0.17265625 0.21953125
3 0.67890625 0.61328125 0.22421875 0.2703125
1 0.8484375 0.69296875 0.06484375 0.1078125
1 0.29609375 0.15078125 0.0328125 0.09140625
3 0.83515625 0.834375 0.3296875 0.328125
0 0.1640625 0.7953125 0.18984375 0.240625
1 0.25 0.07421875 0.02578125 0.08203125
