0 0.1046875 0.2921875 0.0875 0.128125
0 0.3125 0.40078125 0.10390625 0.1390625
0 0.3984375 0.6984375 0.16328125 0.25
0 0.559375 0.5375 0.1359375 0.1609375
1 0.5359375 0.38828125 0.04921875 0.1234375
1 0.42890625 0.271875 0.0328125 0.103125
1 0.3640625 0.2015625 0.03359375 0.103125
1 0.296875 0.14453125 0.028125 0.09453125
0 0.125 0.140625 0.06640625 0.11953125
0 0.32265625 0.23515625 0.10625 0.1515625
0 0.02578125 0.1234375 0.0515625 0.128125
1 0.14140625 0.05625 0.03125 0.0765625
0 0.30078125 0.91328125 0.196875 0.1734375
