0 0.246875 0.309375 0.09453125 0.13046875
1 0.27890625 0.1125 0.0234375 0.08359375
0 0.215625 0.40546875 0.11796875 0.20546875
0 0.3609375 0.296875 0.103125 0.1390625
1 0.4890625 0.34375 0.034375 0.1140625
2 0.7796875 0.6296875 0.43828125 0.55703125
0 0.45234375 0.5703125 0.1328125 0.19453125
0 0.0859375 0.25234375 0.08828125 0.1375
0 0.590625 0.88515625 0.20078125 0.2296875
2 0.121875 0.09609375 0.13984375 0.1859375
0 0.03203125 0.12265625 0.0640625 0.1515625
0 0.2109375 0.103125 0.078125 0.13046875
1 0.22421875 0.05625 0.03125 0.0765625
