0 0.303125 0.2265625 0.0828125 0.115625
0 0.18359375 0.22890625 0.07890625 0.121875
0 0.41875 0.53203125 0.115625 0.1625
0 0.18046875 0.40703125 0.1078125 0.15703125
0 0.5734375 0.70703125 0.1609375 0.209375
0 0.528125 0.8578125 0.19140625 0.284375
0 0.3609375 0.69296875 0.14453125 0.2484375
0 0.30703125 0.39375 0.1078125 0.14296875
0 0.06484375 0.23359375 0.075 0.1140625
1 0.83203125 0.78359375 0.18515625 0.228125
0 0.08125 0.0734375 0.0671875 0.09453125
0 0.134375 0.66328125 0.153125 0.209375
