0 0.275 0.33984375 0.10078125 0.1375
0 0.3453125 0.28671875 0.09375 0.12890625
0 0.20234375 0.1 0.0734375 0.1015625
0 0.20859375 0.2546875 0.08984375 0.1234375
0 0.68125 0.85234375 0.20546875 0.28359375
0 0.0484375 0.2078125 0.0828125 0.121875
0 0.4125 0.521875 0.13671875 0.209375
0 0.13984375 0.16640625 0.0796875 0.109375
0 0.37578125 0.69609375 0.1421875 0.221875
0 0.17109375 0.40234375 0.1015625 0.15703125
1 0.36171875 0.19609375 0.0296875 0.096875
0 0.82265625 0.80078125 0.16328125 0.19453125
