1 0.38125 0.496875 0.07890625 0.15078125
2 0.54609375 0.2078125 0.1125 0.1484375
1 0.65859375 0.1859375 0.028125 0.0703125
0 0.715625 0.35234375 0.11015625 0.146875
0 0.58203125 0.35546875 0.13828125 0.13515625
0 0.43359375 0.67109375 0.25 0.3453125
0 0.6328125 0.77109375 0.259375 0.43359375
0 0.1015625 0.82421875 0.20234375 0.3515625
0 0.23828125 0.8953125 0.3640625 0.209375
0 0.23984375 0.49140625 0.1953125 0.21015625
1 0.28203125 0.38359375 0.0671875 0.06875
0 0.75078125 0.1453125 0.03046875 0.03984375
0 0.3 0.2015625 0.034375 0.03046875
