1 0.68671875 0.740625 0.1234375 0.203125
1 0.0515625 0.409375 0.05 0.07265625
0 0.14453125 0.36015625 0.10234375 0.07265625
0 0.5203125 0.55390625 0.15703125 0.19453125
0 0.4875 0.75625 0.26640625 0.46015625
0 0.45390625 0.38125 0.06328125 0.05859375
0 0.290625 0.32109375 0.015625 0.0328125
0 0.28359375 0.3109375 0.01328125 0.02890625
0 0.5515625 0.37265625 0.0578125 0.0453125
0 0.60859375 0.36484375 0.05 0.04765625
0 0.66171875 0.38046875 0.04765625 0.03828125
0 0.74765625 0.38671875 0.028125 0.03828125
0 0.903125 0.94765625 0.19375 0.1046875
