1 0.5328125 0.45 0.0453125 0.11015625
1 0.484375 0.50078125 0.0609375 0.1328125
0 0.3703125 0.3203125 0.0953125 0.07109375
0 0.490625 0.28203125 0.0359375 0.05546875
0 0.43984375 0.23359375 0.02734375 0.03828125
0 0.46015625 0.221875 0.015625 0.02265625
0 0.4921875 0.2390625 0.03125 0.028125
0 0.55625 0.25546875 0.028125 0.034375
1 0.59296875 0.259375 0.009375 0.03203125
0 0.6953125 0.29140625 0.0296875 0.0359375
0 0.67421875 0.2734375 0.01953125 0.02890625
0 0.63125 0.25703125 0.01328125 0.02265625
0 0.61875 0.25703125 0.01796875 0.0171875
0 0.60390625 0.24765625 0.0140625 0.02109375
2 0.784375 0.321875 0.12421875 0.09921875
0 0.79609375 0.3671875 0.08671875 0.0671875
0 0.9671875 0.44296875 0.065625 0.0796875
0 0.86796875 0.34921875 0.04375 0.0453125
0 0.9171875 0.36953125 0.0421875 0.03046875
0 0.98046875 0.39453125 0.028125 0.0421875
0 0.91015625 0.38515625 0.06171875 0.053125
0 0.446875 0.4453125 0.1359375 0.1734375
1 0.51171875 0.3578125 0.04375 0.078125
