1 0.20625 0.8734375 0.2453125 0.2484375
0 0.03515625 0.67890625 0.0703125 0.2921875
0 0.01875 0.3140625 0.03671875 0.090625
0 0.37265625 0.3453125 0.1515625 0.0796875
0 0.415625 0.42421875 0.16484375 0.10546875
0 0.44296875 0.57890625 0.23828125 0.23671875
1 0.47578125 0.34140625 0.05390625 0.09765625
3 0.33984375 0.2796875 0.12265625 0.07265625
0 0.5859375 0.27578125 0.02890625 0.05703125
0 0.5609375 0.23828125 0.025 0.0453125
0 0.6078125 0.25078125 0.0234375 0.04375
0 0.61796875 0.23984375 0.01796875 0.0328125
0 0.65625 0.25234375 0.02578125 0.03046875
0 0.6890625 0.36640625 0.03828125 0.06640625
0 0.70859375 0.315625 0.0421875 0.0671875
0 0.7484375 0.3296875 0.05234375 0.07265625
0 0.8375 0.35546875 0.0640625 0.07265625
