1 0.509375 0.125 0.0265625 0.0625
3 0.1453125 0.06875 0.034375 0.053125
3 0.17734375 0.09921875 0.05390625 0.06875
1 0.484375 0.1 0.02734375 0.03828125
1 0.4921875 0.11796875 0.0296875 0.06640625
0 0.553125 0.090625 0.0453125 0.0671875
0 0.61328125 0.12890625 0.0640625 0.06484375
0 0.58828125 0.08671875 0.0203125 0.0515625
0 0.6140625 0.08046875 0.0203125 0.0265625
0 0.5890625 0.065625 0.015625 0.025
0 0.646875 0.084375 0.02265625 0.028125
0 0.68984375 0.1015625 0.0296875 0.0234375
2 0.72265625 0.090625 0.075 0.059375
0 0.0703125 0.096875 0.05078125 0.04375
0 0.08046875 0.10546875 0.0390625 0.05703125
0 0.03046875 0.18515625 0.0609375 0.10546875
