1 0.70390625 0.49375 0.05625 0.1546875
3 0.78671875 0.35390625 0.1328125 0.1734375
0 0.69921875 0.24375 0.0703125 0.10078125
0 0.90390625 0.3453125 0.05078125 0.07421875
0 0.5328125 0.16640625 0.05390625 0.05546875
0 0.51953125 0.13828125 0.028125 0.03046875
0 0.46640625 0.11640625 0.0265625 0.03984375
0 0.4953125 0.1234375 0.01640625 0.028125
0 0.4234375 0.10234375 0.021875 0.025
1 0.4484375 0.11953125 0.009375 0.0328125
0 0.278125 0.50625 0.3171875 0.196875
0 0.21953125 0.771875 0.4390625 0.45625
