1 0.6140625 0.40625 0.04296875 0.10390625
1 0.5734375 0.37890625 0.040625 0.11015625
1 0.51875 0.3875 0.05078125 0.09296875
1 0.71484375 0.58671875 0.0796875 0.18984375
0 0.91796875 0.609375 0.1203125 0.16171875
0 0.92734375 0.8015625 0.1390625 0.28671875
0 0.8609375 0.48359375 0.13125 0.1609375
0 0.70625 0.440625 0.12421875 0.1140625
0 0.6578125 0.36015625 0.06875 0.08671875
0 0.71328125 0.3578125 0.06484375 0.0796875
0 0.62109375 0.29765625 0.07265625 0.0625
0 0.5515625 0.27578125 0.0515625 0.0625
0 0.5265625 0.27890625 0.034375 0.06328125
0 0.5125 0.33984375 0.05703125 0.06640625
