3 0.21875 0.146875 0.02890625 0.05
3 0.25234375 0.14765625 0.0234375 0.046875
0 0.20546875 0.246875 0.0390625 0.0515625
0 0.2796875 0.25703125 0.0390625 0.0546875
0 0.6140625 0.2640625 0.04453125 0.06171875
0 0.42578125 0.36796875 0.053125 0.06640625
0 0.8796875 0.4703125 0.07109375 0.08125
0 0.52734375 0.815625 0.10078125 0.14609375
0 0.9421875 0.89375 0.115625 0.203125
0 0.9359375 0.42890625 0.06875 0.11875
0 0.1359375 0.165625 0.02890625 0.07109375
0 0.16640625 0.1515625 0.028125 0.05703125
0 0.5078125 0.16796875 0.03125 0.0453125
3 0.4828125 0.15546875 0.04140625 0.0703125
