3 0.55625 0.14140625 0.05078125 0.09609375
0 0.196875 0.19609375 0.03515625 0.04609375
0 0.60625 0.21171875 0.03515625 0.0453125
3 0.34375 0.2234375 0.04140625 0.09375
2 0.14609375 0.228125 0.05859375 0.125
0 0.2671875 0.23125 0.03828125 0.04921875
0 0.64765625 0.240625 0.03828125 0.0515625
0 0.2171875 0.24140625 0.034375 0.03984375
3 0.47890625 0.2890625 0.08203125 0.1015625
0 0.72734375 0.29140625 0.04921875 0.0515625
0 0.2265625 0.31328125 0.04921875 0.09140625
3 0.4890625 0.4203125 0.06796875 0.1484375
0 0.70234375 0.4484375 0.06875 0.10078125
0 0.375 0.48671875 0.0640625 0.09453125
0 0.22734375 0.6765625 0.07421875 0.12109375
0 0.478125 0.74375 0.084375 0.13828125
0 0.30546875 0.18046875 0.034375 0.059375
0 0.2875 0.159375 0.028125 0.05390625
0 0.36171875 0.18125 0.03046875 0.05
3 0.6109375 0.15390625 0.05 0.1046875
3 0.67890625 0.19140625 0.0484375 0.103125
0 0.5375 0.2828125 0.0578125 0.06328125
