3 0.56796875 0.64453125 0.08359375 0.04140625
3 0.67578125 0.65234375 0.06953125 0.03203125
0 0.6640625 0.68125 0.05390625 0.02109375
3 0.3640625 0.6921875 0.09296875 0.06484375
0 0.62421875 0.725 0.06953125 0.0265625
0 0.24140625 0.740625 0.10546875 0.0953125
0 0.87578125 0.7796875 0.1 0.04765625
3 0.40390625 0.81328125 0.0984375 0.05859375
3 0.6703125 0.81875 0.21328125 0.13984375
2 0.4328125 0.68046875 0.05546875 0.0640625
3 0.20390625 0.67421875 0.08359375 0.0546875
0 0.1296875 0.67734375 0.04609375 0.02578125
0 0.14375 0.6609375 0.04609375 0.0296875
0 0.08125 0.6515625 0.04609375 0.025
0 0.04140625 0.64375 0.03671875 0.0171875
2 0.24296875 0.63828125 0.07421875 0.03671875
0 0.30703125 0.64296875 0.0390625 0.02578125
0 0.3046875 0.6703125 0.034375 0.0328125
3 0.41171875 0.64921875 0.05546875 0.021875
0 0.728125 0.740625 0.0859375 0.040625
