0 0.59140625 0.546875 0.01796875 0.025
3 0.521875 0.55625 0.0171875 0.03203125
0 0.434375 0.55703125 0.01953125 0.02421875
0 0.621875 0.57890625 0.02421875 0.02890625
3 0.4046875 0.5859375 0.0375 0.06015625
3 0.81875 0.596875 0.07734375 0.09140625
0 0.5734375 0.6015625 0.02421875 0.0296875
0 0.6421875 0.65 0.03203125 0.04453125
3 0.93125 0.71171875 0.09140625 0.11015625
0 0.76640625 0.81953125 0.06796875 0.09375
0 0.69140625 0.840625 0.065625 0.109375
0 0.459375 0.509375 0.01640625 0.0265625
0 0.5 0.50625 0.0140625 0.02109375
0 0.503125 0.525 0.0140625 0.02890625
0 0.5734375 0.53359375 0.015625 0.028125
0 0.590625 0.5125 0.0140625 0.02265625
0 0.65625 0.61328125 0.02890625 0.05390625
3 0.5 0.4828125 0.01171875 0.03203125
3 0.58046875 0.48984375 0.0234375 0.03046875
0 0.5890625 0.57734375 0.02734375 0.03828125
0 0.46484375 0.4734375 0.009375 0.0125
0 0.478125 0.46640625 0.009375 0.009375
0 0.48671875 0.4625 0.00859375 0.01328125
