0 0.94296875 0.5265625 0.1140625 0.0875
3 0.571875 0.278125 0.0734375 0.04453125
0 0.42734375 0.28046875 0.03203125 0.0140625
0 0.15 0.290625 0.04296875 0.0203125
0 0.440625 0.30234375 0.04609375 0.02421875
0 0.72421875 0.32421875 0.059375 0.02578125
0 0.5953125 0.371875 0.07421875 0.03828125
0 0.89375 0.39375 0.109375 0.05078125
0 0.52109375 0.4484375 0.109375 0.07265625
0 0.51953125 0.3046875 0.0671875 0.046875
0 0.11328125 0.26796875 0.03671875 0.0234375
0 0.4921875 0.24140625 0.0265625 0.0125
0 0.51484375 0.2390625 0.02265625 0.009375
0 0.5984375 0.2375 0.03046875 0.01484375
0 0.3890625 0.22734375 0.0171875 0.009375
0 0.40703125 0.225 0.01796875 0.00625
