3 0.471875 0.4796875 0.0109375 0.02421875
3 0.61015625 0.4859375 0.01953125 0.03515625
0 0.50078125 0.515625 0.0125 0.0203125
0 0.53125 0.5375 0.0140625 0.0234375
0 0.65 0.53828125 0.01796875 0.02421875
0 0.61875 0.58203125 0.02109375 0.02890625
0 0.32421875 0.634375 0.04296875 0.0390625
0 0.54453125 0.70546875 0.034375 0.05703125
0 0.70859375 0.74921875 0.05 0.06796875
0 0.515625 0.50234375 0.015625 0.01875
0 0.57421875 0.4828125 0.01328125 0.0234375
0 0.4921875 0.471875 0.0078125 0.0171875
0 0.50390625 0.47421875 0.01015625 0.01484375
