0 0.58828125 0.5328125 0.1109375 0.04921875
3 0.34921875 0.33046875 0.05390625 0.04140625
3 0.50546875 0.34296875 0.06171875 0.04765625
0 0.746875 0.37734375 0.06015625 0.0265625
3 0.5890625 0.38828125 0.103125 0.075
0 0.440625 0.40390625 0.06484375 0.0265625
0 0.93359375 0.4328125 0.078125 0.03203125
0 0.41796875 0.45078125 0.08125 0.03515625
0 0.5453125 0.4640625 0.08515625 0.0421875
3 0.76640625 0.48671875 0.15859375 0.12109375
0 0.39609375 0.49609375 0.109375 0.04921875
0 0.7140625 0.4140625 0.0765625 0.04453125
0 0.85625 0.415625 0.07890625 0.046875
0 0.70390625 0.365625 0.06953125 0.03515625
0 0.63515625 0.3375 0.034375 0.02578125
0 0.415625 0.35078125 0.0578125 0.0328125
3 0.55 0.33125 0.04375 0.0328125
3 0.59375 0.340625 0.053125 0.0296875
0 0.39921875 0.321875 0.04453125 0.021875
0 0.31640625 0.309375 0.0234375 0.01171875
0 0.30703125 0.30078125 0.0234375 0.01328125
0 0.34453125 0.29765625 0.0359375 0.015625
0 0.39765625 0.296875 0.04375 0.01328125
0 0.446875 0.30390625 0.03515625 0.01484375
0 0.43515625 0.3140625 0.03203125 0.0109375
0 0.44921875 0.3234375 0.03828125 0.01953125
0 0.4875 0.3125 0.03203125 0.01171875
0 0.5359375 0.31015625 0.03984375 0.0140625
0 0.58125 0.321875 0.03828125 0.01484375
0 0.59609375 0.30703125 0.02890625 0.01171875
0 0.5921875 0.296875 0.03046875 0.0109375
0 0.63984375 0.296875 0.0296875 0.01328125
0 0.6453125 0.31484375 0.01484375 0.0140625
0 0.66328125 0.31796875 0.02890625 0.015625
0 0.69140625 0.3265625 0.03515625 0.0171875
0 0.69609375 0.31484375 0.03046875 0.015625
