3 0.728125 0.178125 0.07578125 0.13828125
0 0.45859375 0.22109375 0.0390625 0.0609375
0 0.33984375 0.24296875 0.0375 0.05
3 0.9359375 0.403125 0.0703125 0.1359375
0 0.821875 0.41484375 0.0640625 0.0890625
3 0.53671875 0.46953125 0.10625 0.22421875
0 0.63828125 0.49609375 0.071875 0.090625
0 0.2765625 0.534375 0.0765625 0.11640625
0 0.74921875 0.67265625 0.090625 0.12109375
0 0.9453125 0.69296875 0.10234375 0.14296875
3 0.4625 0.4109375 0.0671875 0.14453125
0 0.809375 0.565625 0.10078125 0.13359375
0 0.32265625 0.21015625 0.03828125 0.053125
0 0.3203125 0.1578125 0.02890625 0.04921875
0 0.34453125 0.15390625 0.02265625 0.040625
0 0.26640625 0.1546875 0.02265625 0.03671875
0 0.1765625 0.15859375 0.03125 0.03984375
0 0.63125 0.16875 0.02734375 0.0359375
2 0.66875 0.1484375 0.0515625 0.06328125
