0 0.73359375 0.53203125 0.090625 0.04296875
0 0.34921875 0.53828125 0.1046875 0.0421875
0 0.07109375 0.7203125 0.14140625 0.08828125
3 0.4015625 0.340625 0.046875 0.02890625
0 0.55625 0.36796875 0.03828125 0.015625
0 0.803125 0.37265625 0.04296875 0.015625
0 0.3578125 0.37734375 0.046875 0.02109375
0 0.80078125 0.39296875 0.04921875 0.021875
0 0.040625 0.4140625 0.08046875 0.03203125
0 0.571875 0.4171875 0.05859375 0.02421875
0 0.38203125 0.44765625 0.0703125 0.03046875
0 0.37265625 0.34296875 0.03359375 0.01953125
0 0.3640625 0.3546875 0.0453125 0.02265625
0 0.46328125 0.3375 0.0375 0.0171875
0 0.5296875 0.33671875 0.034375 0.01796875
0 0.60234375 0.33046875 0.0265625 0.0140625
0 0.58984375 0.32109375 0.02578125 0.0109375
0 0.67890625 0.34375 0.03046875 0.015625
0 0.703125 0.3328125 0.03671875 0.0203125
0 0.7390625 0.32265625 0.02578125 0.0125
3 0.79453125 0.303125 0.02109375 0.015625
